31 0 0 1 2 0
 0.00000000000000e+00  0.00000000000000e+00  0.00000000000000e+00  0.00000000000000e+00
 6.62185392427981e+00  0.00000000000000e+00 -8.03647857536029e+00  0.00000000000000e+00
 4.45035746747822e+00 -5.94304109967311e+00 -2.93727552889427e+00 -6.28946001502612e+00
-1.77333375789005e+00  0.00000000000000e+00 -1.87980983357404e+00  0.00000000000000e+00
 2.36848363530374e+00 -1.67505527837319e+00 -3.86849471394684e+00 -1.28644163823822e+00
 1.29322614977514e+00 -4.90493735645517e+00  1.40574741516774e-02 -1.77377079308270e+00
-9.99467600303316e-01  0.00000000000000e+00  6.05162780850172e-01  0.00000000000000e+00
-4.77618615615437e-01  1.49016637347760e+00 -1.18981128978060e+00  6.20474365014184e-01
-1.20018741806105e+00  1.15203328124342e+00 -1.11062637006465e+00 -9.35322929485864e-01
 1.47570111469355e+00 -1.14419938373033e+00  5.03059008455006e-01 -1.24871982611025e+00
 2.38235151768669e-01  0.00000000000000e+00  1.40732520909257e+00  0.00000000000000e+00
 1.29600258994341e+00  2.47002687491953e-01 -2.05931504259757e-01 -4.58850441172940e-01
 8.73394659617738e-01  8.75712575068038e-01  1.65353617883036e-01  2.77180174343204e-01
-1.89452159534624e+00 -8.05916183823218e-02  2.28363499033502e-01 -1.30838493059520e+00
-2.87202570891239e-01  2.74669256522142e+00  3.00720529825560e-01 -3.27030928681127e-01
-1.05439854573537e+00  0.00000000000000e+00 -6.46986440743535e-02  0.00000000000000e+00
-6.70897534443822e-02 -3.04672201783308e-01  1.31384329721483e+00  6.43792449618487e-02
 7.65394816293752e-01 -2.63403482817765e-01 -6.76594542544517e-01 -3.59801035707876e-01
 1.26452410399611e+00 -6.90005034602307e-01  2.29003544739960e-01  1.50838321654915e+00
-2.21916508271985e-01 -1.64314160274598e+00  1.05030737346768e-01  4.54862185217253e-02
-1.63972909268350e+00  1.34975219814004e-01 -5.09115566937633e-01  8.03461054412653e-01
 2.37775332787445e-01  0.00000000000000e+00 -6.19913090376722e-01  0.00000000000000e+00
-1.93610624358458e-01  6.19865609666073e-01 -2.46677768942702e-01  8.47237459513973e-02
-1.19487484893543e-01 -4.53440065549431e-02 -3.45485182771132e-02 -1.13835321297492e-01
 1.93107386012016e-02 -5.20265234141186e-02 -5.69634901175834e-02 -4.39739518311614e-01
 1.68373133019277e-01 -6.54339070646283e-02 -8.23478814397308e-02  5.76393915831328e-01
-1.12817810081822e-01  6.87626468772551e-02  1.94319101242773e-02  5.19663608801348e-01
-5.72492629970804e-01 -1.18013854443133e+00  2.17150737786762e-02  6.05206900591660e-01
 2.44924198975257e-02  0.00000000000000e+00  7.64345357917550e-01  0.00000000000000e+00
-2.38246948100237e-01  8.46521010175027e-02 -3.41271396505689e-01  1.53568955029860e-02
 3.42999536838503e-01  3.05519155810516e-01 -6.03263131506600e-02  2.89226877009208e-01
 1.69776538747364e-01  1.49242904621076e-02 -4.60403760568180e-01 -3.63255543409170e-01
-7.25899040590355e-02  7.18269499121923e-02  5.91184286390398e-01 -6.72010543834530e-02
-2.40171044420852e-01  2.36608875939409e-01 -4.60078809091507e-02 -5.96370213535339e-02
 1.05695806378413e-01  9.19961024462247e-01 -5.00829383395031e-02  1.53760080554002e-02
 8.65235191956051e-01 -1.57955699385756e-01  1.47724421686752e-01 -3.66949648204899e-01
-4.33544002224514e-02  0.00000000000000e+00 -3.91102357631377e-01  0.00000000000000e+00
-3.04225480912155e-01 -4.00549601069296e-01  5.25425467693161e-01  2.13026808788901e-01
-5.21188886783247e-01  1.36475160467346e-01  1.60800773812611e-01  1.25088717063614e-01
 9.45511244441006e-02  1.82911640851813e-01 -3.23800126984270e-01  2.11273428167970e-01
-1.20616210807339e-01 -1.02235593885187e-01 -4.70893144389480e-01 -1.77988371961981e-01
-3.45296589813804e-02 -1.92220421748245e-01  2.12408767927935e-01  5.02825146439315e-02
-6.51052436456721e-02  7.94900123006714e-02 -2.35497425944207e-01 -2.89405542223535e-01
-4.67826220881307e-02  5.82421239898309e-01 -1.14157213349273e-01 -2.69254773829546e-01
 5.94479362189891e-01  7.93692879292958e-01  4.88293137608941e-02 -4.97104321912599e-01
-1.83246504446154e-02  0.00000000000000e+00 -3.47311869659775e-01  0.00000000000000e+00
 1.06398612510080e-01 -2.32517784365959e-01 -2.41075780294320e-02 -3.94121493741481e-01
-1.30395520409702e-01  5.36049385667803e-02  1.00920167882605e-01 -1.68810016313094e-03
-6.74659304224609e-03  1.02136721807970e-01  3.15722585026801e-01  3.82554357679563e-03
 9.76411514360073e-02  3.86778032522526e-01 -1.57295880939358e-02  2.69368163282154e-01
-2.14099722256671e-01 -2.80256710411537e-01 -1.47380966837304e-01  8.66002125466450e-02
-1.75739930352460e-01  7.69168418034712e-02 -1.11232617082107e-01  6.91831463096881e-02
 2.29076477939708e-02 -1.14224790764209e-01  3.49178578580600e-02 -1.65603777555921e-01
-9.35260009050797e-02 -3.30386306463466e-01 -1.19252899543262e-01 -4.87248078106528e-02
-3.86171372799744e-01  1.78498660328554e-01  2.05749991421618e-02  1.65346605622896e-01
-5.47248957405847e-02  0.00000000000000e+00  1.24209011249644e-01  0.00000000000000e+00
-1.90885781604870e-01  1.45872757245784e-01  3.90342418164533e-03  7.23582112924573e-02
-1.07159819004077e-01 -1.12096175551700e-01  1.40499348763196e-01 -1.61709184900237e-01
 1.17308410179428e-01  7.50900340906345e-02  3.32523713425656e-02  2.20136840724257e-02
 3.64387081466885e-01 -5.80375784948489e-02  2.25767436422123e-01 -7.89885487307177e-02
 1.22080373606882e-02 -1.28304652602153e-02 -2.09502515170037e-02  2.50302877389561e-01
-2.52083072971523e-03 -7.84632201828957e-02  7.58334833967452e-03  4.89995520898567e-01
-2.97887184184468e-01  1.90728207309360e-01 -1.26588249218536e-01  4.48367002807002e-03
 1.76161450226371e-01 -5.30027159733553e-02 -5.92992221003501e-02  4.75212709391369e-02
 1.12547596449997e-01 -9.68554722885305e-02 -1.99282184397990e-02  1.67832864680690e-01
-3.83629802328946e-01 -9.42043108376113e-02  2.60674808360491e-02  1.70115538848042e-01
 2.37124489872829e-01  0.00000000000000e+00 -5.59961033407378e-02  0.00000000000000e+00
 1.35277178482263e-01  2.96826616882986e-01 -9.47651038935870e-02  2.25146893233392e-01
-8.60173956348565e-02 -3.94578609467744e-03 -1.28631228740192e-02  6.07909386435831e-02
-3.11315909303985e-01  9.59604274748157e-02 -2.01892739675863e-02  7.01114783157832e-03
-1.44065218239985e-01  5.68529761461269e-02 -1.27608763326806e-01 -7.95086754834921e-02
 1.59670224956905e-01  9.91044067199505e-02  1.23181935420647e-01 -7.21587793816003e-04
 1.30327472459968e-02 -2.42158621891472e-02 -7.57469792134250e-02  2.52769822106906e-02
-2.67010437165811e-03  1.51003101419764e-01 -1.13076568578913e-01  2.50996881098372e-01
-1.49061273182645e-01 -2.30516467483077e-02 -8.97995418580337e-02 -3.35552532875852e-02
 2.91535230405597e-01  1.16414894297278e-02 -6.01622440715729e-02  2.00129613621931e-01
-6.23174504190820e-02 -2.99570795479682e-01 -5.55988535229135e-03  1.65709648363827e-01
-2.69838795362879e-02 -1.36068570824894e-01 -1.17310966473275e-01  4.60438473179212e-02
 7.86657435495281e-03  0.00000000000000e+00  6.90859254741499e-02  0.00000000000000e+00
 1.62223569937776e-01 -1.34640954115512e-01 -2.32255156214714e-02 -1.75327129005928e-01
 9.49876438185146e-02 -2.47568783394604e-02 -8.43870844407677e-02  1.05438738649001e-01
 1.87646626785906e-01 -4.10166957651621e-02  1.93512540421154e-03  5.63353815698777e-02
-1.78055522110676e-01  1.02227366664601e-01 -1.06366113612559e-01  9.30168886908798e-05
-6.43807161748813e-02  4.56342407666706e-02 -6.34608212042159e-02 -3.72797692962590e-02
-1.25759968983760e-01 -1.82514563306519e-02  1.19049831597174e-01 -1.24161505052548e-01
-6.04360463584803e-02  2.24009841282435e-01 -5.25933412599080e-02 -9.84087927664706e-02
-8.39394166156233e-04  2.72805908531017e-01  4.74021936245217e-02 -9.92243575990466e-03
-1.15395243984371e-01  9.19554816523763e-02  2.63136436486503e-02 -1.44885434250723e-01
 9.35283618833327e-03  4.21982313801456e-01  1.67649035119081e-02  7.35308841118636e-02
 2.24334319368108e-01 -1.62955198387323e-01 -4.16278351137676e-02 -6.31783407303129e-02
 1.53771788751927e-01  5.84634770861495e-02 -3.46360025645012e-02  5.29014080756564e-03
-7.97357813550703e-02  0.00000000000000e+00 -1.14445901093191e-01  0.00000000000000e+00
 4.90177514001025e-02 -8.26363380236136e-02 -1.75155956455694e-02 -1.53876642188347e-02
-1.05998197478342e-01 -1.89623056309348e-01  1.65808950359139e-02 -7.85614396510160e-02
-9.29388032001809e-02 -1.85248536761249e-01  8.53542546005461e-02  3.59284715771563e-02
 3.10498734698222e-02 -1.42663151082397e-02  4.46959357142762e-02  3.32540738308566e-02
 2.92447724287032e-02 -5.25404486026628e-02 -1.49353558848602e-01 -1.38396800501181e-02
 8.23093346223040e-02 -8.88848020604965e-02 -3.72788173541849e-02  8.21090526278773e-02
-1.24407303786627e-01 -2.78542397116066e-01  1.78889245596205e-02  4.76502368257144e-02
 6.91323056821803e-02  1.57101585609677e-02  2.59060363685953e-02 -1.67089461993362e-01
 2.52596395924679e-02  4.17968831961104e-02  1.06754777686115e-01 -3.04129856657386e-04
-4.16473670180351e-03 -2.60194948184461e-03  2.17076185212848e-01 -5.81790922457631e-02
-3.01909584871030e-01  1.74595567113663e-01  2.86956074565677e-02 -7.64212182533170e-02
 2.43515673321601e-01  1.68075561459807e-01  9.69843397387863e-02 -5.97435024371917e-02
-1.24515042379554e-02  1.05703204294080e-01  1.15160415758923e-01  2.99400858939178e-02
 3.02173088247381e-02  0.00000000000000e+00  8.27721776856939e-02  0.00000000000000e+00
 9.59631878615740e-03  7.42075789215094e-02 -4.21416975309193e-02 -1.60683844249664e-02
 1.40714199766453e-01  7.30448611514257e-02 -1.17912865384873e-01  1.15552349686362e-02
-7.25001449038863e-02 -7.47832724947562e-02 -2.62311521054217e-02 -3.44114373151867e-02
-8.39608943192142e-02  1.04636445052058e-02  2.04718566289866e-01  1.54274002185679e-02
-1.42348190988861e-01  5.37617556112901e-03  9.76987252170539e-02  2.01494426014191e-02
 3.81325740181787e-02  3.01065704870073e-02 -1.07356084292767e-01  4.29971043086770e-02
-1.03977092438673e-01 -1.28868515711317e-01 -9.62608911794118e-02  8.11955941441917e-02
-1.43304429400334e-01 -1.21652442416622e-01 -1.27835385607697e-01  6.45517294101603e-02
-2.55380429122931e-03  2.22773335575119e-02 -1.09839424403734e-02 -1.01650816390350e-01
 1.97112242594698e-01 -1.78477346219459e-01 -1.98955455922914e-02 -1.78187019499923e-02
 1.37723162107455e-01 -9.01719632404406e-02  1.67560568937691e-02  1.70013316327574e-01
 7.61413534715508e-03 -2.51088135904537e-01  3.38294566667062e-02 -5.98505847318783e-02
 9.10304735953995e-03  9.08637668157084e-02  4.41190349390369e-02  1.24603620678619e-02
 1.82321136838569e-02  7.81020163396549e-02  8.92195823299905e-02  3.31153346004950e-02
-2.75619344674904e-02  0.00000000000000e+00  7.52683270309279e-02  0.00000000000000e+00
-8.42303493715466e-03  5.17239368705833e-03  3.61234978461147e-02  2.39522617623814e-02
 3.07160780873472e-02  5.32267012507866e-02  3.08018496998038e-02  4.34823290771220e-02
 1.37352934544288e-01  5.11458995167834e-02 -5.00058934273969e-02 -5.42529343294255e-02
 4.61863456745099e-02 -2.73177180998814e-02 -7.13417270041227e-02 -4.86624381768286e-02
-1.06249348547240e-02  3.23908490044964e-02  1.00538893919267e-01  7.44005259222736e-03
-2.14559290633456e-02  4.76813515848444e-02  7.87466082874413e-02  3.61932452880455e-02
 1.88306175500398e-02  1.44434700882823e-01 -7.74974237864419e-03  8.90331577602754e-02
-8.07495205638172e-02  5.50170431203915e-02 -1.23758914025251e-01  1.91442894487734e-02
-1.04448586311240e-01  1.61579290244432e-01 -1.60540066004371e-02 -5.12809305343029e-02
-1.19187079416086e-02 -2.30142246003416e-02 -4.80977996528015e-02 -8.14869212993500e-02
 9.18923325922219e-02 -3.97155196382020e-02 -1.11563964957923e-01 -3.43059465467039e-02
-2.13956579854835e-02  1.11973316886392e-02 -6.39311468072728e-04  9.53566220516661e-02
 1.32542748175110e-01 -1.40691893818761e-01  4.49529513216061e-02 -1.07289703360168e-01
-1.81085421891978e-01 -2.50866383140783e-01 -1.71349913669607e-02  5.25796006872281e-02
-1.69278767466565e-01  7.23345448753076e-03  6.51087940154892e-02 -5.15915046381177e-03
-9.37220370404498e-02  0.00000000000000e+00 -4.64546025015562e-02  0.00000000000000e+00
 1.73986685987632e-02  7.32984749627982e-02  1.58628400420823e-02  2.69177478351825e-02
-3.26242723289457e-02 -9.46800843640786e-03 -3.92022847215632e-02  9.46703138499886e-04
 7.82804688250652e-03  3.31076118134021e-02  3.32519342039998e-02  4.36221652711739e-02
-8.23253384393268e-02 -4.63176185711998e-02 -4.14128570626590e-02  1.34718137424803e-02
 4.83806189200474e-02  1.91640667056384e-03 -4.08634184075352e-02  4.37681015628342e-03
 9.87071938679123e-03 -4.01198008994204e-02 -1.58107516681721e-03 -8.61686052194370e-02
 4.69335273087400e-02 -5.88406187893016e-03  1.20432586070874e-02 -2.54702635028932e-04
 2.80290200199413e-02 -2.06280588435209e-03  9.56756629766824e-02  4.43036479833991e-02
-1.20087618198319e-02  7.65858070541800e-02 -1.26888076736013e-01  3.18860554987107e-02
-4.38956796758691e-02  1.24056059471780e-01  4.14768131386773e-02  1.73154041295233e-02
 7.23903782132040e-02 -1.79518858528835e-03 -2.64959563314674e-02 -1.63932289143243e-02
-1.39122580217772e-02 -2.56682017922226e-03 -3.61345293626094e-02 -5.48458680058944e-03
-1.06724964766523e-01  2.81768477400094e-02  1.28218451291516e-02 -7.01631906399028e-02
 8.83542699869428e-02  1.73255554580266e-01 -1.70627014690560e-02 -5.14776611790894e-02
 7.70722286268823e-02 -2.21608714908134e-01 -4.63381269412473e-02 -5.53936045481116e-02
-9.30442207367584e-02 -2.81791449051750e-02 -1.13626012605637e-02 -8.96664370573097e-02
-2.17748373926495e-02  0.00000000000000e+00  3.10000696827770e-02  0.00000000000000e+00
-4.91128398752953e-02 -7.32847664863336e-03  4.31093138402600e-02 -3.50865429069169e-02
 2.43435068226674e-02  4.03279455534010e-02 -2.81296858078059e-02 -3.19371768044149e-02
 9.22516318428788e-02  1.01282866409793e-02 -3.76269218778628e-02  1.94581728282188e-02
 3.02405357222393e-02 -2.71161383615155e-03  2.75813274024427e-03  2.00384241893731e-02
-3.68139126003901e-02 -5.90590600199064e-02  2.30089568072576e-02 -1.90814757707319e-04
-9.48457756205485e-02  2.60110296727277e-02 -4.88433324641235e-02  1.54935074737157e-02
 4.11368192040622e-02 -7.28973325868795e-02  2.09095983723769e-02 -4.13287556546060e-02
-8.28378984494957e-03 -5.92567210426287e-02 -3.43454987331899e-02  1.31947717143667e-02
 2.04193935037376e-02 -9.91990000137684e-02  5.43909050607881e-02 -1.34981679684582e-02
 4.05936618653614e-03  1.78223801963697e-03 -4.25593733087876e-02  2.95236078043104e-02
-2.88200375537245e-02 -2.60055718265537e-02  5.77023562442844e-02  6.50311725792237e-02
-5.75191886744121e-02  4.79617926573610e-02 -2.29419150268606e-02  1.97717232867879e-03
 3.78289350451693e-02 -6.74725976807954e-02 -1.68670194235942e-02  2.70346831277619e-02
-4.61451399415121e-02 -6.58418393650021e-02 -3.23012403434667e-02 -3.11060400910186e-02
-1.15111632073894e-01  1.67427898075685e-01 -3.84807568922843e-02  2.59587727709505e-03
 1.23874764312169e-01 -1.67560081404199e-02 -5.77221117556015e-02 -8.55821944597109e-02
 3.57132533119687e-02  3.34247749354301e-02 -5.21416673867673e-02 -1.78108937617140e-02
 2.51618883520202e-02  0.00000000000000e+00 -1.58894166456437e-02  0.00000000000000e+00
-2.62103535024960e-02 -2.45536022461389e-02  4.20333366676756e-03  1.75287296259230e-02
 5.91721969790017e-03  1.06692781853857e-03  3.64386267546334e-02 -2.14305877787902e-02
-3.77827992250113e-02 -2.49904844813339e-02 -2.42671837894363e-02 -4.78013499792096e-02
 7.50905390982980e-02 -1.34261417001515e-02  1.69722262890289e-02 -1.59056671004283e-02
 5.00728741503669e-02 -2.48610517268747e-02 -2.65131809561956e-02 -2.97125230738593e-02
 4.59415974969107e-02  1.88946549815805e-02  4.82901411059631e-02  3.17416152320335e-02
-5.96479483607777e-02 -2.05590270163323e-02 -2.54606282327124e-02 -1.43159808465972e-02
 2.09499105297100e-02 -3.82625914240493e-02 -3.81381491013345e-02  1.07447406275634e-02
-5.71634799640177e-02 -6.57581358166063e-02 -1.44956143554862e-02 -7.47510101432336e-04
-3.21803702509965e-02  3.77904556679757e-02  2.69231928154506e-02 -3.90387930760411e-02
 4.74839291229342e-02  1.64950362033487e-02  3.56820714127117e-02  2.43261382460466e-02
 7.63619172571696e-03 -2.52090148252713e-02  2.42359044980705e-02  8.86361248845565e-02
-6.43235150828018e-02  4.42583188520528e-02 -2.45546413339734e-02 -2.97359208341784e-02
 5.24893638927882e-02  1.23130875230022e-02 -4.63526075573483e-02  2.30859870870750e-02
 1.13726575008014e-02 -5.89236400748052e-02  3.64588849203602e-02  5.46101099613359e-02
-1.34648346988884e-01 -9.48149162946089e-04 -8.29700022012820e-02 -1.34733085431141e-03
 5.63899420947089e-02  1.35329244925656e-02 -2.84516647759782e-02  4.36430364952918e-02
 4.70102259723352e-02  6.66560942959105e-02 -4.19719078177107e-02  4.80980981523986e-02
 3.45542186382607e-02  0.00000000000000e+00 -3.83490686831342e-03  0.00000000000000e+00
-9.26343746298855e-03  1.84963581968403e-03 -7.33426317993182e-04 -3.25914306944661e-03
 5.34598363847723e-03  3.10771367878026e-02  1.08413638480080e-03  1.74513292089213e-02
 6.40863186454758e-03  2.75125081587857e-02  3.77037970830839e-03  1.55471236274072e-02
-1.63531645064900e-02 -7.31696873329444e-03 -1.01818102268372e-02 -1.09956961423935e-02
-9.22499515404344e-03  5.17954837893982e-03  1.64662527276315e-02  1.08174345929759e-02
 1.64851603892647e-02 -2.22245047459555e-02  2.28967520873167e-02 -4.42024052004077e-02
-4.82706436425676e-03  3.60926481085123e-02  1.59257704040073e-02  1.62884760727311e-02
 9.33764259798136e-03 -1.22457652650350e-02 -5.42105041184639e-03 -9.29462371374482e-03
-2.43403325678051e-02  2.23218185477256e-02 -2.93482441422288e-02  6.13648194122773e-02
-3.22784379891337e-02 -6.23402171552334e-02 -8.68633381719634e-03 -2.67688606323066e-02
-2.19050144790146e-02  7.49970963819483e-02  8.53887152318486e-03 -5.58012043643142e-02
 9.74196208215300e-02  7.23721024601162e-03 -5.50803644195230e-03  1.44598169824559e-02
 5.43949594753419e-02 -2.45477171226268e-02 -4.54533023403293e-04  3.66724692236903e-02
-6.16291957399932e-02  1.22401474623875e-03 -4.36193232815715e-03 -5.79373657690505e-04
 5.44324870693636e-03  3.70231372918772e-02  1.60791494026305e-02  1.44318645086390e-02
-3.84869051598052e-02 -1.25711724134738e-03  4.62949608182476e-02  2.36707194511740e-02
-6.01691913524589e-02  1.66575515722530e-02 -2.40152609367251e-02  2.47360199260072e-03
-5.93364283950438e-02  4.01129231377674e-02  3.40847001033029e-02  5.21728069679662e-02
-6.20611473515913e-02  7.64343900132740e-02  2.26208289597855e-02  1.54127792923593e-02
-8.76291007530045e-03  0.00000000000000e+00 -5.75219284068029e-03  0.00000000000000e+00
 2.01794476793401e-02 -1.93312444614717e-02 -3.36408881469839e-03  2.14345821312231e-03
-4.09887945231843e-02 -2.64238079128166e-02  2.15910938398992e-02  4.95362574033086e-03
 1.17715150413175e-02  2.60380728329291e-02  4.51326288085301e-02  4.48022679353891e-03
 1.97161055738767e-02  7.00544558699885e-03 -4.38813723872042e-02  2.17235939588040e-02
 3.05251947752399e-02  1.38889677624960e-02 -1.71500158215062e-02 -4.01163909422305e-03
-1.78688894823359e-02 -1.46883954863392e-02 -8.75452649574714e-03 -9.16683842387809e-03
-4.32958747012657e-03  5.26010185855618e-03  4.60716752399077e-02  4.16923033917663e-03
 4.14939999640952e-03  1.05823237214384e-02  1.13968599531964e-02 -2.65408931835635e-03
 3.02832492677838e-02  3.44266511790161e-02  7.38123628262856e-03 -2.05999436238404e-02
-5.93727873475520e-02  1.72222300775050e-02 -2.99594780823911e-02  1.99744550611343e-02
-1.75751701032360e-02  4.28431878184810e-02  1.18652710203273e-02 -6.59000082619614e-03
-3.74539333125424e-02  7.57659909865091e-05 -7.29658294329861e-03 -5.67464700159773e-02
 5.04284688542921e-02  2.32870593156398e-02 -2.39094452738375e-02  1.47967141871166e-02
 8.50897321386191e-03  2.15721781150574e-03  1.38254483520224e-02 -4.14831100562493e-03
-3.17459801426092e-03 -2.41480301512842e-02  4.97966044332977e-03 -6.03406547308989e-03
 1.71154997229621e-02 -1.11013609891260e-02  2.12516270659560e-03  6.88240100136049e-03
 1.34899990447527e-02 -2.11225074047509e-02 -4.37086232203582e-03  7.73107512674920e-03
 6.31940423608291e-03  2.59381391284495e-02  4.31344862656087e-02  2.50483890000103e-02
-1.58859357554446e-02 -3.98393592142865e-02  1.17386398560642e-02  1.01805440673178e-02
-1.07171917789326e-02 -2.53347294281509e-02  2.52465655973617e-02 -7.38079777418223e-04
-1.42117484761947e-02  0.00000000000000e+00 -1.49022128621419e-02  0.00000000000000e+00
-6.26203804920354e-04  2.10415057029649e-02 -2.97661058260255e-03  1.32088475781073e-03
-2.13584294573078e-02 -2.17290367602982e-02 -1.25559059707020e-02  7.72350011773074e-04
-4.10350455668337e-02 -1.10696001093306e-02 -1.97259651110756e-03 -2.03279361089522e-03
-2.86529044805771e-02  5.88151387076850e-03  3.38915005484167e-02  1.25727764836793e-02
 3.77891921127885e-03 -1.32375441463460e-02 -2.22879568024276e-02 -3.25550098068981e-03
 1.18835756714285e-02  1.88516292299774e-02 -1.07870875579421e-02 -5.00023205387424e-03
 1.95737638117766e-03 -3.91135952865979e-02 -3.24478055892459e-02 -2.31005985457138e-02
-1.81570965352083e-03 -1.26931107081286e-02  2.74553981134338e-02  7.97974467460420e-03
 2.91585479792991e-02 -2.25416343163681e-02  2.59586996222862e-03 -1.41778799633856e-02
 2.58960373589936e-02  5.66286987600879e-03  3.39834901220842e-03  1.04911092044978e-02
-8.77149065029087e-04 -4.91306669784906e-03  6.16097089097916e-03  3.98862698532888e-03
-1.43917376954604e-02  3.52996176774089e-02  3.11737691763778e-03  2.84948444191349e-02
 5.71360447161514e-03 -2.08647733233347e-02 -1.13058071949778e-02  1.01237220405204e-02
-2.63094050194513e-02 -6.12583500687939e-03 -4.30372061213263e-03 -1.32600746899955e-02
-3.59021781244715e-02  2.52869938418566e-02  5.12180268773538e-03 -1.27427240638001e-02
 9.75037198075212e-03  5.06112848076607e-02  1.48109462488588e-02 -2.28952484983233e-02
 7.99726319140279e-03  9.74488662047422e-05 -2.18254702951974e-02 -3.09126747598598e-02
 4.19633343550390e-02  1.75225404675651e-02 -9.99525304182318e-03  1.61150223466869e-02
 3.93138785154724e-02  3.34796058987788e-02  1.91378408975980e-02  8.14388210190070e-04
 2.97097913398908e-02 -5.07428552187753e-02 -1.33156560964379e-02 -1.23999436523003e-02
 4.38185017556629e-02 -1.69971328220493e-02  4.16685514179044e-03  8.61691703688502e-03
 2.14791140547867e-02  0.00000000000000e+00  6.48786833509549e-03  0.00000000000000e+00
 7.22646082894475e-03 -1.93955107173784e-03 -6.45126550284411e-03 -2.35328856460250e-03
 8.66152407694956e-03  1.93147722263481e-02 -6.86159020750787e-04  1.19491433462688e-03
 1.14843136147778e-02  3.90045550815019e-03  2.23105134401081e-04  3.96503242025720e-03
-4.69605639468948e-03  2.26755283208158e-02 -7.92008032296166e-03 -1.55488571647405e-02
 4.14337377008139e-03 -1.60385643908584e-03  1.47056279087421e-02  1.07167201495931e-02
-2.08794910798455e-02  1.41290170774683e-02  7.93156998989940e-03  9.99343562936080e-03
 2.88944939811980e-03  1.12408221671097e-02  5.02159527727000e-03  1.72609893011970e-03
 6.35159947556292e-03  1.66896249831024e-03 -2.79016714453378e-02 -1.74505829418585e-02
-1.36059797463800e-02 -2.00680295165805e-02  2.19924377402788e-03 -5.46692874936901e-03
 2.28403912866586e-02 -2.73422369009065e-02  1.57613572545257e-02 -1.51943057374420e-02
-2.59621057772089e-03 -3.19628043540408e-02 -1.61699948884008e-02  1.48388198763147e-02
 1.60106859431576e-02  1.29243540977104e-02  1.41046525852626e-02  9.17154594652507e-03
 3.94134225198717e-03  1.12455361275094e-02 -3.12833734911201e-03  3.03347355143683e-02
 1.75413095440465e-02  5.47346628504210e-03 -1.56274766340233e-02  1.41403596350279e-02
 4.52789841826925e-03 -3.70528970985285e-02  8.58202954174678e-03 -7.74121246185558e-03
-7.63648570279923e-03 -1.94616093419882e-02 -5.36892830683825e-03  1.51174581890520e-02
-1.37736109493313e-02  2.85184312482751e-02  1.12945824043789e-02  8.18333473739171e-03
 5.41662665969535e-03 -7.03101535275752e-03 -1.12734204652491e-02 -2.78861188592689e-02
-5.31313016155096e-04  1.74048527512592e-02  1.27945675257117e-02  9.33576438751967e-03
 2.19383130262439e-02  4.98579708081599e-02 -6.12423894823539e-03 -1.35464892183204e-02
 3.37743106300128e-02 -3.25028689238682e-02 -8.70586275503378e-03 -1.45393579229208e-02
 1.21191827065354e-02  3.53469952836890e-03 -2.77522375784817e-03  7.72106894770088e-03
-3.42131696809154e-03  0.00000000000000e+00  1.21245163757252e-03  0.00000000000000e+00
 1.35157582967654e-02 -6.46413418577442e-03 -9.08565407009915e-03  3.46978701337456e-03
 1.50459409311988e-02 -1.30032870322500e-02 -2.69300741152220e-03  2.49002814761970e-05
-1.54270794539325e-03 -5.38456537888188e-03  1.39225753974627e-02 -3.25117375457648e-03
 3.07898097011867e-03 -8.49076299911271e-03  7.56793783074850e-03 -4.74584850458415e-03
 1.71846404445880e-02  1.81362558519715e-02 -8.17724195509909e-03 -7.01308299853967e-03
 3.23367830519095e-02 -1.63845841324627e-03 -1.18043263552094e-03 -4.48168796581407e-04
 1.15005950207984e-03  9.54566636759035e-03  1.80589974135745e-02  1.09424618735783e-03
 5.31054348929423e-03  1.74896972946624e-02  7.01471753465607e-03  2.38976823497593e-03
-9.91880878565822e-04  6.11924777925730e-03 -1.28246805203004e-03 -1.17362569477826e-03
-2.43814817085633e-03  1.67356198377189e-03 -2.05363269667050e-03  5.81600040807996e-03
-1.79205847235180e-02 -9.25015915930124e-03  6.65045319285609e-03 -1.36420665871628e-02
-2.20534068404098e-03 -8.43938708981111e-03  6.95482757146328e-03  7.12618711177810e-03
 8.45838963812072e-04  7.94388104289033e-03  1.58067074319374e-02 -8.01805225732114e-03
 1.85336054343569e-03  2.62811221430330e-03 -6.76948889906030e-03  2.33482622783272e-02
-1.14231138603099e-02  6.31148923413008e-03 -1.11529855708943e-02 -7.90439079903348e-03
 9.90600854400730e-03 -4.45887756224596e-03 -1.07361641014527e-02 -1.07037421864094e-03
 1.09870508447556e-02 -2.30744932981742e-02  5.59876855252663e-03  1.83910903055663e-02
-2.69036484290527e-02 -1.03567929044753e-02 -6.63854834357360e-03  1.16410959083830e-02
 1.35672107856226e-02 -6.10745660274914e-03  2.11460528334724e-03  3.82946180708405e-03
-1.60771302291576e-02 -2.33871409476363e-02  1.12733901403114e-02 -1.68903813559136e-03
-3.17398696656450e-02  3.43527803699316e-02 -5.92958020248158e-03 -9.46188982665950e-03
 1.87916367034934e-02  7.33333393083500e-03  4.60114358473668e-03 -3.69498520371263e-03
-2.03482914907361e-02  1.84170849271681e-02  5.19762297911415e-03 -1.44838629891868e-02
-7.05158889460094e-03  0.00000000000000e+00  2.44697990260207e-03  0.00000000000000e+00
-3.87828464481851e-03  1.15711775922560e-02  8.58583509134799e-04 -3.86860931401899e-03
 8.83152472882710e-04  8.01715509605262e-04 -7.29323348413937e-03 -5.80468743430048e-05
-3.47301508398197e-03 -7.91838367514616e-04 -9.81204232958604e-03  6.58375022060964e-03
-9.66678399859661e-03 -1.04703182710010e-02  6.29146089436940e-03  7.77598282563105e-03
-2.10935129534292e-02 -2.15316623698470e-03  2.90596770368239e-03  4.86924478017853e-03
-4.90733274037523e-04 -8.29379555945723e-03 -5.32581729731121e-03 -9.73100475938359e-03
 9.74240374540282e-03 -2.00135393244010e-03 -1.51793481311222e-02 -2.82827809810231e-03
 1.04257373462966e-02 -3.60832539586927e-03  1.61996643690582e-02 -8.82378412309863e-04
 5.72675771210224e-03  4.11652933601206e-03  3.25208385310813e-03 -2.37522689501756e-03
 5.36265958856876e-03 -2.67862902590962e-03 -2.65020841642348e-03  5.79013070420309e-03
 4.02167598514578e-03  4.18202006551437e-03  1.04658772875896e-03  3.85154203210916e-03
-2.23443891563357e-02  2.60156366805361e-03  4.55040692756576e-03 -1.09917307547875e-02
-7.07236974341702e-03  1.76056972219859e-02  9.01627624892230e-03 -3.18609197364360e-03
 1.13385896681104e-02  9.75133663432548e-03  5.36643669326912e-03 -1.55962915550904e-03
 6.66490224446693e-03  6.76743802356297e-03 -3.29585304697729e-03  3.55599277224491e-03
-1.93875928432628e-02  7.83174403112412e-03  1.32196301823220e-02 -5.76266007811337e-03
-4.63288425220286e-03  1.50758718561500e-02 -2.78738072264431e-03 -6.22899039877000e-03
 1.10294572970764e-02  2.29220340039170e-03  8.61051290263617e-03  6.50739909497182e-03
-1.59943792438057e-02 -3.29954612923176e-03 -3.69204580159936e-03 -5.13482072891013e-04
 1.28322204138252e-02  7.28351662857474e-03 -1.85889693510891e-03  1.09954004395207e-02
 9.93436426141145e-03 -4.22918263937534e-02 -1.96893789578444e-03  3.20333815824236e-03
-2.84771624113998e-02 -2.00533660826116e-02  9.88508077371037e-04  4.49751372969864e-03
-1.32996839758042e-02  2.29221405467474e-03  8.65111444894959e-03  7.69270420718338e-03
-1.81333813921946e-02 -1.35476139657873e-02  7.83124665961776e-04 -7.18594874882877e-03
-3.78115745972238e-03  0.00000000000000e+00  4.29431131027554e-03  0.00000000000000e+00
 4.09531924508941e-03 -1.32643126543099e-03  1.11858225369835e-03  1.07647459000848e-03
 1.99835891921343e-03  3.92648123980208e-03 -1.59543910699809e-03  1.47649407105858e-03
 4.20805489738089e-03 -5.63509662457436e-04  2.75056553185397e-03 -3.08154575452568e-03
-4.46005610499938e-04  3.08744852158360e-03 -8.02647768272439e-03  5.29911398520199e-04
-4.07707649397697e-04  1.22975771133935e-03  4.74890830994433e-03  5.11567555582784e-03
-1.31796313754290e-02  2.63591902383987e-03 -2.18381493958151e-03  7.07152980572129e-03
-3.53614437406871e-03 -1.41140532564146e-03 -1.45757660614690e-03  2.03503461597654e-03
-8.89945905509895e-03 -2.15058462527485e-03 -6.38733500852874e-03 -3.38666953518220e-03
 4.64075882436384e-03 -2.31668890079897e-03  5.51585007420157e-03 -4.46325968856448e-03
-1.48091870010328e-03 -1.44422141471916e-03  4.65582810344209e-03 -7.97899722357709e-03
 7.61054083076256e-03  1.94925430913052e-03  6.04454546617562e-03  3.19020466374871e-03
-5.59354211423288e-03 -4.92864756831245e-03  1.82575389002604e-03  6.33005133406305e-03
-3.33968004389348e-03 -1.93648865934599e-03  3.96482617086289e-03  1.76675320262267e-03
-1.65641140314076e-03  4.32971772938112e-03  2.33989202271020e-03 -5.60884972583945e-04
 1.45945240794828e-02 -4.86522367259357e-03 -5.06142838043321e-03  2.76375728114121e-03
 3.68078905354706e-03 -2.36934992227933e-03  2.65582171545402e-03  2.58154043197473e-03
-2.91114743828031e-03 -1.24692986311471e-03  1.13422912852957e-02  2.05096942877202e-03
 3.96868397738623e-03  7.45877831918777e-03 -3.54137278253794e-03 -4.62105787540926e-03
 1.44408540117588e-02  1.19935360446886e-02  1.02866094885443e-03  3.29762682518894e-03
 4.47160224678459e-03  7.56947851662686e-03  6.93681957090002e-03 -8.67358126076144e-03
-1.87150959762968e-03  1.60184353841761e-02 -7.84035645295235e-03  1.01385628653900e-03
 2.06015435880918e-02 -8.60203515769830e-03  2.32423613143977e-03  3.21015982548862e-03
 7.10206698590448e-03 -5.97033274728356e-03 -4.24658252955304e-04  1.50039653389673e-03
-1.18318590590951e-02  2.45302004224181e-03 -3.69968573660129e-03 -5.73718192789180e-04
 8.31527523298688e-03 -6.81600257709154e-03 -3.62792663047343e-03  4.06196694082601e-03
-1.01426871012179e-04  0.00000000000000e+00  1.13728241407076e-03  0.00000000000000e+00
-1.80509618713020e-03 -8.67534429678029e-04  1.30674408470758e-03 -2.62591326012132e-03
 2.12796771225675e-03 -1.03866325663820e-03 -1.22643539966619e-03  1.49666256644481e-03
 2.77309513995304e-03 -5.73436717108621e-03 -2.27966849901823e-03 -1.91198465273844e-03
 6.05867228213143e-05 -2.83302687720697e-03  3.73105829738220e-03 -3.29816782434356e-03
-6.61530723948036e-04 -3.28347999608170e-03  3.30617618686000e-03 -2.28239629055051e-03
 8.52531459261622e-04  2.90513408901948e-03  3.12089808009838e-03  4.55164975618660e-03
 3.39116170646239e-03  1.08000317393092e-03 -2.77195805473025e-03  2.71502503959188e-03
-2.67335923140984e-03  1.74766780921481e-03 -3.47936419942472e-03  6.14646305157547e-04
-4.05560960783562e-03 -2.12237437144890e-04 -2.27906139495429e-03  3.42144802513498e-03
 3.64078554621891e-03 -2.55078250250720e-05  9.49760185394623e-04 -1.53021084470016e-03
 3.28170977989076e-03 -1.44702853763541e-03  3.17857440409987e-03 -6.69718678687035e-03
 1.67525851858285e-03  3.57694200762788e-03  2.84710020201926e-03  1.46940160119227e-04
-6.12822480536339e-04 -1.98691037793161e-03  3.14108810131502e-03  6.15581104342875e-03
-1.04891025851089e-03  4.32853260235429e-03 -2.75422940674281e-03  4.73141628219054e-03
 8.59599403147374e-05 -3.22719570340049e-03 -6.77000093755047e-04  1.73773063400128e-03
 2.68797456368475e-03 -2.99332854977376e-03 -1.79833162010349e-03 -1.06637497158445e-03
 1.21628813344500e-03 -8.04208639163202e-03  3.99861682238617e-03  2.56270436879400e-03
 2.73200122674961e-03 -8.44255276003728e-04  3.93992992398833e-04  3.46679875412729e-04
 3.86645613432877e-04 -3.55800455024563e-03 -8.82590395231310e-04 -2.27374185483844e-03
 4.22443883155371e-03 -2.57863509062578e-03  4.98866294099187e-04  2.97874765137279e-03
 4.63287824743290e-03  4.58145741622482e-05  4.52618696168404e-03  1.32867012628681e-03
-5.40948886602703e-03 -1.79001077071155e-03 -2.66127606334478e-03 -3.85364925277382e-03
 9.63554217884226e-04  5.67363540161147e-03  4.88130922940522e-03  8.93342359127009e-04
 8.96067281594222e-03  1.01611524280311e-02  4.59313270607552e-05 -1.76870996508311e-03
 1.49244338150472e-03 -7.36167629094457e-03 -5.95851146769406e-03 -1.43393822833292e-04
 2.88860416788777e-03  6.69327994745618e-03 -1.68281898779550e-03  3.20095611396259e-03
 1.05731482489351e-03  0.00000000000000e+00  2.09377912013332e-04  0.00000000000000e+00
-2.60494625027515e-04  1.27386922549508e-04 -1.23295195947689e-03  1.24997249652453e-03
-1.25479218942246e-03  1.78292496792704e-03  1.52119948922769e-03 -1.63783348567130e-03
 1.84548435637288e-03  1.43703917797414e-03 -3.92420064616472e-04  9.24803892476706e-04
 9.76704953531408e-04  6.91599427859361e-05 -3.49241009434989e-03  1.53581601252708e-04
-1.38161110470080e-03 -7.83108494695562e-04  5.46942947176814e-04 -3.39843478353664e-04
-3.28030694145331e-03 -2.35132546363928e-03  1.66781585481997e-03 -1.47412718422564e-03
-1.98612069761810e-03  1.47821605452648e-03  1.24071017187211e-03  1.40989517735633e-03
 3.39990526507133e-03  4.39489655354838e-03 -3.49199271937781e-04  1.46752879158869e-03
-1.66335322041707e-03  2.66059341281891e-03 -3.08026047588770e-03 -2.84306872110828e-04
 1.45258365304225e-03  1.56200784749910e-03 -2.49419083080683e-03  3.69974471402929e-04
 3.64920651442196e-04 -6.94731066913319e-04 -3.24206957302999e-03 -3.10422168731431e-04
 4.04068810068150e-03 -1.10249272365529e-03  1.25639303836043e-03 -1.20491062166607e-03
 5.56144440002897e-04 -1.78398213994765e-03  2.64029311116978e-04 -2.14257929882507e-03
 1.98116916419741e-03  2.41052117771066e-03  3.21789819628495e-03  3.57286764327734e-03
-7.38629791133480e-04  4.24458344486221e-03 -5.61741154562870e-04  3.80680503936930e-03
 9.49801722857816e-04 -2.29165185966808e-03 -1.59541467639743e-03 -7.07319976896109e-04
-4.37201740492269e-03 -1.39686038405125e-03 -1.23459995347338e-03 -1.43872516482637e-03
 2.50704624313824e-03 -1.25064646350964e-03  2.96145308981554e-03  3.17396488583899e-03
-2.73263359999760e-03  7.02501285375755e-04 -3.08928654547814e-03  9.46372319388433e-05
-3.55875258793201e-04 -1.18545626520743e-03  4.21210301976059e-04 -1.08681797404663e-03
-1.42632512194947e-03 -3.70687170020323e-03  9.61176850028956e-04 -1.41592068655367e-03
-1.59428140385070e-03  1.55649018827326e-03  1.10617247700397e-03  1.53378625895205e-03
 3.30808053420910e-05 -3.42717305653802e-03  1.38353525655473e-03 -3.74181354541635e-03
-4.72089852910796e-03 -1.10169981451543e-03  1.89923888002471e-04  9.44773835240154e-06
 1.71025980845039e-04  5.96940962286027e-03  7.11860433919422e-04 -9.90466143358389e-05
 6.61959990132612e-03 -3.59542457768493e-03  4.14542096101582e-04  1.22580998683133e-03
-1.28308333076598e-03  3.74466229390474e-03  1.76245151696143e-04 -6.20306124368399e-04
-6.66757565195424e-04  0.00000000000000e+00 -1.33814212644340e-03  0.00000000000000e+00
-3.69093922297682e-04  1.08908533860632e-03  5.57542050027436e-04  1.64973549179894e-03
-5.42020970799540e-04 -1.21178198174723e-03 -2.14570284570315e-04  3.34215474947291e-06
 1.81556125224192e-04  1.22171000900738e-03  8.47571761547009e-05 -4.32999629218620e-04
 7.22227859421086e-04 -4.46603226957150e-04 -4.32005465420520e-04  3.68381610534528e-04
 5.29374043998859e-04  1.31500732336147e-03 -1.53979783607040e-04 -1.87358980689853e-05
 3.19769344913602e-04  3.82839420565294e-05 -6.52804831196116e-04 -1.09084035458351e-03
-5.63441135339984e-04 -2.40762235236603e-04  1.65456978679489e-04 -6.36323095105734e-04
-5.04971125351491e-04  1.58277353543371e-04  1.81758366059345e-03  7.21354690651287e-04
 1.98992105225259e-04  1.48305682329229e-03  1.45818576320008e-03  1.26270482743706e-03
 1.06317991840370e-03  1.62006270926232e-03 -9.84414435677307e-04  2.95512370223541e-04
 3.53394947318929e-04  2.52415737664754e-03 -1.31072010971037e-03 -1.08089411538159e-04
 2.51496263612193e-04 -1.83359359686631e-03 -4.19127159189455e-05 -3.89816788524768e-04
-7.33060269832241e-04 -9.91323116654763e-04 -6.70748173448056e-04  2.47225733363433e-04
 1.79285123454979e-04 -1.54601765891852e-03  8.35823358703869e-04 -1.86500118345371e-03
-5.97636718862865e-04  2.13917075959945e-03  1.16215699664157e-03  8.04152969144395e-04
 1.15261677501496e-03  2.21730394850679e-03  6.15924815097273e-04  2.52230603138064e-04
 4.47538645854332e-04  1.06215845191493e-03 -2.38499500248453e-04 -1.02397462373890e-03
-2.59619285632882e-04 -6.26041266922474e-04  2.39750123977418e-04 -6.40771924051702e-04
 2.79007912758151e-04  1.36391276803035e-03  5.31478216011287e-04  1.05057966481880e-03
 5.55086584372160e-05  4.67728780874931e-06 -6.38133672310100e-04 -1.71579235501767e-04
 3.59288922835559e-04 -5.70020805463293e-04 -1.10476109162149e-03 -5.15359645782955e-04
 1.22116317320007e-04 -2.48672027867313e-03  7.47314629704252e-04 -5.87777491511770e-04
-2.87657937616345e-03 -4.95914541960139e-04  6.78533068875169e-04 -9.77926320961241e-04
-1.78797935802661e-04 -1.62887364203853e-04  9.40166257989031e-04 -6.75862159824114e-04
-2.20579580322442e-03 -2.89774302486231e-03  2.62451253133636e-06 -7.25588691828659e-04
-2.78260006574529e-03 -8.84861310804476e-05  1.01075278455882e-03 -2.45858372412408e-04
 3.38767362215583e-04  8.45527570876464e-04  2.49515612430628e-03 -4.46953276743167e-04
-2.30941687527160e-03 -1.09897045006458e-03  1.04152655248994e-03  1.27985133291541e-04
 7.23417694722424e-04  0.00000000000000e+00 -5.98364768383068e-05  0.00000000000000e+00
-2.64851202847748e-04  3.32734531744481e-04  1.70665245414185e-04 -7.69625369712597e-04
-4.88146479235761e-04  4.25611360420049e-04  5.70356611184376e-04  2.63183904170589e-04
-2.45882380557968e-04  2.51221305675937e-05 -4.27193394692134e-04  5.03916590032839e-05
 3.59458791670049e-04  4.62475931452296e-05 -2.29525864890513e-04 -2.05049932944946e-04
-9.33502296194994e-05 -7.05480732032559e-04 -1.61543573250117e-04 -1.06782615281269e-04
-6.61542722273887e-04 -3.94914206515558e-04  3.89174898820111e-04  1.73476590331715e-05
-3.66734607513424e-05 -1.56335945498914e-04 -4.40584360380320e-04 -3.09590068424339e-05
 1.42596470514331e-04 -6.11412933983387e-04 -5.73363337354449e-04 -7.37913287033731e-04
 2.70729514976981e-05 -7.32889168841866e-04  1.22854495056395e-04  1.36906510594759e-04
-6.37880316384082e-05 -4.78933554429240e-04  6.55688328737302e-04  5.74578451516911e-04
 5.29649421697007e-04  4.96295041116302e-05  4.22117127562848e-04 -6.31122933818854e-05
 1.19663195466264e-04  3.21012793183470e-04 -3.46898635429182e-04  1.42393996995605e-04
-5.06243567215921e-04 -8.71778859177178e-05  1.77267808082216e-04  3.49594057167200e-04
-1.33449107161015e-03 -9.25037433581818e-05  4.71763140262801e-04  4.59739689073737e-04
 4.15932602529618e-04 -1.91883967123631e-04  6.19439328173969e-05 -1.05880710122178e-03
 4.08886646728897e-04  1.09648741251103e-04  1.19409265407256e-04  7.88747171653992e-04
 6.94621088071203e-04 -2.03436206987426e-04  4.62966350061283e-05 -3.12266234526185e-04
-3.65358777077441e-04  4.33760840067726e-04  2.94850676740071e-04 -1.25110713819486e-04
 5.05254907906744e-04 -5.22223820388940e-05  1.79360423571574e-04  1.88144343464910e-04
-1.90102980496995e-04  2.66466452215514e-04 -3.20809870323418e-04 -3.41705767924774e-04
 1.18322298661786e-04  9.85466746421667e-04 -1.22654747140611e-04 -1.48769180591025e-04
 8.94807311308757e-04  1.92899592602959e-05 -6.47628917212692e-04  7.93780626762027e-05
 1.24092742745286e-03 -1.39503719432589e-03 -8.73808392847804e-04 -3.18700594059407e-04
-5.74644718455830e-05 -8.17894123964578e-04 -5.38894778140454e-04 -2.38255449696392e-04
 3.56320948554002e-04  8.13993415465634e-04 -3.48350677532045e-04 -1.81165567199050e-05
-2.72264492912032e-04 -8.64251681276250e-04 -9.38056926234673e-05 -4.59193680435656e-04
 4.87218267399184e-05 -5.21362308847958e-04 -1.49572531874504e-05 -5.52578272963000e-04
-2.84434492719820e-04  1.17966279479955e-03  8.92969682595377e-05 -4.88295405789382e-04
 3.17129470379869e-04 -5.86991426738233e-04  6.84027648751488e-05 -1.56430744434786e-04
 8.62408803661493e-06  0.00000000000000e+00  5.14768469319644e-05  0.00000000000000e+00
 1.68399665383862e-04 -2.56087870975754e-04 -4.36842701321834e-05  4.26015282900461e-05
 4.11076956870332e-05  5.12932324968885e-05  1.26107728492607e-04 -5.74493582124683e-06
 6.78643445784094e-05 -1.84714734587043e-05  2.95725462014495e-04 -2.06756278594620e-05
 4.89794536355322e-05  1.37220696990491e-04 -9.36580929243828e-05  7.44891887008656e-06
 2.45001551939212e-04  7.50274158831598e-05 -7.68142846203111e-05 -8.95182049753130e-05
 5.96508747137906e-05  7.64426397040990e-06 -7.03927269979822e-05  7.63575514656964e-06
-1.06873326856792e-04 -9.24945522038977e-06  2.11013365219805e-04  6.08498079895889e-05
-2.75565787159907e-04  1.12190346328724e-05 -6.05697082535580e-05 -2.44285779064007e-06
-7.36194559885009e-05  7.48442573200912e-06 -2.12559912909447e-04 -3.99802685728321e-05
-7.19534257909311e-05 -1.31881497100711e-04 -2.00425455945616e-05 -1.15809538081033e-04
-1.34514544536827e-04 -8.94861540927915e-05 -3.97425358762841e-05  8.33493542707284e-05
 5.89818644685303e-05 -7.61329253252712e-06  1.21053231051838e-04  3.90582623442119e-06
 2.17178375018534e-04 -4.06835782059198e-05 -3.80699958981374e-05  9.74569142907523e-05
-1.16713729169377e-04 -2.24672196227727e-05  8.92233625245207e-06  1.49474453265429e-04
-2.63375258605332e-04  1.79004838670200e-05  4.56219167994358e-05  1.34854555319019e-04
 1.32818889501234e-04  2.00697814593617e-04 -2.15182900205602e-04 -1.19860546972785e-04
 3.49577600657516e-04 -2.04391618609342e-04 -6.08732048141371e-05  2.73752449665961e-05
 6.62574820100197e-05 -7.07692826947824e-05  1.47509053831398e-04  5.40300020905815e-05
-5.31284817695937e-06 -1.07215129919439e-05  5.27604686712357e-05  2.25270637290919e-05
 1.89354488636789e-04  9.52734351250312e-05 -3.03914811733566e-05  5.60784715607442e-05
-9.45989576076102e-06 -5.88381950266785e-05 -1.05946440136251e-05 -2.60223167446727e-05
-2.64738822525770e-04  1.61824233589212e-04  9.47317610853652e-05 -5.64890135102644e-05
-3.14946554057810e-04  2.72612416131056e-04  1.40118507273202e-05 -4.19390073536960e-05
-1.02818000183993e-05  7.42426079016997e-05 -1.14266394746067e-04 -3.01008600624344e-05
 8.14086806775550e-05 -4.44451095941823e-06 -1.42060891400520e-04  3.08486873087746e-05
-2.47897118682080e-06  3.16046890868368e-04 -3.30485942279273e-04  5.97819967846863e-05
 1.19184804058740e-04 -2.09711774543283e-04 -1.05854400153950e-04  2.16899899387157e-06
 8.73345751524117e-06 -8.11512908855676e-05 -1.43556848764781e-04 -1.22938052790906e-04
-3.67530313868184e-04 -4.54044640475842e-05 -1.76163674185012e-04  7.31882298895181e-05
 1.79975587378542e-04  6.25152403798500e-05 -5.69753032320654e-05 -6.85874144881976e-05
-7.15548018302251e-35  0.00000000000000e+00 -1.97763758979799e-34  0.00000000000000e+00
-2.44832174899656e-35  1.70301007218698e-34 -4.51459677689792e-35  6.51846500481009e-35
-7.39635840019676e-35 -2.74369497166432e-34 -9.99613894368469e-35  1.20573131128414e-35
-8.76684071349217e-35 -1.46234493956436e-34  1.86010472182725e-35  9.07828325952697e-35
 1.24117982710774e-34 -2.19975429799963e-34  2.67796119395639e-34  1.92484339392612e-34
 1.09095452876139e-34 -4.54364978681709e-35  5.43206443990352e-35  8.57300438343252e-35
 3.53774541706959e-34 -3.20965695826849e-35 -3.94754076428139e-35 -9.64268568734418e-35
 2.98076647207993e-34 -6.47442242462802e-35  2.09086462798940e-35 -1.06688071629158e-34
 1.12432302914096e-34  5.65324962875912e-35  2.23554138075771e-34  2.14653350562769e-34
-1.40558466743186e-34 -1.38676361145388e-35  2.21954050175928e-34  1.67638547521329e-34
-2.36845197778879e-34  3.92293712025063e-34 -2.72848055927498e-34  9.98549572908399e-35
-2.42928051258994e-35  1.15214299716126e-34 -7.39890449938928e-35 -1.48211705616298e-34
-1.05097368474008e-34  2.62625562873413e-34 -1.64293982766019e-34 -1.68648618026959e-34
 9.33949777417602e-35  2.41323821922281e-34  3.30848749636399e-34 -2.45194379576256e-34
 1.38425989438413e-34  7.34217163041971e-35 -1.83892891111369e-34  4.59330932263940e-36
 1.06029154815851e-34 -1.51115516075699e-35  1.09315030176976e-35  3.66740729303878e-34
-1.26882655188805e-34  1.46340244830373e-34  1.50307195456734e-34  3.60411072722357e-35
-1.13291538738224e-34  1.15885564902646e-34 -3.64442173844617e-34 -2.74394683522828e-35
 3.05970544389468e-34 -3.42420670510873e-34  6.31830997687199e-35 -1.29223786302276e-34
-1.09309965975420e-34 -2.82054231925813e-34  2.09917147594159e-34  5.54423837381501e-35
 9.31066563927912e-35  7.84789943591163e-35 -1.53370901995792e-34  1.06776267547701e-34
 1.65560059745117e-35  4.07164333138921e-35 -4.13734590043420e-36 -1.40845263912720e-34
 1.55066263764325e-34 -1.46859112187676e-34  1.09376543707554e-34  1.90039712573970e-34
 2.32562608842014e-34 -3.13355861608700e-34  1.95394617339598e-34  2.54774896423042e-34
-6.14240921059586e-34 -7.63652669986932e-35 -7.59919212356051e-35 -2.12030867838424e-35
-3.05992024218092e-34  4.02409195305496e-34  2.08219635803494e-34  2.39864514647144e-34
-9.87086342216652e-35  1.86781268868756e-34 -1.40854480675888e-35 -2.00561070310661e-35
-2.45871620902520e-34  4.03736447952893e-34 -2.63980866234659e-34  2.27109935810326e-34
 4.51132098503577e-34  1.80534708340053e-34 -8.53913985915343e-35  1.01125735457958e-34
 6.00043597584107e-35 -9.76369768082367e-35 -4.16674859578484e-34  9.97622128442140e-35
-2.34860082325196e-35 -4.58201266588879e-34 -1.36010874829223e-34  2.23495469776227e-34
 1.93327693101709e-34  8.27679254497176e-35 -4.23196543742779e-35 -1.63595691455392e-35
