5.488810 7.425035
5.872981 4.926863
4.700048 5.764604
5.392191 5.343116
4.681990 8.147141
4.299474 2.574910
4.418190 8.374714
4.584897 5.323463
3.955541 6.841237
4.096231 5.026621
4.894236 4.466021
4.260882 6.733848
4.056874 7.068805
4.107670 5.019736
4.026377 8.831347
4.978230 6.230120
5.662490 6.203759
5.630477 6.571069
5.239680 5.731741
4.627248 3.808014
4.410222 5.226349
4.930010 8.289819
5.601367 4.583844
4.516335 8.686224
4.822771 4.550533
4.657214 4.164904
4.501491 7.902791
6.047979 4.388795
4.187551 7.046057
5.781027 3.380646
4.911478 7.053204
5.137138 5.324324
4.017178 5.066463
5.904637 6.686067
5.114333 7.836851
5.408794 5.326975
4.727999 5.009117
5.287842 4.137653
5.070611 4.401172
5.602848 5.772414
5.532080 6.455873
4.946257 4.553966
4.237878 6.201739
6.131621 5.867584
4.075841 6.611433
4.031109 7.107862
3.777670 5.206100
4.898866 4.036088
3.913737 3.149097
4.617293 8.291949
5.473447 4.620792
4.740087 4.098353
5.080347 5.555662
6.235430 4.927689
5.060161 5.841910
4.443710 7.360360
4.004524 9.336895
4.410660 4.711671
5.382755 8.319736
4.238048 7.590694
5.706620 4.866570
4.948624 3.952389
5.409872 7.378634
4.727201 7.959091
4.378542 7.307950
5.434210 6.204600
5.250618 4.732245
3.931436 7.647738
5.548141 5.540067
5.340466 5.820098
5.470914 5.117154
4.901978 4.807295
6.182768 7.094424
4.619774 5.139594
5.416264 7.608249
4.174752 7.495833
5.984153 6.201376
5.783883 6.528456
4.817088 7.259361
5.136775 3.212751
4.518581 4.058701
4.850469 8.237012
4.940431 4.548085
5.239428 5.598305
5.004963 6.005276
5.118096 3.486262
5.295042 3.551708
5.142960 4.477846
5.723157 3.756772
4.846667 7.420614
5.362782 3.800102
4.487709 4.484420
4.652555 4.703918
4.853117 4.805818
6.128226 4.480842
5.871060 6.699435
5.310922 6.432446
4.404613 3.827632
4.380967 4.731913
3.878538 3.555983
6.196420 4.950491
6.212886 5.258489
6.114473 4.014871
4.499528 4.877720
3.844241 5.037395
5.564130 6.555045
4.152356 5.152391
6.017353 3.787090
4.480123 7.502096
4.422321 4.970553
5.444675 4.096645
4.907086 4.089768
5.096058 7.924492
4.783230 6.183507
4.854427 6.127993
4.976368 6.462163
4.790269 6.171207
4.997254 6.085334
4.785931 6.451101
5.293327 6.117890
4.985629 6.242335
5.224153 5.945026
4.722495 6.392049
5.310308 5.798335
5.325297 6.826426
4.045434 7.745644
5.074586 4.500811
4.378737 3.988751
4.839949 5.937599
5.131654 6.210811
4.859562 6.036473
5.071502 6.329608
5.081435 5.777643
5.439602 5.244020
4.876649 6.276680
4.936852 6.458238
4.924018 5.667623
5.009015 6.226835
4.881110 6.638601
5.854796 4.836680
4.920873 6.592704
4.732019 5.671331
5.096231 5.754895
4.924706 6.556319
5.219720 6.117113
4.972034 4.680974
5.234969 6.173862
4.299881 6.807792
4.126958 7.130138
5.407697 3.364708
4.174456 6.053672
5.262982 6.290829
4.770856 5.933103
5.702621 5.700788
5.180941 4.144876
3.773930 5.210485
4.726616 6.097373
5.129743 5.856342
5.314641 8.351847
4.971171 6.223897
4.872745 5.823802
4.811907 6.511927
4.915302 6.541896
4.952232 5.933005
5.175710 6.719756
6.208302 6.637980
5.264299 6.343202
5.287879 5.512081
5.226789 5.387486
3.757470 6.819045
4.855081 5.725784
5.096631 4.896689
4.763476 6.293455
4.920157 6.013523
5.069627 5.600685
4.641024 3.111387
4.069684 4.965923
4.834401 5.717803
5.008779 4.119512
5.206822 6.025059
5.256505 5.839210
4.622647 7.585176
4.888823 5.555208
5.084506 6.652681
3.784596 5.667825
5.261076 6.820200
5.279566 5.406754
4.918612 5.696768
4.788560 5.617014
4.986314 5.977092
5.258492 5.891348
4.948266 7.084355
4.934893 7.004945
4.986727 5.406401
4.979424 5.370228
5.231981 6.583462
5.390135 6.183084
5.171959 6.286999
5.045586 4.777182
4.828943 7.093226
4.843823 5.986019
4.789329 7.091366
4.359876 5.265128
5.910332 7.319463
4.276999 9.066125
4.264780 6.608921
4.728181 6.946694
4.947397 6.096080
5.476701 4.290085
4.352166 5.819749
4.890880 6.717605
5.157516 6.352401
4.693415 5.883237
5.106438 5.638749
4.383833 4.135731
5.072693 5.323680
4.937606 3.537379
4.825856 7.138992
4.566629 6.330578
5.734149 5.153203
4.728567 6.495013
4.466206 6.522136
6.200870 5.767583
5.209234 5.344344
5.344171 3.690567
4.470476 3.348861
4.743618 5.874938
4.890405 7.031698
4.548991 6.222883
5.087869 6.148665
4.891004 6.168838
4.899615 5.600900
4.675441 5.961028
5.527096 4.432589
5.466943 6.919025
5.262049 7.021550
5.393148 5.606529
5.744011 5.817824
5.653513 4.025997
5.573296 2.453859
5.959724 2.066633
5.230490 5.003755
4.929157 6.653993
5.070276 6.114515
5.019840 5.253824
5.118077 5.797131
4.453708 6.678988
5.407065 4.323681
3.902536 6.926314
5.156199 3.433402
5.267404 5.189143
4.448268 6.863322
5.015775 7.067369
5.233593 5.844032
4.959914 7.012155
4.616612 6.655238
3.812953 7.544712
6.794625 5.217135
4.968215 5.716414
4.922021 6.021698
5.440907 5.739796
4.876870 6.624547
4.907256 8.114786
5.168074 6.087976
5.012227 6.591010
5.174402 6.439260
5.542854 6.075316
4.585097 5.662484
4.767616 6.101028
5.034830 5.264877
4.658938 6.673181
5.855559 5.513751
5.548333 5.850126
5.594321 5.964818
4.936230 4.351997
5.348431 7.846611
5.243802 5.396849
4.653687 3.852572
5.075013 5.910652
5.513289 4.033974
5.041003 7.055710
5.203683 5.016649
4.217358 6.922341
4.864454 6.863490
5.403692 6.443557
5.044511 6.401022
4.895528 5.001722
5.386740 6.231012
5.613087 5.901895
4.952093 3.325878
4.872278 5.426198
4.932320 3.131351
4.530586 6.303763
4.779551 7.437715
4.748075 6.092121
4.838557 5.958376
4.729610 7.189156
4.485906 6.729080
4.769941 5.154042
5.226593 5.336467
4.313766 7.904636
4.819843 5.665755
5.498640 3.300562
4.716809 7.439460
4.902396 6.307245
5.200608 5.029432
6.011536 6.377744
5.502512 5.506700
4.961766 7.464557
4.840600 5.251701
5.455148 6.247971
5.191824 6.619882
4.205958 8.188342
5.369447 6.066227
4.791585 6.274136
4.508089 5.673251
3.851740 4.217377
5.250153 6.244181
4.246789 8.554522
4.986743 5.957926
5.464390 5.453398
5.015392 6.906579
3.765817 5.245030
5.492103 5.741982
5.404643 6.320312
4.661249 6.394663
4.712727 5.423023
4.851696 6.879583
4.722723 7.310512
5.752613 3.896015
4.215474 8.683079
5.140577 7.106329
5.388163 5.525910
6.095982 4.823965
5.283476 5.185879
4.733574 7.441017
4.662336 7.253102
4.335884 5.496105
4.458745 6.007309
5.512967 5.938076
3.892323 8.263713
5.096169 5.701506
5.259306 6.740821
4.950864 5.926002
6.172009 3.699828
4.477162 5.422403
5.341961 6.590453
4.107193 7.222330
5.061605 5.283670
5.078910 7.295841
5.525270 6.460303
7.360244 1.158912
4.951685 6.860677
4.939377 7.651832
4.994394 5.185129
5.535566 6.843383
5.564114 6.651788
4.976924 5.599568
4.396886 5.586448
5.541749 8.062853
5.422596 7.002609
5.829413 6.167458
4.685324 7.523270
5.119889 5.054536
5.309120 5.837796
5.529677 6.652414
4.593909 6.241886
4.520214 5.397515
5.000302 7.271953
4.509684 6.689597
5.175579 7.114091
5.043313 4.829419
4.381787 5.825699
5.550211 6.452549
5.396666 4.137016
4.856215 5.282028
5.443422 6.689189
5.303408 6.487319
5.041625 6.074792
5.584072 5.311888
4.727249 7.214116
5.087395 5.570143
4.906533 6.436110
4.579504 3.767114
6.199100 3.968525
5.662886 3.234174
5.441210 5.453324
4.894552 5.436721
4.468293 8.916057
4.932926 6.847884
5.333649 6.642148
5.404370 6.680866
5.612122 5.980772
4.517657 5.980666
4.878551 4.913673
4.761577 4.794088
5.441365 3.763209
4.430716 3.447971
4.383639 5.745044
5.258214 7.396346
4.919681 4.894922
5.874950 5.248941
5.015346 7.288770
6.034816 4.454610
3.835544 8.116429
4.933718 5.163515
5.098896 5.846082
4.555759 6.670604
5.616659 5.142748
4.497390 7.198761
4.569283 5.389178
4.597577 7.203669
4.523087 6.417786
5.319964 6.580714
4.729619 7.148227
5.391100 6.033822
5.055655 6.610662
4.977294 6.425467
5.307731 7.121639
5.044021 5.410676
4.754510 4.713987
3.971893 9.705885
4.839300 5.627805
5.592407 3.721313
5.484016 6.526371
4.921525 6.150301
5.050445 5.995087
5.187995 3.923605
4.555590 5.962428
5.414656 6.563960
5.167448 6.611689
5.446294 6.846385
5.213730 5.310202
5.298456 4.722077
4.779101 7.723431
4.963169 5.445442
4.477943 6.846686
5.085454 6.976809
5.229720 5.007946
4.099744 6.115287
4.789773 4.847933
5.554277 3.182171
5.439173 6.672771
5.150353 7.325488
5.055260 3.795884
5.234374 6.465376
4.474148 5.302478
5.086900 4.976214
4.980792 4.719771
4.734995 5.084833
5.374959 7.062656
5.365257 5.337075
4.693060 5.329091
5.593723 6.517229
5.425182 6.541971
5.586642 5.936422
5.539124 3.292833
4.635592 3.959237
4.504498 6.618447
5.705417 7.854228
5.401325 6.769551
5.617094 4.797759
4.381402 5.068637
4.509265 7.346757
4.625319 6.128030
4.871270 7.626299
4.600823 6.616005
5.437200 6.992736
5.556391 4.600159
4.882358 5.158485
6.097936 3.993117
5.602407 6.165875
6.208876 3.968454
4.405103 7.240971
5.101596 6.394767
4.980049 4.702673
4.565193 5.011690
5.504714 5.372754
5.469862 4.834453
5.072330 7.461196
5.124148 5.364920
5.281126 7.578790
5.197149 7.644098
4.709778 5.278330
5.505156 3.703184
5.563662 5.632006
5.030725 7.722260
4.967037 5.488001
4.753850 5.444197
5.842165 7.933204
4.613017 7.181207
5.521826 5.199512
4.813454 5.728955
5.329557 6.587722
5.487643 6.394177
5.031633 6.139451
5.144837 4.740898
4.570013 5.352994
4.302892 6.966496
4.422993 5.045303
5.413991 5.340918
5.142879 4.634239
4.810334 4.729014
4.858822 4.401741
5.046011 4.771630
4.530801 6.287027
5.104840 7.620674
4.802062 5.356339
4.998821 6.873368
4.038536 4.785417
4.190276 8.951497
4.277339 6.330458
4.206035 6.392801
5.646375 4.140581
5.511708 5.471783
5.438097 5.744245
5.153459 7.755161
4.072440 6.546952
4.633518 6.473664
4.819323 6.133458
5.224991 4.801198
4.580521 8.501582
5.373162 5.173695
4.910757 4.804103
5.347827 6.506988
4.385680 7.581692
4.547963 5.173522
4.393459 7.664349
4.107877 8.723174
4.635948 5.201375
5.589055 6.191969
4.333552 6.584161
5.256887 4.750822
4.340532 6.617596
4.302415 6.644830
5.590470 5.484581
5.156770 5.767960
4.146225 7.634343
5.555512 4.882712
4.599684 6.431239
4.202590 6.478384
4.986773 4.575971
5.519268 7.246299
4.169484 6.149834
4.483813 5.664617
4.848583 5.123494
5.620052 5.807235
5.498266 6.845462
5.720499 5.838840
4.501478 5.058155
5.136065 6.819530
5.182315 5.721536
5.390291 6.716325
5.224094 5.470047
4.342016 6.107943
4.966650 7.441109
5.360446 7.291268
4.953676 6.314196
5.635617 5.678554
5.082741 4.834795
5.105779 7.430487
3.846814 3.896734
5.483861 4.847738
5.431089 4.736854
5.056641 5.156554
4.702874 5.001598
5.298207 7.757760
4.917072 4.486283
4.183994 6.836246
5.891056 6.003179
5.103402 3.602872
4.095768 6.148860
4.989274 4.646677
5.412570 6.143932
5.215606 5.877674
4.427284 6.568142
4.383602 5.260445
5.138147 4.966376
5.111373 5.651620
4.798561 8.181527
5.118728 6.003057
5.599334 7.114698
5.507079 4.825327
5.869874 6.104988
4.455268 4.925423
5.040551 7.731167
4.486140 7.485793
4.793916 6.475683
4.491924 6.918751
5.714351 6.231329
4.781090 6.609046
5.171850 7.329485
5.264002 4.477908
4.792074 7.809599
5.861396 5.395730
4.265174 5.846585
4.182641 5.731412
4.524481 4.836866
5.133422 5.021151
6.225482 4.913913
5.286294 7.032316
4.593070 6.679338
5.891873 6.303751
5.717307 6.347627
4.074093 7.048522
4.159211 6.194804
5.487289 3.363420
5.181712 4.784354
5.460367 5.585041
4.221178 5.770504
5.549785 7.252409
4.961290 4.482861
5.272866 5.187357
4.181352 5.847605
4.110794 6.017675
4.900465 8.094417
4.803339 6.119669
5.143507 6.479640
5.926124 5.230266
4.828001 7.804829
4.433898 5.829019
5.877944 5.223284
5.473450 4.701619
4.175448 5.690673
5.206332 4.897281
4.405159 6.393799
4.752977 7.017241
5.512414 6.819358
4.244798 7.000976
5.799845 5.755070
5.421281 2.530391
5.743484 5.819260
4.786983 7.955372
5.065529 7.718533
5.886504 5.340528
5.298165 6.249889
4.631518 5.158817
4.067747 6.009288
4.166836 6.733834
5.562229 4.453380
5.667413 6.435862
4.183918 5.675129
4.695803 5.512443
5.777295 7.469626
4.954103 6.309749
5.516989 6.914347
4.768604 5.042924
5.472749 5.469720
5.455900 7.276318
4.736362 6.586902
5.291156 4.311713
5.494389 4.869886
4.777757 4.564757
5.835934 6.553268
5.042435 7.905496
4.981160 8.027057
4.929804 5.364510
5.022083 6.970603
5.333019 6.854882
5.356899 5.179811
5.376003 4.640153
5.058601 4.217178
4.704437 6.060273
5.195916 8.037630
4.089889 6.246905
5.944089 8.416432
5.838839 4.272790
4.751543 6.113869
5.971660 5.466320
5.641849 5.600109
5.519791 3.041037
4.417779 5.192002
4.506572 6.245120
5.065275 3.034733
5.630754 5.838920
6.322585 5.609803
6.581184 5.543167
4.882677 6.456364
5.096330 7.914511
5.660792 6.854908
4.000252 7.751631
5.586092 7.060333
4.356337 6.435636
4.565995 7.328358
4.580064 6.310133
4.646716 5.247808
5.398225 6.359970
4.161789 6.567971
4.521497 6.182270
5.721915 4.956252
4.576049 4.870845
5.168870 5.866915
4.915173 5.386234
5.726456 5.740644
4.801789 7.532513
5.519411 4.437776
5.833217 5.252755
4.072459 6.948080
4.305905 5.764679
5.808059 5.244806
4.977146 6.029368
5.118859 4.231393
4.652730 6.316514
5.040355 5.299595
5.408896 7.659903
4.407955 5.145000
4.519427 6.073413
5.500567 6.166360
5.475738 6.969938
5.366764 4.128874
4.864145 4.352179
5.621551 4.436808
4.898732 4.266411
5.365556 6.984882
5.798501 7.740670
4.975229 6.150426
4.805838 4.117536
4.812259 5.136646
4.402979 6.385319
4.924409 5.632484
5.331657 4.181635
5.401699 6.535631
5.314063 7.666647
4.787029 4.189429
4.625881 7.138957
4.884893 7.273988
4.630766 7.937618
5.560288 7.694243
5.479767 5.132266
4.258748 4.168062
4.818021 6.119047
4.465807 7.318512
5.342377 6.243693
5.821974 6.547006
6.307027 3.748298
5.259861 7.423854
4.556529 5.020987
5.217974 5.963200
5.205201 7.441994
5.619274 7.572432
4.931311 6.660776
4.393556 5.366812
5.170952 6.482584
5.129282 6.142400
5.429635 6.603104
4.205136 5.984875
5.334418 4.243058
5.220761 7.941071
5.385605 6.933878
4.438072 4.640707
5.566564 8.117597
4.629455 3.287586
4.847322 4.771999
5.888328 6.410445
5.140057 5.718109
4.940928 4.421848
5.413819 7.014637
4.396938 4.674056
5.519210 7.560796
4.806214 8.711285
5.758443 5.333564
5.385391 6.067124
5.738760 5.113981
4.429207 4.664352
4.467978 8.080963
4.655211 4.650587
4.395971 6.899786
4.209223 5.232314
5.175139 4.405293
5.190161 4.752949
4.636236 6.033607
5.826360 7.021656
5.085832 7.971839
4.595768 7.711765
4.095721 6.531651
5.703175 5.252483
5.485046 5.042506
4.851480 8.281980
5.680902 6.973779
5.659839 6.602241
4.582781 6.904331
4.162143 5.020764
4.389784 5.282605
4.790606 7.309620
4.710674 4.289402
5.824571 3.596098
4.986892 5.952542
5.125778 8.653219
5.772636 8.349364
4.257719 5.069869
4.965307 5.809417
4.334129 7.615999
4.400924 4.424387
4.578318 7.003606
5.318246 7.599318
4.272936 6.657798
5.183912 7.262364
4.644131 4.534263
4.397961 7.346395
5.776657 4.989360
4.895248 5.648246
4.875569 6.502918
5.208066 7.174158
5.579419 6.801903
5.012829 3.563522
4.886739 5.972726
4.498284 6.305715
5.671352 7.147786
5.510090 4.136195
5.464766 4.189745
4.249895 6.900986
4.471026 5.872158
5.230584 9.023042
5.015868 6.189223
4.626581 6.170863
5.911888 5.155884
5.300403 7.366969
5.619335 5.060246
5.128277 3.772644
5.208651 8.172564
4.642019 5.865879
4.491271 6.130321
4.525538 6.017622
4.651813 4.708027
4.773422 4.928054
4.727049 7.733845
5.045686 6.803781
5.370700 8.110715
5.524739 6.427907
4.646852 5.865997
4.524579 4.832334
5.794699 2.947480
5.079282 4.952471
5.476929 7.359136
5.591221 7.984244
4.391410 6.120010
5.466293 3.906587
4.630496 5.154474
4.451796 6.407732
5.513658 5.525871
3.822136 6.547714
5.521327 6.033996
4.504261 5.265336
5.054012 8.652664
5.595379 4.093034
4.749194 5.143369
4.505264 6.905473
4.626953 6.250765
4.323506 5.279127
5.622424 5.091124
6.139832 4.663355
4.941273 5.576535
5.551924 6.970895
4.898930 4.950728
5.757883 6.585690
4.376204 4.135296
4.758677 3.884944
5.569250 6.313843
4.130435 5.869596
5.356944 4.666132
4.989227 5.051274
4.645940 8.159271
4.521868 6.654538
5.490556 5.458266
5.893091 4.243861
5.026600 7.165499
4.615296 4.282058
4.908151 7.709289
4.173634 8.025841
4.557889 4.154343
3.329688 7.227782
5.508775 2.977814
4.609940 2.660104
5.232269 3.972090
4.740556 6.857204
5.768881 5.066529
5.132023 6.010464
4.874148 8.222785
4.638043 4.406902
6.350330 6.755324
5.357592 5.840775
4.184534 5.960957
3.308861 6.668341
4.611410 5.075565
2.898051 5.857398
4.516993 7.897635
4.033563 6.507106
4.795242 4.023790
5.046513 6.207664
5.879819 7.446445
4.725627 4.568779
5.399268 7.897056
5.780358 5.285719
5.299945 3.787471
4.347466 3.363945
4.316409 5.592964
5.412466 8.062182
5.090046 8.172505
5.276086 4.042534
6.449845 6.383082
3.836310 7.046868
5.159894 3.027986
5.321663 4.640461
3.836924 5.773735
5.859749 6.418828
5.597614 4.240236
4.894218 7.142817
5.538142 3.560184
5.718798 3.936174
4.272060 3.259714
4.987498 4.030337
4.681592 4.611772
3.969386 6.347708
4.614952 6.650541
6.605329 5.557052
5.315927 7.824412
4.281525 4.011569
4.227326 4.706754
4.589641 1.899235
5.114622 3.508093
5.223254 7.327265
4.260110 7.626075
4.903053 3.922163
4.221429 5.421780
3.823627 7.328341
4.557321 4.844112
5.340948 7.926539
5.293493 8.707656
4.336736 4.517457
5.902918 5.678262
4.996418 3.723795
4.419176 3.905374
5.512092 3.614608
5.687127 7.224290
6.119841 5.251210
3.770232 6.241097
4.746583 3.765535
5.326407 7.191306
5.595317 3.712239
5.872663 5.880627
6.566677 7.197893
4.647018 3.836687
3.487693 5.222765
5.473125 3.887354
5.769884 6.536600
3.824306 6.101746
4.436593 4.654486
6.156542 6.059578
3.795085 6.841655
6.068808 9.042107
4.116181 8.578001
5.381084 5.001856
3.642198 5.077664
5.156894 8.637315
6.069520 4.314120
3.808063 5.228949
5.706535 7.065182
5.528974 5.750594
5.949939 6.155456
5.507017 6.446871
4.957336 2.607132
3.682017 5.929203
6.091790 7.123892
3.868699 5.822996
3.839342 6.731064
4.274555 7.871264
5.573131 8.165340
5.556758 7.126542
3.290843 4.539848
5.734325 7.106802
3.924946 5.848576
5.818126 4.258709
6.544264 2.799190
3.992924 6.884498
6.020711 7.224048
6.643725 7.421529
5.409610 6.602132
6.106469 4.345492
6.521461 6.077911
5.741139 7.061804
6.085280 5.079880
5.630551 7.872818
3.863749 6.589363
6.506373 6.767274
6.071494 7.819245
6.110086 6.236745
3.855343 4.129554
7.155787 4.648538
7.216248 5.449755
6.732655 5.937611
7.228989 4.047539
6.514752 3.840828
7.344352 3.479830
3.136433 5.776014
3.617114 9.494484
4.062747 1.731816
4.185704 1.624739
4.381784 1.474460
4.082057 1.626717
4.430950 1.315763
4.184135 1.974645
4.221331 1.842142
4.146557 2.050744
4.216716 3.649599
4.176745 1.943059
3.260641 1.314400
4.440916 1.537775
4.400126 1.862934
4.153871 1.580410
4.525382 1.491413
4.539419 1.212474
3.494020 1.702241
4.186460 2.057596
4.625654 1.039594
4.387406 1.785597
5.218987 1.855297
4.528454 0.964960
4.397079 1.199594
4.740462 -0.921827
4.085946 1.804024
4.639604 1.620966
4.365702 1.400695
4.565913 1.503359
4.284919 1.325959
4.134508 1.274191
4.762612 1.631969
4.566086 1.800614
4.119644 1.534680
4.321353 2.139895
3.215327 1.529238
3.261578 2.577550
4.318818 1.375926
4.257028 1.272071
4.682080 1.182836
4.321804 1.598675
4.114943 1.726683
4.081002 2.083389
4.680374 1.714850
4.430972 1.564029
4.097439 2.072135
4.599293 1.989164
5.192796 0.873142
5.525306 -0.948204
3.165942 2.075490
5.040371 -0.743690
4.653413 2.308629
4.515768 1.416407
4.439191 1.241162
4.641128 1.714406
4.128336 1.417559
3.420940 2.917816
4.260202 2.211117
4.221108 1.607757
4.525201 1.555594
4.132218 2.216408
4.264210 1.457508
3.265427 3.319809
4.449629 1.187009
4.195962 2.066018
4.208220 3.852187
4.288974 2.358547
4.082097 1.360979
4.552670 0.988990
4.223235 2.394910
4.603518 0.930407
4.431730 0.920799
4.591127 1.388153
4.641600 0.669377
4.313854 1.979697
4.574857 1.164266
4.128181 1.467113
4.582180 1.862686
4.579410 3.273396
4.167875 2.240631
4.234657 2.023013
4.073037 1.081645
4.192483 2.306904
4.598577 0.676068
5.018050 -1.070388
4.137136 1.364410
4.324525 1.239717
4.330028 1.161473
4.077319 1.007959
4.283447 1.388488
4.657497 0.812980
5.100340 -1.182023
4.085815 1.064923
4.516003 1.052701
4.117691 1.787084
4.323651 1.069857
4.389803 0.701954
4.215627 0.964214
4.438874 1.446303
4.549887 0.733316
4.596499 2.402397
4.075589 2.240895
4.447254 0.853378
4.476589 -1.181404
4.621272 1.811229
4.358628 1.226773
4.546355 1.157815
5.129960 1.828672
4.113452 1.366588
4.256303 2.777107
4.085982 2.797150
4.298276 1.143398
4.389385 1.994920
4.220547 2.429767
5.605093 -2.326437
4.631646 1.420216
4.166873 1.687395
4.522432 0.928927
4.352767 2.752885
4.527570 1.136362
4.565567 2.309341
4.668676 1.765824
3.713512 2.064334
4.078271 2.080039
4.369667 1.233254
5.389023 -0.893504
4.171260 2.526251
4.607443 0.806431
4.196904 1.559726
4.938405 0.983566
4.707003 1.057317
4.563384 2.449751
4.503433 2.433132
4.118848 1.008882
3.881596 0.190865
4.737785 1.320783
4.413417 1.383759
4.781146 1.309433
4.525417 1.183607
4.492273 0.499910
4.452353 1.442009
4.507523 0.545214
4.663569 1.405751
4.591187 0.531380
4.916111 1.100488
4.404177 1.194877
4.857747 1.557620
4.523685 0.620387
4.712782 0.791767
4.716235 0.909088
4.145177 1.798810
4.820626 1.171167
4.091501 1.199898
4.385349 0.486487
4.057107 3.266879
4.832489 0.832206
4.191206 0.883869
4.367970 0.811536
4.017784 2.786519
4.185943 0.841536
4.527851 2.083732
4.313965 0.966576
4.780479 1.389725
4.731703 1.192919
4.405093 0.608639
4.534266 1.479581
4.340322 0.734004
4.924920 1.125157
4.633565 0.878879
4.262110 0.880207
4.183748 1.359051
4.258329 2.388907
4.672073 1.599813
4.139740 1.110350
4.423602 0.953917
4.532685 1.585318
4.685958 0.519111
4.744534 1.703943
4.686515 0.717683
4.846159 1.276769
4.885354 1.214920
3.921644 2.179545
4.526649 2.258660
3.762439 2.065820
4.583111 0.399047
4.165058 1.040878
4.283889 1.983893
4.153049 1.256325
3.686357 2.532693
4.393999 1.810140
4.105711 2.772207
4.132405 2.394933
4.937797 1.627494
4.666232 0.713836
3.872529 4.337225
4.496571 1.497139
4.019694 2.286172
3.886032 1.976701
4.647035 0.639130
4.084106 0.842592
4.985893 0.934928
3.939012 2.329264
4.153384 1.773403
4.081121 2.571870
3.777119 2.360697
3.788214 2.494750
4.045814 1.905128
4.776267 0.995690
4.388772 1.174613
4.509166 0.448886
3.868145 2.143389
4.418355 0.862576
4.578789 1.749930
4.349013 0.927121
4.561658 0.797877
4.872640 1.495851
4.083308 -0.051405
3.994083 1.756550
4.284943 0.964200
4.788496 0.681047
4.394895 2.075976
4.791080 2.842592
4.919193 1.816997
4.007980 1.781175
4.538444 1.870557
4.302876 1.140203
3.875562 1.683206
4.651818 0.987361
4.693416 1.075672
3.425679 3.013273
4.366224 1.756888
4.224577 1.196546
4.590769 0.393378
4.360532 1.493598
4.137759 0.799890
4.441638 2.620555
3.304945 3.900743
4.825041 1.486937
3.807216 1.862520
4.843920 0.611700
4.461507 0.743560
4.796961 0.367078
5.027448 1.097718
3.762351 2.379257
4.274469 0.753800
4.859377 0.419364
3.757095 1.702591
3.958816 1.668967
4.354451 1.475632
4.112048 1.129357
4.230978 0.791402
4.996290 1.163659
4.317169 3.112151
4.673285 2.575433
3.184032 0.641605
4.140201 1.205316
3.942367 2.365475
4.157620 4.277960
4.720915 1.341735
4.210866 1.693149
4.609008 0.515526
4.845152 1.228569
4.103452 3.020341
4.427711 0.823961
3.804859 2.769045
4.113505 3.096433
4.253146 1.025945
3.888589 1.929123
4.846638 0.456109
5.584064 1.718112
4.564126 1.632955
4.617533 0.354096
4.480838 2.037382
4.779940 1.100110
4.560803 1.488961
3.833468 2.279222
4.987966 1.640458
3.423375 2.805995
4.071384 1.628373
4.613206 0.334547
3.891152 2.759625
3.985564 1.797423
4.837371 0.882769
4.998579 0.995643
3.761415 1.606375
4.379220 1.118398
4.796471 1.474204
4.251457 1.991529
4.396588 1.868717
4.417973 2.070164
4.918394 1.444500
4.420741 1.741436
4.426434 0.543166
4.883255 0.437360
4.131488 2.310441
3.163321 4.107240
4.209424 2.035398
4.692928 0.493838
4.121081 2.653366
4.183595 1.276087
4.908377 1.248072
4.684875 0.923278
5.377722 1.759193
4.297049 2.642373
3.845240 1.636188
4.374693 0.745939
4.834664 1.922590
4.466966 3.281796
4.595706 0.327638
4.186111 0.628691
4.026357 1.579605
4.483531 1.117703
4.994583 0.936729
4.868752 1.495631
4.715384 1.597783
4.350818 0.784927
3.933035 1.389957
4.559311 0.352201
4.245546 3.055755
4.394809 0.353682
4.669631 1.949058
4.166999 1.163484
3.907639 1.257576
4.285121 0.710668
4.501312 0.493303
4.992786 1.481019
4.774214 1.638408
4.174040 0.892620
4.598679 0.945262
4.524453 2.759366
4.333295 1.196717
4.860571 1.431315
4.666649 2.160504
4.217433 2.743086
4.556947 0.021836
4.525552 0.284157
4.747348 0.945237
3.828845 1.731863
4.468163 0.000463
4.007735 1.406642
4.249410 1.846069
4.527872 0.025089
4.290543 2.235784
4.032533 2.158556
4.403141 0.101939
4.148015 2.861291
3.960567 1.358709
4.474943 0.253651
4.523022 0.387004
4.686394 2.305974
4.956881 0.558445
3.605946 2.943039
4.025187 1.640359
4.621521 0.498063
4.405963 0.277552
4.631982 2.183492
3.949032 1.448643
4.265953 2.660760
4.761691 0.339684
4.213174 1.579740
4.734441 1.355216
4.628756 1.259804
4.176769 0.426305
4.356781 2.018139
4.133883 1.233272
4.220146 0.507505
4.947822 0.574313
4.390156 0.954687
4.201377 1.906465
4.583137 0.272563
4.290190 0.543454
4.061827 1.498447
4.473673 0.301505
4.884938 0.127457
5.179190 2.007880
4.172975 1.787210
4.799224 0.450931
4.989188 0.689998
3.987067 2.768511
4.777418 1.120473
4.802775 0.020430
4.370710 0.389783
4.080572 1.884680
4.515399 2.189219
4.857306 0.168863
4.067082 0.461335
4.028911 1.269102
4.304188 2.922776
4.200375 1.764421
3.971710 3.047129
4.360376 0.416226
4.477296 0.147375
4.835091 0.989145
4.236218 1.740255
4.995915 0.939810
5.442867 0.097324
4.946740 0.028545
3.648748 3.060576
3.978756 1.930593
4.513310 0.010579
4.573466 2.035639
4.564347 0.022307
4.105356 2.546681
4.836681 1.421031
5.432269 0.994944
4.302653 0.516936
4.838851 0.383965
4.608642 2.751342
4.223283 -0.190275
3.892228 1.319485
4.338212 1.767067
4.258801 4.096933
3.867061 2.010309
4.755345 0.592406
5.228020 -0.768020
4.341245 2.933567
4.982691 0.261782
4.593087 1.298299
3.975439 1.560406
4.866787 0.737191
3.841700 4.572104
3.833240 1.785539
4.339220 0.520853
4.794067 2.096946
3.941755 2.350143
4.404204 0.054192
5.496647 -0.660497
3.925808 1.515325
4.884889 1.994072
3.936962 1.826302
4.668523 2.082672
5.090727 0.693860
4.909474 0.150678
3.857881 3.051391
3.887157 0.951601
4.876925 0.572258
3.881707 1.100045
4.872889 2.405683
3.790510 2.502599
3.761170 2.210847
4.313243 3.009435
3.782556 1.073037
4.022831 2.809090
4.041791 1.006738
4.358393 1.589135
4.378081 3.104700
4.852634 0.041367
4.600920 0.192510
4.094729 2.054696
4.613279 0.360601
4.711030 1.398459
4.737685 1.797845
3.842118 1.117269
4.360624 0.373075
4.732348 0.272702
4.452291 0.305724
3.603528 3.864530
4.366967 1.878307
4.245068 2.653279
4.661410 1.895599
4.882039 2.472328
4.273479 3.182458
3.791073 2.441865
4.854413 0.315262
3.751577 2.425124
4.696116 1.017246
4.668361 3.010264
4.968556 0.117057
5.528814 0.719086
4.790282 0.855659
4.703162 0.119820
4.166467 0.320206
4.680248 1.419962
3.884579 1.366069
4.727028 0.464148
4.296080 1.961100
4.596544 2.130163
3.796592 1.195445
4.517086 1.819565
4.626950 1.809801
4.938969 0.154971
3.983487 2.167544
4.434066 0.264817
4.563335 0.483288
3.151710 2.458787
4.867560 2.294813
4.148817 1.375356
4.230014 3.247389
3.817068 0.992956
4.797920 0.631168
5.096426 2.821048
4.007888 2.163150
3.874976 3.057316
4.611190 1.223543
4.196026 1.143829
3.890672 1.499134
5.103186 -1.844536
4.040202 1.447270
4.271438 2.894114
4.061745 1.605982
3.833419 0.951909
3.509316 0.841857
4.873289 0.404864
4.056097 3.234480
4.114457 0.583175
4.319439 2.672863
4.416613 2.802778
3.906516 3.331723
5.077199 1.206863
4.325401 3.273700
4.766289 0.242141
4.767926 -0.037367
4.682572 2.422301
3.771847 1.578077
4.704950 -0.192774
4.988657 0.030349
4.417700 -0.054448
4.446233 2.235616
4.496224 -0.291452
4.197677 1.285466
4.695209 1.934237
4.981043 -0.286987
4.517857 -0.143497
4.928551 1.237817
4.499460 -0.079861
4.003800 3.019506
3.855680 3.261839
4.969421 -0.089802
4.415553 -0.293787
4.117837 1.878920
4.945112 0.609660
4.552256 -0.262281
5.126113 0.806016
3.818943 1.789683
4.155296 2.059623
4.569882 -0.160933
3.729705 3.104357
4.608939 -0.038268
4.221176 0.496890
4.555427 3.057556
4.191156 0.237645
4.649208 1.787019
4.141952 0.225619
5.120724 0.890340
3.753599 1.604649
4.306439 0.220204
4.130805 0.203596
4.242862 2.258579
3.942236 3.159658
4.353002 0.126269
4.209821 2.255529
3.832997 1.601838
4.216461 0.239489
4.342300 0.149492
4.190840 0.136568
5.084183 1.122805
4.372995 0.169662
3.822799 2.241293
5.445080 2.882771
5.067680 1.155407
4.451559 -0.252245
4.747380 -0.233024
3.897062 1.095154
5.071868 1.081723
3.835737 2.651348
4.570780 -1.459991
4.158219 0.412288
5.009355 1.801763
5.517514 2.985230
5.097003 0.849833
4.796940 0.476243
4.124699 0.046762
4.877458 -0.129878
4.984222 -0.049425
3.673306 3.733726
4.739560 -0.054234
4.294261 1.899163
5.103781 0.419561
4.413126 -0.168042
4.416520 1.979331
4.916360 0.876885
5.210371 1.237394
5.297218 0.885792
4.835737 0.584356
4.686127 2.420334
3.815165 0.845649
5.158721 -1.765231
4.990716 0.004419
6.028269 -2.021564
4.111633 1.768153
4.037298 0.861319
5.033450 0.695099
4.488107 4.109635
5.168641 1.550963
5.155373 1.289743
4.931501 -1.454673
4.340650 2.376854
4.996780 1.960685
4.975027 -0.302349
4.397715 0.468407
4.213116 2.105495
4.603801 2.682743
4.306896 0.083022
5.304663 0.850529
4.190417 2.662827
4.574085 1.581730
5.087837 0.569015
2.814190 3.967200
3.897019 0.906521
5.160977 0.880310
4.998974 1.302392
5.331423 -1.255422
4.059346 2.374407
3.832212 1.991168
4.928944 -0.180613
4.427947 2.237742
4.603129 -0.020541
3.806201 2.910010
4.614201 0.951007
5.023084 0.353111
5.075006 -0.927875
4.258631 2.808935
3.980195 0.844057
4.144289 3.076609
5.151722 0.166223
3.972961 1.923314
3.761885 3.181659
5.211677 0.001756
4.042777 0.830180
5.020765 0.323731
4.082983 3.441556
5.039390 0.298998
4.203970 3.607826
4.454618 -1.296603
4.913235 1.986701
4.752991 2.108716
4.962178 2.622858
3.997818 0.995438
3.860279 1.922218
3.954713 1.945487
4.745897 1.168006
5.133909 0.019273
3.767025 4.867309
4.580337 2.540255
3.441269 2.469817
3.882758 1.893310
5.210950 0.258466
4.487419 0.765144
4.235644 1.224451
4.974232 2.044281
3.536635 2.287668
4.989416 1.657395
3.539075 2.737150
3.709264 2.645850
3.827688 2.456511
4.934537 2.675448
3.795382 2.919707
3.715085 1.012973
3.706755 2.453788
3.974190 2.706604
3.870506 1.629392
4.782698 -0.542025
3.747926 1.908360
4.948244 1.838439
3.583491 2.389384
5.193086 0.327692
4.839841 0.375511
4.843901 -0.483290
4.870304 -0.038806
5.018892 0.218463
5.028520 0.726701
4.556088 0.713296
4.698676 -0.438723
4.591024 2.220329
4.780550 -0.485680
3.936623 2.372316
4.531243 2.045287
3.776451 2.292705
4.860271 -0.376500
3.862857 3.218011
3.521907 2.228517
3.669001 2.632479
5.295416 1.005895
4.991692 -0.567970
5.032170 0.563917
4.921136 2.535194
3.551245 3.156549
5.029776 1.865829
4.792620 -0.354624
3.662545 2.632412
5.279967 0.700711
5.092456 1.593385
3.520515 2.064868
3.536435 2.201628
4.649347 3.168054
3.616875 4.516465
4.942395 -1.561180
5.056888 0.166690
4.173413 0.162510
4.033787 2.927542
5.266163 1.120847
4.258852 3.224349
3.692724 2.679896
3.845446 3.560138
4.852807 1.263572
3.609499 3.090140
5.074078 -0.176412
5.209584 0.235267
4.685037 -0.352096
4.327857 2.470704
3.850089 1.628068
3.577152 2.923520
3.611151 2.512517
4.333968 0.623096
5.222684 -0.113088
4.691301 2.056535
3.499316 3.109857
4.875510 1.782522
4.027928 1.608738
4.655953 -0.593814
5.192919 0.811071
3.749889 1.636036
3.583357 2.220639
5.124921 0.200724
4.056455 0.570597
3.473065 1.656444
4.355775 -0.150242
4.896304 -0.608312
3.963289 0.582004
3.993843 0.541038
3.990144 0.579433
3.976279 2.182542
5.307631 -0.146329
4.866125 2.470920
5.173468 1.302186
5.198802 0.962374
3.565885 2.972013
5.107432 1.640054
4.278814 -1.240235
4.173798 -0.295416
4.029701 2.431407
5.266038 0.584088
4.756030 2.857017
3.730190 2.161912
3.679743 3.420343
4.805358 1.817154
5.162788 0.525917
4.794117 0.260168
4.594302 6.074599
3.600509 2.143742
4.413009 0.521193
4.394396 1.906687
5.035313 0.323133
4.272323 3.602379
5.297388 -0.263289
4.643065 3.102789
5.277075 0.368846
3.385504 0.062841
5.291427 0.053952
3.781466 1.120473
4.083881 2.549830
3.287370 1.073986
5.174566 1.439743
4.915869 1.919960
3.443867 3.484582
3.495506 2.252523
5.004191 0.264072
4.740695 -0.099859
3.616218 2.041344
3.842193 0.355474
5.286944 0.316317
3.716539 2.600837
3.603221 3.313320
5.097979 0.262279
4.187641 2.012220
4.217618 -0.098603
3.943500 3.358240
4.118387 0.094266
4.153251 3.052948
4.651388 2.271906
4.942951 2.788676
4.671253 3.603001
5.185416 -0.127252
5.220713 1.965268
3.735105 3.465258
3.492850 1.338849
4.518980 3.611568
5.119349 -0.420826
3.665936 1.335800
4.388133 3.582978
4.150969 -0.185467
3.538249 3.198385
3.675699 2.615074
3.655340 4.233359
3.827686 1.591444
4.004148 3.267227
3.839803 2.591741
5.085900 -0.327930
5.075812 -0.112536
3.489352 2.314196
4.597861 3.026258
5.004623 -0.458199
3.486507 1.273108
4.037142 4.019376
5.232357 0.789010
4.731507 0.932593
5.205891 -0.561199
5.084599 -0.316268
4.840013 -0.824146
4.106704 0.992529
4.779139 2.057111
4.082014 4.020488
4.995307 -0.391536
4.053994 2.222024
4.507378 3.129735
5.099658 0.797569
4.325171 -0.438112
3.534697 1.427684
5.092624 1.255075
4.068420 2.654286
5.066927 -0.515055
5.003849 0.356223
4.194042 3.777069
4.053333 4.021786
5.025410 1.289360
4.019073 3.057107
3.676431 2.441581
4.717090 -1.512938
5.231477 -0.489688
5.057835 -0.479232
3.621997 4.982437
3.639173 3.133085
4.793960 -0.704698
5.574956 0.389458
4.196341 3.045013
5.171370 0.429062
4.357718 -0.548987
4.933419 0.578114
5.085663 2.346654
5.612061 0.964651
5.720787 0.175582
2.764683 6.070321
4.417198 2.968986
4.875216 -0.878565
4.008774 2.307481
3.955307 0.285753
4.277860 2.677118
3.935119 4.024246
4.680399 -0.176472
4.699008 0.214926
4.041999 2.939753
5.256428 2.277202
6.191477 -0.599846
3.919343 1.723495
4.532098 1.109697
4.867248 -0.855229
4.793105 2.715420
3.656842 1.123702
4.627501 -0.733020
5.197582 0.913483
3.673268 3.733312
4.297754 -0.510495
3.683981 2.459768
3.879013 0.648217
6.031257 -0.089463
5.075809 3.188590
4.102257 -0.439382
5.061502 -0.028183
3.792180 0.135112
3.817920 3.147039
4.323137 -0.598461
3.481239 3.551455
4.095283 2.595952
4.441730 3.551018
4.554351 -0.685329
4.965607 3.207592
5.072541 -0.795638
3.855123 3.223331
3.438735 3.116889
5.150124 -0.001297
4.417290 -0.361856
5.489255 0.516051
5.432327 0.573948
4.209861 3.075992
5.518190 0.016236
3.667183 2.954123
3.884348 3.078665
5.150499 2.217514
5.116596 1.130199
6.089446 0.943689
4.712113 -1.175952
4.870557 -0.993563
4.950682 3.767984
3.952201 0.267514
3.873969 2.553895
5.393210 0.096740
5.471132 -0.076672
5.560035 1.182582
4.398420 1.650560
4.801842 -1.227557
5.350432 -0.287371
5.492653 0.114571
3.251654 0.908470
3.612754 0.925867
3.882972 4.220572
4.694685 2.938290
3.656949 1.474274
4.540916 1.495618
5.488123 1.199223
5.135895 -1.081537
4.902772 -0.883284
4.189304 0.823442
4.906152 2.832132
4.906833 2.379987
5.026627 0.467529
5.018375 -0.001479
4.844180 3.708853
5.472769 -0.505739
3.660083 0.716816
3.938374 4.352643
5.500383 0.206262
3.764956 2.967897
4.839125 1.376291
3.850984 2.144701
5.107489 -0.685124
3.270260 2.302156
4.009929 0.389139
5.773663 1.086376
4.557194 4.049832
3.245321 2.673674
5.543537 1.006995
3.194473 2.656549
3.639314 4.106553
5.587821 -2.864629
3.191412 2.521545
4.758905 3.018191
4.630528 2.554549
4.185089 0.558748
3.228824 2.416489
4.398415 0.119179
4.837253 2.869444
3.824338 1.900589
4.367661 -0.417474
5.882967 -1.364983
5.402650 1.804741
3.538624 0.653907
4.859279 3.665547
5.548460 1.898369
4.582209 0.141679
4.362651 4.008551
3.216343 3.652626
3.378465 2.023069
3.320312 2.295804
4.579076 3.708327
3.781196 1.967293
5.499094 -1.119927
3.404766 3.652170
3.457663 2.576157
3.126131 1.673400
3.252595 1.979221
3.818242 -1.561921
4.215495 4.488008
5.537450 0.562600
4.051121 0.049080
4.044655 0.444369
4.712554 2.364374
3.249810 1.351543
4.312483 3.263873
2.628275 2.364513
4.863491 2.938190
3.324161 1.295805
5.429297 0.634837
3.245643 2.592082
3.338960 1.007697
4.150565 -1.049991
5.789793 -0.338225
3.391741 1.279960
3.834726 0.972685
4.453993 3.038110
3.292707 3.213254
5.883988 0.019077
4.845496 3.123812
3.376475 3.643008
3.871839 0.014846
3.873329 -0.318268
3.681996 1.052693
3.888639 -1.207350
4.894599 4.123287
2.516344 1.579689
6.964019 3.847038
4.689651 4.708971
5.255579 4.130345
4.705810 5.322241
6.137537 3.588618
4.388310 5.393355
4.887356 5.318256
6.288084 1.600487
5.032435 4.066572
4.034386 6.986166
4.762747 5.446884
4.273215 5.256384
4.666367 4.400949
5.726938 2.458915
4.651454 5.500667
5.145577 4.867150
4.798444 4.875855
4.994110 3.442738
3.949851 3.309349
4.468951 5.534503
4.761589 5.305758
4.278012 6.044853
4.681107 2.614490
5.309562 4.301698
4.838457 4.643923
5.157734 5.007944
5.145802 4.162094
4.654120 5.389588
5.038010 4.592982
4.851182 5.356858
4.508688 4.164642
3.870474 3.898571
4.347061 1.925198
5.176564 3.847417
5.121200 4.971252
4.993603 5.388011
5.109622 3.945807
4.769402 3.852926
5.055011 4.040215
5.974941 4.845526
4.886550 4.848130
4.598743 5.592103
5.455559 2.256259
4.996367 4.721901
5.950588 3.280241
4.985260 3.790757
5.186495 5.217224
5.101983 4.003481
4.910933 4.356595
4.640131 5.817494
4.409942 5.915357
4.578603 5.462757
3.572189 5.321413
4.930379 5.319846
4.537503 5.095939
5.151219 4.761657
4.436731 4.087931
4.847413 4.636631
4.424952 4.998236
4.581608 4.902417
4.739972 5.809640
4.991961 5.721283
5.309817 4.317485
5.203364 4.005922
6.064570 5.757337
4.703752 5.702381
4.546132 4.594365
4.905211 5.173526
4.700350 5.717102
5.855409 6.181655
4.717564 4.793748
4.302923 5.041568
5.153890 2.039255
4.938313 7.186485
4.834767 4.173032
4.728793 5.716229
4.729995 4.013062
2.501354 7.390123
5.032926 5.485937
5.104783 4.676307
5.818362 2.137277
3.357316 5.551004
4.812133 3.095160
3.909981 3.167714
4.221977 4.900447
5.201992 3.810936
4.190297 5.098464
5.509709 4.421457
4.270813 4.931098
4.413738 5.163219
4.714834 4.300912
5.028855 5.396266
5.762006 1.883037
4.426091 4.468180
4.563409 3.548884
4.534689 4.816411
5.299856 4.868917
5.013169 5.314769
5.349069 4.283712
4.352130 4.892839
4.162240 5.559764
4.106396 5.010175
5.150909 4.312982
4.909335 6.564091
5.544556 4.461673
4.480890 5.591586
4.606913 4.126706
5.044420 5.523487
5.271588 5.122197
4.533982 4.066526
4.387691 5.685009
4.656174 5.557634
5.439910 4.524416
4.136171 5.404326
4.952464 4.813489
4.293812 5.390540
5.260635 5.422298
4.554584 3.940546
4.056121 6.929049
4.494963 3.993126
5.138466 3.744790
4.318804 4.802731
4.814671 2.713624
4.713566 5.635117
4.944192 5.045094
5.283296 4.548692
5.107506 4.655533
5.002413 3.628646
4.792252 3.723633
5.235972 5.592380
5.022495 3.657226
5.396206 4.332295
5.173087 3.994463
4.079391 4.747966
4.440915 4.825904
4.741929 3.512105
3.205835 5.327785
4.493364 5.807092
4.576029 4.352411
5.327580 3.886268
4.857584 4.255741
4.801446 5.469548
4.768631 6.028392
4.948506 5.826331
4.960712 3.929217
5.016638 3.463406
5.281541 5.441833
5.327988 5.025367
5.403190 3.962576
4.328038 4.409867
4.178063 6.665683
3.824655 5.035801
4.337731 4.260045
4.698596 3.564507
4.660916 4.930015
2.894763 5.000139
4.017485 3.345732
4.715107 3.630253
4.808331 4.335032
5.170189 5.110182
4.145861 5.334116
3.976606 3.644014
4.140836 4.379524
4.531631 5.276176
4.995501 5.913090
5.002064 3.884147
4.499774 3.780529
4.574487 6.023276
4.166321 6.169783
5.064010 5.445201
4.317599 4.444078
4.090406 5.869621
5.417707 4.048624
5.538203 2.173243
5.102723 3.573828
5.373402 1.444000
4.674319 6.202273
4.442162 3.769311
5.621414 4.862633
4.148292 5.660479
3.267016 4.684573
4.120804 7.449389
5.493075 4.426659
4.597013 5.074778
4.090538 5.659585
5.093713 5.394454
5.442503 3.860710
4.743940 3.763070
4.612801 6.110526
4.405425 6.100748
4.938509 2.205008
4.383274 4.522429
4.854590 3.613592
4.651038 1.997581
4.080898 5.770143
4.521663 5.857874
3.751905 3.736897
5.386503 4.547036
4.719803 5.397613
4.830165 6.059105
4.774968 4.082752
4.728602 2.078908
5.075674 5.596591
5.535202 4.210721
4.842121 3.526299
5.011644 3.785568
4.963046 5.398581
4.720854 6.011813
5.248001 4.803804
4.613900 4.514507
5.413620 3.550441
4.550617 4.954347
5.356874 3.470207
5.372121 5.020352
5.282007 5.661216
5.516309 5.945084
5.425284 3.683691
4.262717 4.463094
5.619925 7.239822
5.450027 3.689133
4.668996 5.890024
5.264885 5.396088
3.762284 4.380059
5.531788 3.829783
3.990143 3.491096
3.695877 5.352557
4.148599 5.552999
5.254887 5.887274
5.287448 5.149222
5.438266 5.130577
4.790436 6.645841
4.564260 4.874660
5.348534 3.540856
5.539866 4.080140
4.400362 5.301683
5.645840 2.072295
4.685649 4.035023
5.439399 5.150160
4.025329 4.469861
5.550622 3.731545
4.490551 6.167191
5.980848 4.859545
4.798065 6.035097
6.328480 3.277938
5.519840 3.660774
5.173764 3.441828
4.656703 5.747131
4.737920 4.225544
6.737696 4.006607
4.437044 3.107250
5.394200 3.635155
5.455420 5.213053
4.006038 3.821032
5.236235 3.910058
5.012990 3.219326
5.598075 3.980383
4.653111 5.497708
4.796341 2.883389
3.767963 4.599929
5.001894 3.615476
4.088591 5.361228
4.323817 5.032587
3.749429 6.479843
5.312725 3.842892
3.538610 6.751534
4.517828 3.467607
5.122201 4.849928
4.469539 3.533805
4.463903 3.461265
5.023782 3.160600
4.361258 3.010022
5.106606 4.880434
4.419345 6.085612
5.378736 4.146373
5.142050 3.397838
6.066987 5.285464
4.484202 3.963114
5.174843 5.244046
4.166831 4.807630
4.687603 3.450000
4.534902 4.880935
5.342667 5.230994
5.170447 2.215256
4.195548 6.000021
4.185174 5.923263
3.272166 6.758560
5.486781 4.656666
5.040886 4.436782
5.563695 7.021364
6.132647 5.130095
4.337358 5.254372
4.791896 3.206428
5.578702 4.831144
4.155729 4.250740
5.153952 3.093177
4.867465 4.542449
4.381869 4.567087
4.241117 5.196661
6.854368 3.387917
5.046691 3.260172
5.289577 5.335845
4.207378 2.842946
4.724698 5.708843
4.279739 4.084003
4.686581 5.422548
5.038152 3.974258
4.200046 5.581003
4.295976 4.887633
5.047238 3.473677
5.603678 5.204907
4.970692 3.619372
3.186040 6.326340
4.607359 6.536401
5.483171 5.475302
4.393631 4.272161
4.372283 6.048669
3.391090 5.242527
4.961671 5.454040
4.966857 3.564358
4.777883 4.058103
5.208675 4.326282
5.319907 4.802560
3.763906 4.483206
3.633307 4.788750
4.589874 6.398041
5.576239 4.370517
4.689856 3.394889
4.623117 3.671764
5.278990 4.069498
4.784407 5.464339
4.402472 5.306832
4.334110 4.261495
5.384893 3.311276
4.878072 3.804179
4.942099 4.223030
4.125784 3.506088
5.096455 4.551809
4.434546 3.580843
4.904968 4.229953
4.933755 6.135922
6.669675 3.917453
5.179891 5.919493
5.346808 4.827682
4.504998 5.526278
3.223414 6.508480
4.508538 6.530138
5.473213 5.443363
5.306288 4.689877
5.488438 4.012866
5.415425 3.392218
6.235486 4.280138
5.439472 7.126874
5.769547 4.117122
4.842400 4.515439
5.427905 3.133985
4.414551 6.169471
4.608758 3.507134
5.399252 5.116252
4.309650 4.257098
4.811534 4.645518
4.455255 5.005612
4.942610 3.301080
4.404103 6.551456
4.311342 5.368445
5.921706 3.518131
3.528514 6.487595
4.511961 5.821515
4.973176 3.338594
5.054101 6.039759
4.954196 4.004460
4.293774 7.310175
4.828419 3.608377
5.530884 5.172606
4.565761 4.961347
4.210428 3.785440
4.921901 6.311433
4.524043 4.853823
5.153636 5.885229
4.198564 4.506518
5.673649 3.836612
6.710561 2.698225
4.204236 6.240707
4.873705 6.491328
5.515944 4.766346
5.110710 4.154315
5.749978 4.397767
3.958437 5.435475
3.943565 5.291654
4.039050 5.346302
4.064382 4.030247
4.706457 3.352964
5.877542 4.137094
4.242261 4.969836
4.258590 4.437335
3.990434 5.336297
5.899871 4.385436
4.503440 2.903368
5.135896 3.367989
3.755837 5.090441
5.450593 2.185534
5.933570 4.529261
4.039016 5.401470
6.605943 2.339647
4.103732 3.755351
5.668533 3.700880
5.290131 2.792488
5.448532 3.756532
4.058208 5.258324
4.153775 4.269045
4.756266 3.485497
4.888288 4.440605
4.083518 4.711059
4.739308 6.315003
5.753031 3.515735
5.127480 3.142380
3.874148 4.736053
4.741831 5.296163
6.448329 4.292714
4.925667 3.812518
3.266978 6.342334
5.671215 5.376550
4.228652 4.854098
4.986146 6.560844
5.163879 3.087503
5.451465 5.394441
3.931079 4.985313
4.583160 5.566020
4.610701 5.811555
5.022554 3.115259
3.924855 5.662261
4.879108 4.050557
4.296782 5.710912
5.395206 5.235869
4.007627 5.079293
4.132849 4.837201
4.438897 6.358828
4.613672 4.809143
3.993197 4.813370
3.959745 5.915702
5.825108 4.692593
5.930912 3.686940
5.267131 3.347336
4.594933 5.276433
5.509135 3.410641
4.677263 4.202211
4.380384 4.514737
5.038941 3.032695
5.624942 3.762093
3.534992 4.522748
5.666321 4.855401
3.963094 5.879565
4.999675 5.407528
4.762578 3.644667
5.439875 3.774130
4.457969 4.573321
5.606798 5.753061
3.860614 3.985769
5.182077 6.205318
4.228003 3.900643
4.604088 6.035316
4.072336 2.546586
3.752193 5.077241
6.583442 2.975700
5.859859 4.281225
5.550953 5.257574
5.521746 4.595998
4.350806 4.631178
3.917328 4.848288
4.275171 5.875860
5.591480 5.385833
4.692288 3.923151
4.363683 4.100732
5.764118 6.698315
5.558546 7.423236
5.881034 3.650203
3.886622 5.731863
3.723951 3.800497
4.552243 3.443483
6.388811 2.828243
5.910569 4.835980
5.533012 4.045336
5.819009 4.448341
5.345922 5.861880
4.944292 6.163655
4.966426 3.013602
5.243056 6.020642
5.323012 2.976493
4.337129 4.899138
4.081579 4.210377
5.836930 4.735272
5.078548 4.461212
4.700649 5.043445
4.646158 3.434290
5.271710 2.914213
4.592508 2.248358
3.912734 4.570541
4.726915 3.203522
5.070520 1.301734
3.383546 3.848877
3.967639 4.454785
5.175728 1.696854
5.657320 3.391747
3.914875 5.078125
4.075478 5.499180
5.216597 3.374883
3.781569 5.929879
4.579965 3.872932
6.525809 3.425845
5.394332 5.629532
4.781438 2.677025
5.010178 7.083321
4.907637 7.737453
6.812363 3.236494
4.935444 1.875425
4.229351 3.759330
4.029266 4.603577
4.479307 3.717323
4.614830 3.695825
5.885826 3.888540
5.271369 4.332714
5.348793 5.688529
3.989277 7.214222
4.183564 5.447352
5.153492 2.842690
3.761077 2.518425
5.811707 3.280106
3.866734 6.055739
4.487327 6.174190
4.492299 5.800343
4.776569 5.604001
3.269963 6.656467
4.589217 6.686968
3.802074 4.392025
4.106485 4.964296
6.018640 1.298250
3.920825 6.023380
5.255288 3.073526
4.868330 2.877093
4.179766 6.298501
3.873510 5.372418
4.947664 6.357433
4.772224 3.498288
5.600525 3.279779
4.646559 3.815258
4.066771 5.288064
3.833020 5.751731
5.784123 5.025704
5.622008 5.093780
3.782410 6.055864
3.996943 4.968650
5.470380 5.351532
5.896821 5.124094
3.823354 4.657060
5.882023 4.389099
4.756134 3.062688
5.409396 3.298730
4.918681 4.787300
5.483884 4.005408
5.207850 5.057171
5.297887 6.370983
5.515025 1.542490
4.082963 6.032578
3.866240 4.673567
4.941032 2.871119
5.790079 4.459906
3.642445 5.356604
4.030694 5.334415
5.388393 4.047812
4.838413 4.226334
4.650399 6.052472
4.921046 3.942562
5.187068 3.179021
4.238338 4.152003
4.785805 6.638680
5.097261 4.073175
4.634865 6.190576
4.123374 3.443048
5.837185 7.587471
4.930632 3.329473
3.541569 4.889741
5.479550 1.449607
3.893375 4.863842
4.117625 6.734463
4.746994 5.690191
4.461530 2.008427
5.110990 5.956976
5.249002 5.552035
4.317587 3.577545
5.554600 4.377110
4.616560 3.732283
5.892998 3.064716
5.636880 4.283621
5.975315 3.220619
4.362849 6.062135
5.493433 3.746871
5.713685 2.879728
5.679183 3.971674
3.828938 2.741849
3.972114 5.254333
4.613123 6.872128
5.227986 2.551409
4.824190 4.456799
5.868679 4.690423
5.231704 2.580701
5.869929 2.950067
4.792019 2.874759
3.510944 6.877582
3.764635 4.084130
5.813858 3.346712
3.527733 7.141952
4.337396 3.794099
5.169149 4.238381
4.588171 6.498974
4.652917 3.194920
4.971235 8.038010
5.540047 4.118343
5.428010 3.171081
6.097412 1.359002
5.284319 6.345610
4.194445 5.707398
3.815910 6.335839
5.501756 2.780072
3.969182 8.010721
5.724626 3.058735
5.722230 3.014482
5.215969 2.771144
5.428455 6.182960
5.317523 5.401524
5.731172 3.575786
4.279573 3.741131
5.062647 6.001983
4.046827 4.125884
5.465523 2.608754
3.778720 6.304570
4.383307 2.890092
5.694495 5.473915
4.921800 6.644621
5.677926 3.908199
3.897719 4.150129
5.782804 3.846459
5.157370 3.798764
5.124216 2.798707
4.185248 6.026137
4.807961 6.011641
4.602508 5.820380
5.970337 3.455414
4.732989 3.400487
4.959577 3.375432
5.959194 1.290285
6.346919 4.081111
4.836603 5.193336
5.453218 2.745760
4.420752 5.174595
4.604176 3.008768
4.008185 5.190938
4.190500 6.709268
5.384838 2.731103
5.035459 2.740767
4.708297 2.718199
5.781479 3.707085
4.413468 4.093306
6.192877 3.999902
4.722420 1.958062
3.873717 6.167669
4.378119 4.353087
4.724791 3.414448
4.805348 2.749520
4.180291 5.014573
4.024427 4.306399
5.863121 5.512121
4.566662 2.933853
4.217862 3.745728
4.603468 3.483285
4.307469 6.854008
4.967759 3.018250
5.814962 2.670303
4.322658 3.219495
3.828440 6.561018
3.830442 4.005620
4.253086 4.672236
4.186842 4.598493
4.138692 6.569407
4.110620 4.023616
3.947597 4.106076
4.404277 3.049336
3.752751 5.584564
6.202234 3.644886
4.213946 3.553135
5.856913 2.788682
4.366347 4.192776
4.151765 3.212417
4.619463 3.561747
5.670071 4.735385
3.925653 5.631995
4.677378 3.044819
4.528455 7.065299
5.414504 6.608810
4.361252 4.675542
4.819438 5.318083
5.257379 3.592001
4.467661 6.053237
3.998923 3.911688
4.027440 3.806501
4.192446 3.369396
4.256709 5.094594
4.313141 3.173322
5.503225 4.151867
4.824503 2.578686
4.138656 3.851767
4.114396 6.747245
4.131743 4.472990
4.794466 2.676348
5.250567 4.042657
6.017581 4.171771
4.457826 3.008935
6.045203 4.808411
5.167182 6.247636
4.766410 4.891520
5.860867 2.662277
5.758944 6.685997
5.310333 6.688919
4.605749 3.562379
4.499813 4.055827
4.706614 5.727353
4.574371 6.026662
6.137525 3.900753
4.993979 7.173845
5.578569 3.490284
5.591438 2.822610
3.894750 4.704603
5.201773 2.950157
6.226270 4.689936
5.661934 3.030288
5.378395 5.103277
3.968757 4.647359
5.125557 2.347849
4.277096 7.042712
4.680395 1.496231
5.694441 2.632714
4.942324 5.233189
3.972669 5.395185
3.932293 5.099279
5.073419 6.437880
6.163337 4.923695
4.944584 4.774398
4.409521 4.497079
3.474621 5.818701
4.330715 5.834229
4.821959 1.296292
4.913513 3.528037
5.554212 4.742676
5.199317 2.542228
6.194564 2.876784
4.373336 3.538408
5.790774 2.555139
4.377177 4.045061
3.811865 4.694510
5.504604 6.452594
5.257356 4.554286
4.857935 3.293413
5.195581 2.980588
5.556058 3.118617
5.003167 2.598718
4.232818 5.067913
5.311348 3.947898
3.864494 6.744333
3.855348 6.078186
5.425163 2.682402
4.009263 7.746119
6.030425 3.878596
5.050120 4.919381
5.260052 2.427123
5.552141 6.469915
5.123616 6.489248
4.386244 2.682574
5.055302 2.576868
4.611779 2.638910
4.726232 2.635054
4.859770 4.708171
4.972782 6.463686
6.123134 2.654041
4.519469 2.732094
5.835199 3.459914
3.532978 5.371672
4.789769 4.654126
3.850771 3.498910
5.925406 5.098296
4.757829 4.847074
4.750566 4.630929
4.469131 4.327420
3.524115 6.057571
3.867789 4.361460
3.217981 3.570653
4.680001 4.696500
3.796701 4.553126
4.626935 4.803483
4.702044 4.455220
4.665557 4.898045
4.817903 4.684153
4.636317 4.809304
4.957158 5.112375
4.343440 2.990490
4.748590 5.258615
5.693055 5.892897
4.084347 3.570319
3.754121 2.966082
4.739480 4.583008
3.337108 3.635108
4.894251 4.392459
4.419961 7.472572
4.662828 3.274111
5.577739 3.098211
6.098076 4.249098
5.950528 2.851689
3.882297 4.265666
4.812795 4.553551
4.604080 4.912811
4.239853 1.971589
4.943411 5.022634
3.594547 3.286674
3.555475 3.110758
4.674417 4.711553
4.452021 2.530630
5.099891 4.375081
4.024949 4.844533
5.923791 6.141438
4.746856 5.307930
4.323583 4.941078
5.029492 4.753421
5.024252 4.456170
4.557842 3.570852
3.826207 4.383711
4.939337 4.936959
4.739691 2.626431
4.948681 4.744457
5.122898 4.297085
4.842100 5.213289
4.487578 7.471287
4.908576 4.114954
4.986176 5.002874
4.874142 4.094781
3.744110 4.727655
5.042867 4.977762
5.065263 5.092008
5.065070 4.997656
3.964897 5.788758
3.663545 4.437918
5.073400 4.507764
5.643432 5.877137
4.960873 4.883508
4.775375 5.147826
4.481012 4.781561
5.372414 4.494187
5.128468 4.168038
4.032863 5.311202
3.779900 3.641882
4.785100 4.436409
4.948928 4.438548
4.169333 3.698985
4.837298 4.389238
4.629010 4.496306
5.010346 4.333418
5.449660 2.738401
5.294940 4.658764
5.885256 3.082186
4.651441 4.527976
4.484632 4.861043
4.667420 5.202406
4.767977 5.569400
5.170183 6.993855
4.486534 2.537574
4.664468 5.055238
5.473743 6.572671
4.525414 4.681397
5.290932 4.744771
4.445359 4.509804
5.415379 4.250306
4.495008 4.461406
4.942865 4.159198
4.905575 5.567093
4.663330 4.214073
4.446525 5.385994
4.569145 7.274839
5.560065 2.079665
4.922809 5.568615
4.803334 5.567537
5.162610 4.964054
4.592269 5.585491
4.382149 4.882073
4.600052 4.395294
5.206148 4.968357
4.882292 4.163950
4.349751 5.392925
4.758527 3.984349
5.486094 2.073331
5.882886 5.423005
4.424658 4.841620
5.253377 2.629684
5.317135 3.084812
4.751738 4.388331
4.346169 5.045613
4.847491 5.409810
5.084450 4.239897
5.384594 4.512878
4.444206 4.586716
5.381850 4.504305
5.483573 2.115182
5.402731 4.169361
4.525075 1.297939
3.713202 4.334353
5.187922 5.192256
6.119627 2.461284
4.229109 4.993599
5.807953 2.370152
5.007547 3.471510
3.820803 5.033305
3.823881 4.053233
4.460023 2.907429
5.081969 4.434942
5.229655 4.791031
3.695870 4.309245
3.977585 3.409247
5.878721 2.079297
4.365840 5.991204
3.992220 3.834708
4.521496 4.066475
5.516786 3.772858
6.007345 5.365602
4.819335 4.794909
4.845834 2.444890
5.270866 4.953643
5.852252 7.268249
4.041397 7.210132
4.491939 8.260745
4.408189 4.401596
4.677978 8.368955
3.846857 3.693957
5.662494 2.260470
3.960596 3.407014
4.137489 5.187089
4.078883 5.549570
4.409296 5.514055
4.259460 6.766755
3.513630 4.269547
3.447726 3.906263
3.993189 3.721789
5.744745 2.359510
5.673915 4.093976
4.165051 5.279745
5.940972 0.625126
6.040260 2.765242
4.193461 4.612403
4.925260 5.474704
4.082762 4.634075
4.233953 2.786838
5.580820 4.779798
5.471750 2.980647
3.153240 5.660012
4.848797 4.206291
4.686095 4.429481
5.705375 1.009201
4.093385 3.260847
2.749369 6.029278
4.411758 7.477195
4.083592 2.655782
3.712989 2.512460
6.870914 3.146931
4.323630 3.304494
2.545797 5.440730
4.750002 4.643431
7.289165 4.376733
6.064083 1.980631
6.027600 2.682093
4.455457 8.294445
3.429981 6.388472
6.266819 1.147252
7.749165 4.395179
2.579005 -0.065425
3.610002 -1.331290
4.927785 -0.298352
3.417596 -1.214590
4.234932 4.006617
2.633739 3.713409
4.022370 2.347998
3.012234 2.469311
3.650748 2.351100
3.417900 2.676151
3.276452 2.846712
4.011052 0.444266
3.503129 -1.691866
3.728409 -3.494470
4.122025 0.366182
3.419340 3.983721
3.143855 1.669426
3.701218 0.036256
3.499716 6.240310
4.283061 0.497575
3.169271 3.276543
3.978349 1.099007
2.551806 0.248932
3.144952 5.110962
3.779711 1.211814
2.806382 0.202482
3.669972 -1.516909
2.949662 2.015301
4.114192 1.904961
3.463368 -2.537601
4.012134 1.589520
3.701731 1.731915
2.613194 4.830165
3.619388 4.805288
3.259267 5.622547
2.678572 6.237873
4.672182 -2.433837
3.117941 1.386579
4.054215 1.727681
3.706452 -1.085224
3.700810 -1.806896
3.572236 2.305766
3.135951 -2.627933
3.309305 -0.087901
4.099627 0.000381
3.356125 5.805497
3.276374 0.490767
3.047541 1.956616
3.148510 0.522508
4.014863 -0.241683
4.315132 4.996660
3.878146 0.683386
2.607843 -1.116376
2.859707 4.776490
4.094434 -0.308014
4.073012 3.238009
4.349132 2.955400
3.046050 0.919383
4.372869 -0.302213
4.102998 2.449794
3.261400 0.775219
4.135563 4.864996
4.159348 -1.279027
3.074404 6.212840
4.775874 1.643481
2.767727 5.808219
3.399695 2.741627
3.361178 3.087014
2.166219 1.859480
3.262754 2.921911
3.302152 2.313867
3.645100 2.698058
2.252414 2.353331
3.160186 2.207179
3.181962 2.907763
3.293999 2.574102
2.431374 1.469177
1.938561 2.339943
3.194100 2.958281
2.780700 3.549244
3.403427 2.283672
2.315980 1.648421
3.220944 2.566449
3.202787 2.059841
2.849515 -1.636863
3.305388 2.631654
1.950844 1.175918
3.332505 1.654469
3.301276 1.683401
3.133709 3.655732
3.933856 -0.114995
3.150648 3.118741
3.251549 2.359443
2.281886 2.329916
3.391958 2.091503
3.367579 3.249038
3.132906 1.841125
3.272959 1.883009
3.149752 2.607425
3.525545 3.466185
2.362309 2.734396
2.486664 2.616167
4.235340 -0.276367
1.915300 0.985258
3.303245 2.031955
3.427302 1.509538
2.271443 2.521801
2.699737 0.841584
3.642636 4.398964
3.865967 -2.037729
3.234050 2.410174
3.131245 4.730398
1.918693 1.852571
3.328056 1.746185
3.193718 -0.705787
2.462736 2.559163
2.203549 1.634957
3.396909 2.655088
3.401460 1.315867
3.127204 1.852666
3.344867 1.523959
3.200634 1.909435
3.454947 2.735081
3.413462 3.637750
3.698418 2.796107
3.612681 2.701905
3.593842 2.308535
3.011854 2.188479
3.413407 1.576970
3.115134 2.590654
2.227251 0.543499
2.914824 1.972239
2.405979 0.565144
2.981926 2.789527
2.886009 2.144392
2.933448 2.622949
3.055636 2.189904
2.095367 0.937230
3.425040 1.042342
2.875405 2.473436
3.709865 3.086771
3.212086 3.983007
2.901229 2.650403
3.239001 3.186429
3.422018 1.225748
2.216762 1.776072
3.036351 1.653704
1.965265 0.420375
3.262644 1.871216
1.937258 2.332890
3.559155 2.791566
2.832678 2.835922
2.109871 1.227286
2.901737 2.977704
3.474640 2.918238
3.017939 1.091010
2.990698 1.686898
2.884201 2.808558
2.900734 2.802794
1.964068 2.707816
3.605178 2.672445
3.031457 2.229424
3.935068 -0.249490
3.614820 1.885209
2.905463 1.260755
3.337807 1.835001
2.817577 1.498190
1.916236 0.169228
2.992007 1.309992
3.560704 2.880877
3.343805 3.774605
3.679489 2.187496
2.867414 1.444601
2.912333 2.072685
3.363910 2.502076
3.602095 3.385317
3.025049 1.747048
3.019397 2.140027
3.721121 -0.232710
3.125210 3.605497
3.244765 1.014551
4.344765 3.311553
3.004398 1.784937
3.020587 2.341593
3.762153 4.859852
3.159519 1.949000
3.010736 3.281038
3.427193 1.647932
3.379276 2.325080
3.422390 3.499089
3.695861 1.822016
3.461385 1.770587
3.311923 1.420769
2.250042 1.471759
3.316485 3.161896
3.577213 2.461658
3.365484 0.737029
3.924989 2.229819
2.866879 1.521254
1.968001 2.610146
3.707683 1.865018
3.298305 1.028250
3.632902 3.340882
2.944634 0.991862
3.287811 1.415417
2.999093 3.036314
2.833911 1.576429
3.184497 -2.265142
3.234421 2.243385
3.039548 1.157270
2.954237 1.980628
3.229748 0.795242
2.899157 1.093393
3.226413 0.943824
3.014851 1.791730
3.712838 2.614742
2.991614 1.020755
3.558794 1.942368
2.314047 1.425947
2.378403 3.258674
3.728743 3.453855
3.253221 3.872040
2.951995 3.449391
3.581733 1.613373
2.977057 1.340071
3.280757 4.277148
3.275239 2.538431
2.819283 2.195036
3.197451 4.338813
2.749190 3.311844
3.030725 1.233508
2.316825 3.612182
2.869940 2.623697
1.900199 2.623506
3.151677 1.052719
3.160174 2.885999
1.910142 2.060701
2.867118 2.084235
3.641153 3.668055
2.053078 1.655933
3.463951 1.799641
3.508136 1.493575
3.693689 5.231616
2.928146 1.196277
4.108001 -0.233639
3.003396 1.919151
3.967935 -0.539220
2.816932 1.151548
3.296322 1.523545
2.092398 1.670103
3.706986 2.813839
3.356581 6.151292
3.718586 3.128499
3.203120 4.335866
2.443861 0.754968
3.327727 0.597201
2.820542 3.142585
3.337102 0.324680
2.957479 2.521414
3.372685 0.378274
2.812576 3.970407
4.130467 5.229232
4.701488 2.797855
2.952269 3.935082
3.055301 1.189406
3.374927 -1.283919
3.114369 1.767596
3.243625 0.640022
3.235080 4.325022
3.518335 1.622444
3.428510 1.036995
3.428380 0.651507
2.837287 0.816124
3.157489 0.391205
3.517669 1.884005
3.291842 3.637171
3.129031 1.039075
3.722629 0.681209
3.736783 2.290119
3.129736 -2.497231
2.925106 3.747976
3.438279 3.222304
3.553613 3.921630
3.947032 -1.002223
3.067718 0.802724
2.326451 -0.298637
3.674386 3.348191
3.726899 4.059511
3.129706 4.182964
3.540509 2.657360
2.896455 3.385328
2.990741 1.328118
3.625772 1.194376
3.718813 2.190686
3.818728 -0.582556
3.202831 1.364907
3.044214 -0.809023
2.426447 3.723124
3.942076 3.334570
3.018680 1.945956
3.604318 0.948203
2.939195 3.230261
2.993886 4.026348
3.518121 1.481955
3.482006 2.140467
3.694541 1.745782
3.262818 4.531971
3.009125 1.423680
3.518472 2.619660
3.253215 3.771965
3.230587 -0.062581
3.376367 0.164747
3.014788 2.606112
2.765742 6.726794
2.238748 -0.542892
2.833936 4.124357
3.803574 4.555233
3.462067 2.186097
3.880500 5.110761
3.633055 3.224724
2.969791 2.299934
2.834151 3.278930
3.649492 1.591896
2.941819 2.655294
2.155841 2.559200
3.695007 3.577675
3.541843 3.901133
3.256162 2.618261
3.144635 1.866389
2.232916 -0.465022
3.728988 2.114387
3.608771 1.085466
3.289488 1.369868
3.176911 3.002299
3.533899 0.823983
2.181043 0.614552
3.282016 1.945333
3.599941 2.819837
3.439838 2.916076
3.100004 2.326719
2.983193 2.126065
3.116596 2.016139
2.725496 6.351721
2.936158 2.659850
3.073327 0.291004
3.133924 1.069239
3.123380 0.090590
3.619082 0.778036
1.907140 4.033041
3.301251 3.168155
3.086129 0.246504
2.471565 2.244467
3.541433 4.290787
3.559509 1.648295
2.980350 0.962931
2.870686 3.994867
3.545452 4.124081
2.971539 0.594662
4.200143 -0.991971
3.584291 3.468325
2.981597 0.782274
3.202164 1.696604
3.312033 0.174532
3.001098 0.261483
2.926759 0.230683
3.445006 4.218003
3.582814 5.898631
3.398283 0.982173
4.360248 -1.278073
3.108768 4.530467
4.279992 3.634218
3.549612 1.665519
3.188396 -0.116015
2.854359 4.337240
3.472804 2.034809
3.052423 -0.256997
3.487417 0.688602
3.630393 0.371516
3.741366 1.377900
3.008869 4.639949
3.307339 2.611762
2.986293 0.157459
3.713824 0.414196
3.810569 2.369211
3.298454 3.729709
3.119428 2.995249
3.514384 0.489712
3.952388 -1.723981
3.322218 4.032760
2.757260 1.972602
4.371984 -0.597491
3.732479 0.493126
2.979318 0.428216
3.006131 0.161711
3.121264 3.054349
3.389148 0.228484
3.328363 -0.212673
2.516178 2.045575
3.448420 4.107194
3.752589 -0.643380
3.437474 -1.596104
2.784676 1.964596
3.473248 2.780168
3.585456 0.325997
3.216882 -0.180813
2.885152 0.364857
3.180111 4.866125
3.229763 0.048046
3.195802 -0.278932
2.910010 1.656289
3.354553 4.946043
2.933096 1.210840
2.971229 0.638058
2.877094 -0.232673
2.788374 1.754800
2.814446 4.210953
2.603866 1.348417
3.439152 1.117540
3.689811 2.342086
2.996471 2.876874
2.607567 2.507950
3.077314 -0.181154
3.103229 3.638337
3.254436 0.232822
3.121822 -0.075999
2.923052 -0.267523
3.800375 2.312030
2.498174 1.113517
2.685941 1.261654
2.790226 2.712847
3.374068 -0.052751
3.813617 1.677373
3.217827 0.362578
2.815718 2.137003
3.213954 4.624578
3.413292 3.162937
2.815971 1.427042
2.517005 -2.277428
3.515090 4.019642
4.340252 -0.204633
3.765128 2.231662
2.711220 2.221279
3.164771 0.369094
2.501343 2.803738
1.943831 4.352138
3.637069 2.022516
3.744652 0.868780
3.164871 0.148815
2.773007 2.071063
2.704491 2.149344
3.796664 2.175316
3.091856 -0.017647
3.832204 2.328570
3.599983 0.168062
2.592179 0.205568
3.022810 0.826135
4.286136 -1.753091
2.583661 1.173642
2.730820 -0.929982
3.365752 3.529052
3.078821 -0.055611
3.377803 2.507141
2.824871 1.413431
2.585993 3.031330
2.852520 3.971140
3.074636 3.571083
3.797618 2.837304
3.543301 0.008890
3.644734 2.181060
2.905587 3.017450
2.541438 -2.258239
3.110176 1.251453
2.881964 -0.061266
2.557681 2.385848
3.018556 0.266956
2.571989 1.803609
2.857109 4.463646
3.595373 5.129451
3.028478 3.057979
2.968778 1.702096
2.565960 2.046975
3.105043 -0.182191
3.517083 4.356756
3.733006 4.459993
2.403144 0.174804
3.968230 1.899513
3.169859 4.238945
3.876125 1.591142
3.417385 2.580243
2.513623 2.544176
3.430645 -0.415472
2.664349 0.808159
3.486208 3.759001
2.768627 3.373587
2.797134 0.729268
3.856837 3.031815
3.002085 3.972124
3.921929 2.832519
2.906388 0.655400
2.893815 3.564737
3.744750 2.183317
2.694116 2.406075
4.060060 2.519533
2.545063 0.722667
3.499721 0.093267
2.823257 3.307552
3.342325 1.233160
2.538285 2.803259
3.851674 3.241349
2.566752 1.015409
3.834945 3.314485
3.638396 0.172311
3.898739 3.393232
4.277578 -1.232568
4.013289 1.920042
3.426261 0.789899
3.495564 3.536008
3.054713 1.453569
3.014224 1.290929
3.152383 0.695424
2.976038 -0.347794
3.668205 0.374742
3.298672 1.479118
3.650180 0.661042
4.516852 -3.639557
3.137441 1.814924
4.008785 1.378303
3.115584 -0.446258
3.305536 2.124774
3.152740 -0.075415
2.903112 0.932271
3.059627 -0.358681
3.166677 -0.177877
2.713802 1.709140
3.373763 1.985468
3.717608 0.270384
2.840862 -0.426214
3.615889 2.301787
3.027595 0.135021
2.755327 3.022734
3.299891 2.260682
3.066762 -0.389632
3.587545 2.578745
1.930443 1.479646
3.599306 2.010377
3.575293 4.256142
2.985081 0.422310
2.623091 0.757509
2.701765 3.723948
3.362982 1.367802
3.927071 1.455988
2.822986 2.610063
2.938638 4.110015
3.188809 3.449411
3.423083 0.058306
2.905804 1.790441
3.559232 3.886286
3.238751 -0.589155
2.750810 1.640865
2.879193 4.589468
3.164329 0.290271
2.772146 0.544975
3.418072 4.713204
2.642209 2.693851
2.897345 0.651839
3.510051 0.287166
3.503368 4.405866
2.826990 1.173909
3.207906 1.242349
3.335214 -0.512154
2.875198 -0.496939
3.057170 4.746772
2.856655 2.595736
3.950359 3.180635
2.803831 3.579597
2.751541 0.314991
2.698521 3.344415
3.107950 1.908659
3.291214 4.071011
3.949740 3.474957
2.466318 2.026670
3.917148 1.332917
3.583858 3.589543
2.724110 1.158104
2.979757 -0.523220
3.572448 3.000571
2.531471 2.953302
3.018663 1.096712
2.704430 1.750886
4.003257 2.067889
3.356600 -0.767355
3.355498 -0.652635
3.093543 0.776451
3.371438 -0.935309
3.440441 0.551854
2.644682 2.602602
3.148321 -0.660733
3.169168 0.181327
3.221019 1.493385
3.355196 -0.729395
2.527503 1.046757
2.781018 3.757106
3.859720 1.760328
3.220248 0.844224
3.482830 4.452897
3.549426 -0.199183
3.172759 -0.910581
3.310478 -0.928192
3.390676 -0.650371
3.328422 -0.483156
3.724605 4.363471
3.193388 3.198298
2.572866 2.168047
3.929729 2.277053
3.354294 -0.644890
3.640817 -0.261048
3.407183 -0.806709
2.917422 3.845448
4.078729 -0.234879
2.578026 0.240773
2.778468 2.672574
2.911000 -0.095793
3.098655 4.160372
2.841656 -0.636892
2.525921 0.316899
3.508948 -0.253247
2.070034 0.114051
2.607985 1.227002
4.062127 3.572632
2.867730 3.555909
2.996906 -0.766084
2.828068 5.151032
3.420299 -0.659865
2.674796 0.510540
3.119884 -0.773064
3.093638 5.022271
3.545423 2.177513
3.900645 3.259100
2.605167 0.605291
2.615824 1.977070
3.233420 -0.861204
2.506831 1.128337
3.817474 1.353771
3.657583 -0.619812
2.706007 0.461424
3.160713 5.234138
3.503541 -0.342666
3.642169 -0.614970
2.689828 5.088542
3.992752 3.940703
2.854240 1.141410
3.608188 -0.327679
3.135401 -0.638164
2.638875 1.026903
3.652320 4.125013
2.542131 2.602682
3.274164 4.208415
2.934162 2.261199
3.626323 4.820473
2.980168 4.938977
2.702247 0.041060
2.573415 0.016877
4.010926 3.871794
2.870218 0.975466
2.643471 1.648380
3.151277 0.795531
2.547601 2.071024
2.516787 0.427064
2.753598 2.485361
3.901731 2.790376
3.047758 1.494489
2.611659 1.807070
3.135500 4.821954
2.586981 0.701890
3.440286 -0.461798
2.526472 4.008199
2.607002 0.709394
3.686373 3.238883
4.275096 -2.058181
3.467426 0.947989
2.564048 -0.057592
2.579609 -0.146200
3.063574 0.727513
2.543746 -0.165182
3.699010 0.101381
3.310863 0.211573
3.588581 -0.501408
3.291528 0.882276
2.826071 -0.873365
2.998087 2.443489
2.592837 -0.034225
3.284539 -1.184077
3.230571 -1.114899
2.641895 0.142619
3.615478 4.540383
3.148421 -1.150098
3.239093 -1.245369
2.776737 -0.037601
2.564184 0.102293
2.545164 -0.306264
3.809718 0.680897
3.122573 -0.894881
3.768213 -1.145141
3.673211 3.621491
3.110794 4.784581
3.318702 -0.969081
4.037408 1.829684
3.639289 2.413779
4.103550 4.206139
3.458178 -0.045980
3.213386 -1.019834
3.501574 -0.360261
2.794652 2.172293
3.514690 0.143483
2.976067 0.043453
2.670171 -0.062050
2.224445 5.388952
3.116622 2.069602
2.965949 1.552891
3.193683 1.169671
2.997046 0.846213
4.628125 0.498960
3.129989 4.360976
3.498831 -0.219036
3.942467 4.336094
2.297254 5.156848
2.806940 0.493609
2.729905 3.705913
3.285750 4.156217
2.752007 0.950730
3.565932 -0.742790
3.515019 2.988300
3.028862 -1.091614
3.396406 2.058161
3.881973 4.173066
2.336496 5.056211
3.403855 5.355318
3.523756 0.106865
2.586063 1.135633
3.238297 0.181170
2.719673 -0.928243
2.760167 3.156785
3.206593 5.019775
3.376294 -0.829336
2.902000 3.028231
3.651878 -0.394386
2.749041 -0.482732
3.509536 5.290148
3.654685 -2.192963
2.866680 -0.736027
3.604337 2.621938
2.604271 -0.611469
3.411958 2.964652
4.020966 0.321304
2.589660 3.334228
2.642780 3.585524
3.391255 1.130057
2.574541 1.470291
3.306562 -0.269793
3.767576 3.323106
3.349756 -2.427524
3.635201 3.328595
2.725389 1.235995
2.584569 7.375938
2.762741 4.248533
3.006752 5.544343
3.215091 0.343353
2.735237 4.518210
2.905556 2.321857
2.670071 0.059736
2.436894 4.463304
3.420573 5.846385
3.611904 -0.911006
3.270871 0.114449
2.878760 7.076054
3.413190 -1.352858
2.777959 -0.342389
3.725562 -0.912380
2.868292 0.710452
3.183187 -0.512829
3.318897 1.370127
2.688185 2.661062
3.790075 0.118743
3.281552 5.293961
2.811557 1.172623
3.073129 2.679089
3.534106 -0.207390
2.533964 1.888685
3.160165 3.926512
3.036507 -0.625398
3.666586 -0.549030
2.693853 1.634869
3.064399 3.956918
3.572643 -0.859958
3.577527 2.496935
2.393435 5.838296
3.137556 3.518579
3.616495 -0.480296
3.159062 4.698963
3.002492 0.968707
3.551915 -1.143980
3.621752 -0.028991
2.819614 -0.657912
3.134941 4.652075
2.882419 4.748196
4.013647 4.525440
3.347762 -0.313129
3.670723 -1.238847
2.713119 -0.038671
2.913391 2.231054
3.737385 -1.105220
3.135751 5.399136
2.707539 -0.746420
3.170892 3.611469
3.615122 -0.975878
3.702877 0.955517
2.699654 -0.213719
3.597803 1.960809
3.460489 -2.335538
3.880142 3.226178
3.091890 5.000567
2.864636 7.178982
2.883161 1.710756
3.717745 5.577882
2.662926 -0.634833
2.832218 -1.337869
3.999477 0.212662
4.327939 1.365668
4.835166 -3.688846
4.095933 -2.301067
2.596332 0.721287
2.876175 3.485824
3.189235 3.971707
2.475945 2.209652
4.003276 -1.342748
2.863160 1.456244
3.313427 1.064076
3.042188 5.537446
2.518689 -0.437258
3.710386 -0.976163
3.387267 6.421174
3.596645 -0.685167
2.820198 -1.269460
3.019914 -0.791843
4.279783 1.594136
2.657665 4.686633
3.249877 5.726632
2.429538 0.721011
2.599638 2.284562
3.937793 5.770658
3.319731 -1.139051
3.961321 0.677455
2.800354 -1.122889
1.876492 -1.560434
4.061611 0.920419
2.792156 0.433197
3.929075 0.402954
4.374668 2.773575
4.232802 1.267786
3.558725 0.228724
4.188545 1.752643
3.551631 5.782950
4.612924 3.031805
4.103363 3.093482
2.969218 1.838455
3.523864 0.064129
3.483032 2.852618
4.301349 1.658742
3.006692 5.305868
2.642605 -0.301345
4.258305 1.040492
2.764487 2.423413
3.237309 2.520905
2.722637 -1.114501
2.402780 0.122286
2.463874 0.684348
4.247098 2.071536
2.574976 -1.004892
3.853096 4.976374
4.274603 3.155923
4.331094 1.089343
3.730223 -1.846589
3.705844 -1.863884
4.145638 2.543672
3.607711 0.663872
2.726536 4.979533
2.898196 4.992011
2.538819 1.577721
3.190854 3.707322
3.972321 4.093350
3.281134 0.667734
2.777102 4.246975
2.536721 3.494720
4.318810 1.692057
3.486564 0.497360
3.495039 -0.243217
3.737671 -1.045774
2.984527 -0.099516
4.273944 1.084945
3.426658 3.443955
4.128817 0.830448
3.691816 -0.872896
2.506349 3.435242
4.006032 -0.700454
2.793471 5.451060
2.879726 4.973006
3.606123 -1.702438
3.491731 0.778347
2.418557 3.165754
2.812928 5.067428
2.644554 2.668483
2.531283 4.112181
4.198464 4.025624
4.141661 3.172720
4.263866 2.493009
3.613774 3.934594
3.812684 -0.708604
4.351202 0.868913
4.265843 3.713501
2.564305 5.485106
4.968249 3.177245
3.687416 -0.780962
3.573692 1.744384
2.675294 2.522912
4.182657 6.323619
3.627946 1.033889
2.205426 4.420975
2.258121 -0.429061
4.200296 0.132893
3.935783 -1.144750
4.303391 3.186181
3.987479 -0.517017
2.400424 -0.929545
4.694898 3.821234
3.133519 6.976398
3.681389 2.764443
3.688687 5.780667
2.679360 -0.630496
4.270386 3.805355
2.564855 5.674556
4.151608 -0.013653
2.456086 6.738194
2.632312 0.919016
3.136491 -0.582932
4.203315 7.067770
2.244560 1.396985
1.939106 4.201308
1.992854 1.491680
2.206182 4.227340
4.653432 -1.523701
2.204604 -1.083634
4.356739 -0.376654
1.985950 1.297508
1.506870 1.333789
4.151222 -1.232355
2.022843 1.177649
1.972526 -0.755067
1.990446 3.439601
4.093416 4.222580
4.709089 3.140286
4.983661 3.315611
2.745600 6.355516
