6371.0000 3.2
6370.9990 3.2
6370.9980 3.2
6367.5000 3.2
6367.0000 3.2
6365.0000 3.2
6355.0038 3.9
6341.0101 4.60679
6337.0000 4.60319
6335.0000 4.60139
6323.0190 4.59064
6311.0000 4.57985
6301.0305 4.57091
6296.0000 4.56639
6275.0447 4.54759
6271.0000 4.54396
6246.0000 4.52152
6245.0616 4.52068
6221.0000 4.49908
6211.0815 4.49018
6196.0000 4.47665
6173.1043 4.4561
6171.0000 4.45421
6146.0000 4.6474
6131.1303 4.65781
6121.0000 4.6649
6096.0000 4.6824
6085.1596 4.68999
6071.0000 4.6999
6046.0000 4.7174
6035.1923 4.72497
6021.0000 4.7349
5996.0000 4.7524
5981.2288 4.76274
5976.0000 4.7664
5957.0000 4.97333
5955.0000 4.97916
5946.0000 5.00542
5923.2692 5.07173
5921.0000 5.07835
5896.0000 5.15128
5871.0000 5.22421
5861.3138 5.25247
5846.0000 5.29714
5821.0000 5.37007
5796.0000 5.443
5795.3630 5.44486
5771.0000 5.51602
5746.0000 5.53537
5726.0000 5.55086
5725.4170 5.55131
5717.0000 5.55782
5715.0000 5.55937
5696.0000 5.95974
5671.0000 6.03284
5651.4765 6.08994
5646.0000 6.10596
5621.0000 6.17909
5596.0000 6.24328
5573.5417 6.25936
5571.0000 6.26117
5546.0000 6.27885
5521.0000 6.29633
5496.0000 6.3136
5491.6133 6.31661
5471.0000 6.33066
5446.0000 6.34753
5421.0000 6.3642
5405.6918 6.37432
5396.0000 6.38069
5371.0000 6.39698
5346.0000 6.41309
5321.0000 6.42901
5315.7781 6.43232
5296.0000 6.44476
5271.0000 6.46034
5246.0000 6.47574
5221.8728 6.49044
5221.0000 6.49097
5208.5000 6.49853
5196.0000 6.50604
5183.5000 6.51352
5171.0000 6.52095
5158.5000 6.52834
5146.0000 6.5357
5133.5000 6.54302
5123.9771 6.54856
5121.0000 6.55029
5108.5000 6.55753
5096.0000 6.56474
5083.5000 6.5719
5071.0000 6.57903
5058.5000 6.58613
5046.0000 6.59318
5033.5000 6.60021
5022.0919 6.60658
5021.0000 6.60719
5008.5000 6.61415
4996.0000 6.62107
4983.5000 6.62795
4971.0000 6.6348
4958.5000 6.64162
4946.0000 6.64841
4933.5000 6.65516
4921.0000 6.66189
4916.2187 6.66445
4908.5000 6.66858
4896.0000 6.67524
4883.5000 6.68187
4871.0000 6.68847
4858.5000 6.69504
4846.0000 6.70159
4833.5000 6.7081
4821.0000 6.71459
4808.5000 6.72105
4806.3588 6.72215
4796.0000 6.72748
4783.5000 6.73388
4771.0000 6.74026
4758.5000 6.74661
4746.0000 6.75294
4733.5000 6.75924
4721.0000 6.76551
4708.5000 6.77177
4696.0000 6.77799
4692.5141 6.77973
4683.5000 6.7842
4671.0000 6.79038
4658.5000 6.79654
4646.0000 6.80267
4633.5000 6.80879
4621.0000 6.81488
4608.5000 6.82095
4596.0000 6.827
4583.5000 6.83303
4574.6867 6.83727
4571.0000 6.83904
4558.5000 6.84504
4546.0000 6.85101
4533.5000 6.85696
4521.0000 6.8629
4508.5000 6.86882
4496.0000 6.87472
4483.5000 6.8806
4471.0000 6.88647
4458.5000 6.89232
4452.8790 6.89495
4446.0000 6.89816
4433.5000 6.90398
4421.0000 6.90979
4408.5000 6.91558
4396.0000 6.92136
4383.5000 6.92713
4371.0000 6.93288
4358.5000 6.93862
4346.0000 6.94435
4333.5000 6.95006
4327.0941 6.95299
4321.0000 6.95577
4308.5000 6.96146
4296.0000 6.96714
4283.5000 6.97281
4271.0000 6.97848
4258.5000 6.98413
4246.0000 6.98978
4233.5000 6.99541
4221.0000 7.00104
4208.5000 7.00666
4197.3356 7.01168
4196.0000 7.01228
4183.5000 7.01788
4171.0000 7.02348
4158.5000 7.02908
4146.0000 7.03467
4133.5000 7.04025
4121.0000 7.04583
4108.5000 7.05141
4096.0000 7.05698
4083.5000 7.06255
4071.0000 7.06811
4063.6078 7.0714
4058.5000 7.07368
4046.0000 7.07924
4033.5000 7.0848
4021.0000 7.09035
4008.5000 7.09591
3996.0000 7.10147
3983.5000 7.10703
3971.0000 7.11258
3958.5000 7.11814
3946.0000 7.1237
3933.5000 7.12926
3925.9161 7.13264
3921.0000 7.13482
3908.5000 7.14039
3896.0000 7.14596
3883.5000 7.15153
3871.0000 7.1571
3858.5000 7.16268
3846.0000 7.16827
3833.5000 7.17386
3821.0000 7.17945
3808.5000 7.18505
3796.0000 7.19066
3784.2670 7.19593
3783.5000 7.19628
3771.0000 7.2019
3758.5000 7.20752
3746.0000 7.21316
3733.5000 7.21881
3721.0000 7.22446
3708.5000 7.23012
3696.0000 7.2358
3683.5000 7.24148
3671.0000 7.24717
3658.5000 7.25288
3646.0000 7.25859
3638.6687 7.26195
3633.5000 7.26432
3621.0000 7.26591
3608.5000 7.26581
3596.0000 7.26571
3583.5000 7.26561
3571.0000 7.26551
3559.6000 7.26541
3548.2000 7.26531
3536.9000 7.26521
3525.5000 7.2651
3514.1000 7.26499
3502.8000 7.26488
3491.4000 7.26477
3489.1314 7.26475
3480.0000 0
3479.9990 0
3479.9980 0
3460.0000 0
3440.0000 0
3420.0000 0
3400.0000 0
3375.0000 0
3350.0000 0
3335.6682 0
3325.0000 0
3300.0000 0
3275.0000 0
3250.0000 0
3225.0000 0
3200.0000 0
3178.2959 0
3175.0000 0
3150.0000 0
3125.0000 0
3100.0000 0
3075.0000 0
3050.0000 0
3025.0000 0
3017.0363 0
3000.0000 0
2975.0000 0
2950.0000 0
2925.0000 0
2900.0000 0
2875.0000 0
2851.9183 0
2850.0000 0
2825.0000 0
2800.0000 0
2775.0000 0
2750.0000 0
2725.0000 0
2700.0000 0
2682.9809 0
2675.0000 0
2650.0000 0
2625.0000 0
2600.0000 0
2575.0000 0
2550.0000 0
2525.0000 0
2510.2774 0
2500.0000 0
2475.0000 0
2450.0000 0
2425.0000 0
2404.5276 0
2404.4276 0
2404.3276 0
2400.0000 0
2384.4276 0
2375.0000 0
2364.4276 0
2350.0000 0
2344.4276 0
2333.8825 0
2325.0000 0
2300.0000 0
2275.0000 0
2250.0000 0
2225.0000 0
2200.0000 0
2175.0000 0
2153.9035 0
2150.0000 0
2125.0000 0
2100.0000 0
2075.0000 0
2050.0000 0
2025.0000 0
2000.0000 0
1975.0000 0
1970.4982 0
1950.0000 0
1925.0000 0
1900.0000 0
1875.0000 0
1850.0000 0
1825.0000 0
1800.0000 0
1783.9071 0
1775.0000 0
1750.0000 0
1725.0000 0
1700.0000 0
1675.0000 0
1650.0000 0
1625.0000 0
1600.0000 0
1594.5094 0
1575.0000 0
1550.0000 0
1525.0000 0
1500.0000 0
1475.0000 0
1450.0000 0
1425.0000 0
1402.9294 0
1400.0000 0
1375.0000 0
1350.0000 0
1325.0000 0
1300.0000 0
1261.0000 0
1241.5000 0
1221.5000 3.50431
1221.4990 3.50431
1221.4980 3.50431
1210.2452 3.50731
1200.0000 3.51002
1100.0000 3.53522
1018.4241 3.55415
1000.0000 3.55823
900.0000 3.57905
831.2687 3.59208
800.0000 3.59767
700.0000 3.61411
656.4796 3.62058
600.0000 3.62835
509.3661 3.63937
500.0000 3.64041
411.8853 3.64921
400.0000 3.65027
351.5118 3.65426
310.9926 3.6572
300.0000 3.65794
299.9999 3.65794
200.0000 3.66342
0.0000 3.6678
