359.3 -54.80
359.7 -54.50
360 -54.61
>
0.0000001 -54.61
0.80 -54.90
3.00 -53.60
4.00 -54.20
5.00 -54.80
7.60 -53.60
8.30 -54.00
11.50 -52.20
12.70 -52.80
13.90 -51.80
15.10 -52.20
15.90 -51.70
18.50 -52.70
20.00 -52.80
22.50 -53.00
25.50 -53.80
26.20 -52.50
27.80 -52.80
29.50 -50.20
30.50 -49.80
32.50 -47.00
34.80 -47.20
35.70 -44.80
39.30 -43.70
42.40 -42.80
42.70 -40.90
46.00 -40.10
46.20 -38.80
49.00 -37.80
52.20 -37.50
52.30 -36.10
53.30 -36.10
53.40 -35.30
54.10 -35.40
54.20 -34.70
55.10 -34.70
57.00 -33.80
57.00 -31.90
58.30 -31.80
59.00 -30.70
60.80 -30.70
61.00 -29.00
63.20 -28.10
66.10 -27.70
67.80 -26.60
68.90 -26.00
69.30 -25.80
70.10 -25.70
>
58.30 12.70
57.50 13.50
56.30 14.50
56.10 14.30
54.50 15.20
53.80 14.30
53.00 14.60
52.80 14.40
52.20 14.60
51.20 13.10
50.20 13.40
49.80 13.10
48.80 13.00
48.20 12.60
46.50 12.50
46.30 12.20
44.00 11.40
44.00 11.40
43.60 11.80
43.50 11.80
43.50 12.20
42.50 13.20
41.60 14.30
40.50 16.00
39.40 18.10
38.50 19.80
37.20 22.00
36.20 23.80
35.30 25.30
34.60 26.60
34.20 27.10
34.20 27.90
34.50 28.40
34.70 29.00
34.90 29.50
34.90 30.00
34.90 30.80
35.00 31.30
35.00 32.10
35.20 32.90
35.50 34.00
35.70 34.90
35.80 35.70
35.60 35.90
>
70.10 -25.70
69.90 -25.30
70.10 -25.20
69.80 -24.70
69.80 -24.20
69.00 -23.00
68.40 -22.50
69.00 -22.10
68.10 -20.40
67.40 -20.80
66.90 -19.80
66.20 -20.20
65.00 -18.10
66.80 -17.00
66.40 -16.40
67.20 -16.00
65.90 -14.00
66.80 -13.40
65.70 -12.00
66.80 -11.00
66.00 -10.00
68.10 -8.20
67.80 -7.30
69.00 -6.20
67.70 -4.70
>
67.70 -4.70
68.60 -3.20
67.90 -2.60
68.10 -2.10
67.50 -1.30
67.10 -0.80
67.50 -0.40
66.80 0.30
67.30 0.90
65.60 3.10
65.20 2.70
64.10 3.90
63.40 3.30
59.00 8.10
58.40 8.60
58.40 9.20
58.10 9.30
58.10 9.70
57.00 10.30
57.40 11.00
57.90 12.00
58.30 12.70
>
330.25 39.45
330.05 39.45
329.7 38.40
329.35 38.30
329.2 38.00
328.85 37.90
328 37.50
326.8 36.80
326.3 36.50
325.9 36.00
325 35.00
323.6 35.30
322.2 33.50
320.7 33.80
319.5 31.90
318.3 30.90
318.1 30.50
318 30.00
317.3 30.10
316.85 28.75
316.25 28.75
315.8 27.50
315.5 26.90
315.2 26.20
315 25.70
314.6 25.20
313.9 24.50
313.7 24.20
313.7 23.90
313.7 23.90
315.1 23.70
315 23.00
315 22.80
314.5 22.00
314.4 21.30
314.3 20.30
>
314.3 20.30
314.2 19.80
313.9 19.00
313.6 18.50
313.4 16.80
313.3 15.40
315 15.30
315 13.70
315.2 13.50
315.2 12.60
315.9 12.60
315.9 12.10
316.3 12.10
316.3 10.80
319.1 10.70
319.3 9.50
319.8 8.80
320.6 8.70
320.8 8.10
322.2 8.10
322.6 7.60
326 7.20
327.4 5.20
327.4 4.00
328.6 3.90
329.6 0.90
333.5 0.90
333.8 0.60
335 0.50
335.4 -1.20
343.7 0.10
344.2 -1.40
347.2 -0.90
348.5 -6.80
346.6 -7.20
346.5 -8.00
347 -10.50
347.1 -11.50
345.1 -11.90
345.5 -13.50
345.7 -14.10
346.4 -14.00
346.5 -15.00
346.8 -16.10
345.7 -16.20
346 -17.00
345.9 -17.90
347 -17.80
348 -19.20
348.4 -21.10
347.5 -22.60
346.5 -23.10
346.6 -24.70
346.3 -25.10
346.2 -26.90
346.8 -27.30
347.1 -29.00
346.3 -29.20
346.6 -31.10
346.6 -31.70
346.7 -32.30
345.5 -32.50
345.5 -33.00
345.4 -33.90
344.8 -34.30
344.7 -35.30
342.2 -35.50
342.5 -37.30
344 -39.10
344.1 -40.10
343.2 -40.30
343.5 -41.70
344 -44.10
344.8 -45.20
346.2 -46.20
346.7 -47.40
349.3 -46.90
350.2 -48.20
352 -49.30
353 -50.10
355.2 -52.20
357 -53.50
357.6 -54.30
358.5 -54.00
359 -54.60
359.3 -54.80
>
248 -34.90
248.3 -38.40
247.8 -40.70
247.3 -42.70
246.7 -45.20
245.9 -48.30
245 -50.00
243.6 -49.60
243 -50.80
241.6 -53.20
242 -53.30
241 -54.50
239.5 -54.30
237.7 -55.80
233.6 -54.70
233 -55.30
231.3 -54.90
227.6 -54.10
227 -54.90
223.1 -54.00
222.4 -55.00
222.1 -54.90
220.8 -56.20
220.1 -56.00
219.2 -56.80
215.3 -55.70
213.4 -57.30
212.9 -57.10
210.7 -58.70
210.9 -58.80
209.2 -60.00
207.9 -59.60
202.5 -63.10
198.7 -61.70
195.6 -63.30
194.1 -62.80
189.2 -65.10
188.1 -64.70
182.3 -66.70
180 -65.78
>
179.999999 -65.78
174.80 -63.70
173.40 -64.10
170.50 -62.50
168.40 -63.00
167.40 -62.60
166.40 -62.90
165.00 -62.00
163.80 -62.30
163.20 -61.80
161.20 -61.80
>
58.30 12.70
58.60 13.00
58.90 13.50
59.10 14.00
59.50 14.50
59.80 15.00
59.90 15.50
60.00 16.00
60.00 16.50
60.10 17.00
60.20 17.50
60.30 18.00
60.45 18.50
60.80 19.00
61.20 20.00
61.60 20.50
62.00 21.00
62.25 21.50
62.50 22.00
63.00 22.50
63.50 23.00
63.80 23.20
64.80 23.30
65.20 24.00
65.70 25.00
65.80 25.20
>
70.10 -25.70
70.50 -26.00
70.90 -26.20
71.20 -26.00
72.00 -26.60
73.00 -27.40
73.30 -27.20
74.00 -28.00
75.00 -29.30
76.00 -31.00
77.00 -32.10
78.20 -33.20
77.40 -33.90
78.90 -35.10
78.10 -35.60
79.00 -36.50
78.00 -37.30
78.80 -38.50
78.00 -39.00
78.60 -39.80
78.00 -40.20
78.80 -41.00
79.90 -41.80
80.90 -41.00
83.40 -42.90
84.70 -42.00
85.90 -41.00
87.90 -42.40
89.20 -41.50
90.50 -42.50
92.00 -43.50
93.50 -43.90
95.00 -44.70
96.40 -45.40
95.50 -46.20
96.80 -47.00
98.00 -47.60
99.40 -48.00
100.20 -47.10
102.00 -47.30
104.00 -47.80
106.00 -48.20
108.00 -48.80
109.50 -49.60
111.00 -49.80
112.50 -50.30
114.00 -50.20
115.00 -50.00
116.10 -49.80
116.40 -49.40
118.00 -49.70
120.20 -50.10
120.80 -49.00
121.50 -49.10
121.40 -49.60
122.50 -49.80
123.80 -48.90
124.80 -48.90
124.80 -49.40
126.00 -49.50
126.40 -48.60
127.60 -48.80
127.40 -50.00
129.00 -50.20
130.70 -50.30
130.70 -50.10
132.00 -50.10
133.50 -50.20
135.00 -50.20
137.30 -50.10
139.20 -50.00
139.80 -52.50
140.80 -54.30
142.00 -54.20
143.90 -54.10
144.00 -54.90
146.00 -54.80
146.10 -55.60
147.10 -55.50
147.30 -56.80
147.50 -58.00
148.80 -58.00
149.50 -59.20
150.00 -60.30
152.00 -60.00
153.50 -59.80
154.50 -61.50
155.50 -63.00
157.00 -62.80
159.00 -62.30
161.20 -61.80
>
161.20 -61.80
160.90 -61.60
158.80 -59.70
158.80 -59.60
158.60 -59.50
158.50 -59.40
158.50 -59.30
158.40 -59.20
158.30 -59.10
158.20 -59.00
158.10 -58.90
158.00 -58.80
157.90 -58.80
157.80 -58.70
157.80 -58.60
157.70 -58.50
157.60 -58.40
157.50 -58.30
157.30 -58.10
157.30 -57.90
157.30 -57.80
157.40 -57.70
157.40 -57.50
157.50 -57.40
157.60 -57.30
157.70 -57.20
157.70 -57.10
157.70 -56.90
157.90 -56.80
158.00 -56.60
158.10 -56.50
158.30 -56.40
158.40 -56.10
158.60 -55.90
158.50 -55.80
158.60 -55.60
158.70 -55.40
158.70 -55.30
158.80 -55.10
158.90 -54.90
159.10 -54.70
159.20 -54.40
159.30 -54.20
159.40 -54.10
159.50 -53.90
159.70 -53.70
159.90 -53.50
160.60 -52.70
161.10 -52.10
162.40 -50.90
163.30 -50.30
164.10 -49.70
164.30 -49.10
164.70 -48.60
165.30 -47.90
165.90 -47.00
166.50 -46.00
167.30 -45.20
167.80 -44.70
169.00 -44.10
169.90 -43.70
171.00 -43.20
172.20 -42.60
173.30 -42.00
174.40 -41.70
175.30 -41.60
176.40 -41.10
176.90 -40.70
178.20 -39.40
178.80 -38.70
179.60 -37.40
179.999999 -36.87
>
180 -36.87
180.8 -35.80
181.5 -34.40
182 -33.30
182.9 -31.70
183.1 -31.10
183.8 -29.80
184.3 -28.60
184.9 -27.20
185.5 -25.40
186.2 -23.60
186.5 -22.60
187.1 -21.40
187.9 -19.70
188.6 -18.10
188.9 -16.80
188.9 -15.40
188.4 -14.50
188.4 -14.50
187.2 -14.50
186.1 -14.50
185.1 -14.50
183.8 -14.60
182.3 -14.70
181.1 -15.10
180.7 -15.20
180 -15.41
>
179.999999 -15.41
179.70 -15.50
178.30 -16.10
177.20 -17.20
176.20 -18.30
175.60 -19.30
174.30 -21.10
173.50 -22.00
172.50 -22.90
171.50 -23.70
170.60 -23.70
169.90 -23.10
169.10 -22.10
168.40 -21.00
168.00 -20.00
167.40 -19.00
166.90 -17.80
166.40 -16.80
165.80 -15.00
165.40 -13.60
164.80 -12.20
163.80 -11.80
162.90 -11.70
161.70 -11.60
160.50 -11.00
159.50 -10.40
158.50 -10.00
157.70 -9.60
156.60 -8.90
155.30 -8.00
154.20 -7.20
153.20 -6.70
152.40 -6.70
151.30 -6.90
150.50 -7.10
149.70 -7.30
148.60 -7.50
147.50 -7.30
147.00 -6.70
146.60 -5.90
146.10 -5.20
145.50 -4.40
144.60 -3.60
143.80 -3.00
142.70 -2.30
141.40 -1.90
140.10 -1.70
139.10 -1.60
137.80 -1.40
136.80 -1.40
136.50 -1.20
136.20 -1.00
135.90 -0.70
135.70 -0.50
135.40 -0.20
135.10 0.00
134.30 0.20
133.40 0.50
132.60 0.70
131.80 1.00
130.90 1.10
>
299 18.00
298.2 18.60
297.5 19.00
296.6 19.40
295.9 19.60
295 19.70
294 19.80
294 19.80
292.9 20.00
292.1 20.10
291.2 20.10
290.3 20.10
289.2 20.10
288.1 20.10
287.2 19.90
286.4 19.90
285 19.70
283 19.70
280 19.20
278.5 18.80
278.5 17.80
277 17.50
275 16.90
273 16.40
270.7 15.30
264.2 15.00
>
277.6 7.20
278 7.20
278.3 7.10
278.7 7.00
279.2 6.90
279.7 7.00
280.1 7.20
280.5 7.50
280.9 7.50
281.3 7.40
281.6 7.10
281.9 6.50
282 6.00
282.2 5.40
282.2 4.90
282.1 4.30
281.9 3.60
>
281.9 3.60
282.5 3.80
283.6 4.30
284.6 4.90
285.6 5.50
286.5 6.20
287.3 7.00
288 7.70
288.6 8.40
289.3 9.20
289.9 9.90
290.7 10.30
291.9 10.40
293.4 10.50
294.8 10.40
296 10.40
297.4 10.40
298.3 10.40
300.1 13.10
300.3 13.60
300.4 14.10
300.6 14.50
300.7 14.90
300.7 15.60
300.6 16.30
300.2 16.90
299.7 17.40
299 18.00
>
277.6 7.20
277.3 7.30
277 7.50
276.6 7.70
276.2 8.00
275.8 8.30
275.4 8.70
274.8 9.10
274.3 9.50
273.8 10.00
273.3 10.40
272.8 10.80
272.2 11.10
271.5 11.50
271 11.70
270.4 12.00
269.9 12.20
269.5 12.40
269 12.70
269 12.70
268.5 13.00
267.9 13.20
267.3 13.60
266.7 13.90
266.2 14.30
265.5 14.60
264.9 14.80
264.2 15.00
>
264.2 15.00
263.6 15.10
263 15.20
262.4 15.30
261.7 15.60
261.2 15.80
260.6 16.10
260.1 16.30
259.3 16.60
258.6 16.90
257.9 17.20
257.1 17.60
256.4 18.00
255.7 18.40
255.2 18.90
254.8 19.20
254.4 19.60
254.3 20.20
254.3 20.60
254.4 21.20
254.1 21.60
253.8 21.90
253.2 22.10
252.7 22.40
252.4 22.60
252.3 22.90
>
257.4 2.30
257.8 2.20
258.7 2.20
259.5 2.10
260.3 2.10
261.4 2.10
262.4 2.10
263.3 2.10
264.2 2.10
265 2.10
265.8 2.10
266.9 2.00
267.9 2.00
269 1.90
269.4 1.60
269.4 1.10
270.4 1.10
271.6 1.10
272.6 1.10
274.1 1.00
274.8 0.90
274.8 1.40
274.8 1.80
275.5 1.80
275.5 2.50
275.5 3.40
276.3 3.50
277 3.50
277.6 3.50
277.5 4.00
277.6 4.60
277.5 5.20
277.5 5.90
277.5 6.50
277.5 6.90
277.5 7.00
277.6 7.20
>
252.3 22.90
252.1 22.70
251.9 22.30
251.6 21.70
251.2 20.90
250.8 20.20
250.6 19.80
250.8 19.70
251.4 19.40
252.1 19.20
252.9 18.90
253.7 18.50
254.4 18.20
254.7 18.10
254.6 17.30
254.6 16.50
254.6 15.20
255 15.20
255.6 15.20
255.6 14.30
255.6 13.00
255.6 11.90
255.6 11.00
255.7 10.40
256 10.20
256.3 10.10
256.3 9.50
256.4 8.90
256.4 8.50
256.9 8.50
257.4 8.40
257.4 7.90
257.4 7.00
257.4 6.20
257.4 5.50
257.4 4.90
257.4 4.30
257.4 3.50
257.4 2.70
257.4 2.30
>
330.25 39.45
330.9 39.30
331.9 39.00
332.6 38.80
333.2 38.40
333.8 38.10
334.6 37.70
335.3 37.30
335.9 36.82
336.8 36.97
338.5 37.07
338.7 37.10
339.1 37.14
339.5 37.13
339.8 37.12
342 37.80
344 37.80
346 37.00
350 36.00
354 36.00
360 36.16
>
0.000000001 36.15
1.40 36.20
6.80 36.40
14.20 38.50
15.10 38.50
16.60 38.30
17.30 38.90
18.20 39.70
18.90 40.20
19.40 39.90
19.70 39.10
20.00 38.20
20.50 37.30
20.90 36.50
21.60 35.80
22.20 35.20
23.00 34.70
23.70 34.40
24.60 34.20
25.70 34.30
26.70 34.40
27.40 34.50
28.20 34.80
29.20 35.20
29.80 35.70
30.30 35.80
30.90 35.40
31.40 34.90
32.30 34.30
32.90 34.20
34.00 34.60
34.50 35.00
35.20 35.60
35.60 35.90
>
35.60 35.90
35.90 36.40
36.30 36.70
36.80 37.20
37.40 37.50
37.90 37.90
38.50 38.20
39.00 38.40
39.50 38.70
40.10 39.00
40.70 39.20
41.60 39.20
42.30 38.90
43.00 38.30
43.60 38.00
43.60 38.00
44.00 37.60
44.30 37.20
44.90 36.40
45.40 36.00
45.90 35.50
46.40 35.00
47.10 34.10
47.70 33.50
48.10 32.80
48.70 32.10
49.30 31.30
49.80 30.40
50.40 29.70
51.20 28.70
51.80 28.00
52.40 27.30
53.30 26.50
54.30 26.30
55.10 26.20
56.00 26.00
57.00 25.80
58.10 25.60
58.70 25.40
59.00 25.40
59.80 25.20
60.00 25.20
61.00 25.00
62.00 24.90
63.00 25.00
64.00 25.20
65.00 25.20
65.80 25.20
>
91.80 9.30
92.00 8.80
92.40 7.80
93.00 6.80
93.00 5.90
92.90 5.30
93.10 4.20
93.60 3.80
94.50 2.90
94.90 2.30
95.40 2.10
96.20 1.50
96.80 0.80
97.40 -0.30
97.90 -1.30
98.60 -2.00
99.10 -2.80
99.50 -2.80
99.70 -3.20
100.20 -4.00
100.80 -4.60
101.40 -5.10
102.30 -6.30
102.80 -6.40
103.40 -7.00
104.10 -7.30
104.40 -7.10
105.00 -7.40
105.70 -7.60
106.10 -7.50
106.40 -7.80
107.00 -8.00
107.80 -8.30
108.50 -8.50
109.30 -8.80
110.30 -9.00
110.90 -9.00
111.60 -9.30
112.60 -9.40
113.20 -9.30
113.50 -9.20
114.40 -9.30
114.90 -9.40
116.40 -9.50
118.10 -10.20
119.90 -10.30
122.40 -10.30
123.30 -9.30
124.50 -7.90
125.80 -7.50
127.90 -7.40
130.00 -7.20
131.30 -6.10
131.10 -4.60
130.70 -3.40
130.60 -1.80
130.70 -0.30
130.90 1.10
>
65.80 25.20
66.10 26.00
66.00 27.00
65.90 28.00
65.90 29.00
66.10 30.00
66.50 31.00
67.20 32.00
68.00 33.00
68.80 34.00
69.20 34.40
70.00 34.00
71.00 33.90
72.00 33.60
73.00 33.60
73.70 34.00
74.00 33.70
75.00 33.10
76.00 32.30
77.00 31.00
78.00 30.40
79.00 29.70
80.00 29.20
81.00 29.00
82.00 28.30
83.00 27.90
84.00 27.80
85.00 27.50
86.00 27.30
87.00 26.90
88.00 26.80
89.00 26.90
90.00 26.70
91.00 26.80
92.00 26.90
93.00 27.20
93.30 27.10
93.60 27.10
94.00 27.10
94.20 27.10
94.40 27.10
94.60 27.10
94.80 27.10
95.00 27.10
95.30 27.20
95.50 27.20
95.70 27.20
95.70 26.80
95.60 26.50
95.40 26.30
95.30 26.10
95.20 25.90
95.10 25.80
95.00 25.70
94.80 25.50
94.70 25.30
94.50 24.90
94.50 24.70
94.40 24.40
94.30 23.90
94.20 23.50
94.20 23.40
94.20 23.10
94.10 22.70
94.10 22.60
94.00 22.40
94.00 21.80
94.00 21.80
93.90 21.10
93.90 21.00
93.90 20.90
93.90 20.60
93.90 20.60
93.80 20.30
93.80 20.20
93.80 20.10
93.80 20.00
93.90 19.60
93.90 19.10
93.90 18.70
94.00 18.30
94.00 17.90
94.10 17.40
94.10 17.00
94.10 16.80
93.80 16.60
93.70 16.00
93.50 15.00
93.20 14.40
92.80 13.80
92.30 13.10
92.00 12.50
91.80 11.70
91.80 11.10
91.90 10.30
91.80 9.30
>
144.80 41.00
143.00 42.00
142.20 43.00
142.00 44.00
142.00 46.00
142.20 48.00
142.50 50.00
142.50 52.50
142.50 55.00
147.00 61.90
146.20 63.30
146.10 63.90
142.10 66.20
140.00 67.70
126.20 70.20
122.80 75.50
126.70 78.20
122.00 80.70
98.50 85.00
43.00 86.50
7.50 84.90
0.000000001 84.10
>
360 84.10
355.5 83.40
354 82.10
356.5 80.90
358 80.38
360 80.13
>
0.0000000001 80.13
4.25 79.60
3.00 79.04
7.00 78.45
7.60 77.90
7.40 76.75
7.20 76.55
7.30 75.60
8.40 74.80
8.40 74.60
8.70 74.35
8.80 73.95
8.25 73.55
7.80 73.40
6.80 73.25
4.40 72.80
1.10 72.20
0.00000000001 72.05
>
360 72.05
355.3 71.40
353.5 70.92
348 71.70
346.8 70.92
346.2 70.97
345.3 70.55
344.6 70.00
343.5 68.90
342.7 68.98
341.9 68.40
341.5 67.70
340.5 66.70
343.5 66.40
343 66.00
343 65.00
341 63.70
337.5 64.10
335.4 63.00
333 61.60
330.5 60.00
326 57.00
324.7 55.20
324.8 53.00
325 52.70
328.2 52.60
328.2 52.20
330 52.10
330 51.20
331 49.80
332.5 47.80
332.6 46.50
332 45.00
331.8 44.50
331.5 43.80
331 43.30
330.7 42.90
330.7 42.70
330.7 42.30
330.7 41.70
330.3 40.00
330.25 39.45
>
67.70 -4.70
70.00 -5.00
75.00 -5.00
80.00 -5.00
85.00 -5.00
89.00 -5.00
89.50 0.00
90.00 5.00
91.80 9.30
>
235.6 40.20
235.3 41.00
235.1 42.00
235 43.00
235 44.00
235 45.00
234.9 46.00
234.5 47.00
233.9 48.00
233 49.00
231.8 50.00
230.8 50.50
>
248 -34.90
249.1 -35.10
249.8 -35.20
251.1 -35.20
252.3 -35.30
253.4 -35.50
254.7 -35.70
256.3 -35.80
258.2 -35.90
259.7 -36.10
261.6 -36.30
263 -36.40
263.7 -36.50
263.7 -37.10
265.4 -37.20
266.4 -37.40
266.3 -38.40
267.5 -38.80
268.2 -39.10
268.3 -40.30
268.9 -41.20
271.3 -41.30
273.6 -41.50
275.3 -41.70
276.1 -41.80
276.9 -41.90
277.1 -43.30
277.3 -44.30
277.7 -44.80
279.4 -44.90
280.4 -45.00
281.5 -45.20
282.7 -45.60
283.4 -45.60
283.8 -45.30
>
257.4 2.30
257.4 -0.50
257.2 -2.90
257.2 -4.10
255.7 -4.30
254.3 -4.70
253.7 -4.90
253 -6.40
252.4 -8.10
252.2 -9.00
250.8 -9.30
250.1 -9.40
249.4 -11.00
248.8 -12.60
248.6 -13.60
247.8 -13.70
247.4 -15.70
246.9 -17.80
246.5 -19.40
246.3 -20.00
246.1 -20.70
245.8 -20.70
245.5 -22.70
244.8 -22.80
244.9 -24.10
245.1 -26.30
245.6 -26.80
246.1 -26.70
246.6 -27.20
247.9 -29.50
247.9 -31.10
247.9 -32.00
248 -33.80
248 -34.90
>
283.8 -45.30
283.8 -44.80
283.8 -43.90
284.1 -43.00
284.3 -41.80
284.4 -40.50
284.9 -38.90
285.7 -37.60
286.5 -36.40
286.9 -35.10
287.3 -33.70
287.4 -32.00
287.9 -30.20
288.4 -28.50
288.8 -26.60
289.2 -24.90
289.4 -23.40
289.2 -22.20
288.8 -21.20
288.4 -20.40
287.8 -19.50
286.9 -18.10
286 -17.40
285 -16.60
284.2 -15.90
283.2 -15.10
282.1 -13.90
281.3 -12.80
280.5 -11.70
279.9 -10.50
279.4 -9.40
279 -7.80
278.7 -6.50
278.7 -5.40
278.7 -4.10
279 -2.50
279.1 -1.20
279.7 0.30
280.2 1.00
280.9 1.90
281.2 2.20
281.7 2.60
281.9 3.60
>
144.80 41.00
144.50 40.00
144.20 39.00
144.00 38.00
143.50 37.00
142.80 36.00
142.00 35.00
>
235.6 40.20
235 40.40
232.5 40.40
232.6 41.60
232.8 41.60
233.1 42.30
233.5 43.00
232.2 43.50
230.8 44.00
229.5 44.50
229.9 45.50
230.4 46.50
230.8 47.50
231.2 48.20
231 48.50
229.5 49.20
229.6 49.50
230.3 50.10
230.8 50.50
>
230.8 50.50
230.1 51.00
229.3 51.50
228.7 52.00
227.2 53.00
226.1 54.00
225.5 55.00
224.5 56.00
223.9 57.00
223.5 58.00
223 58.50
222 59.00
221 59.50
220 59.90
219 60.10
218 59.80
217 59.40
216 59.30
215 59.20
214 59.00
213 58.30
212 57.80
212 57.80
210 56.80
208 56.00
206 55.20
204 54.70
202 54.00
200 53.70
198 53.20
196 52.80
194 52.20
192 51.70
190 51.30
188 51.00
186 50.80
184 50.50
182 50.40
180 50.50
>
179.99999 50.50
178.00 50.50
176.00 50.80
174.00 51.30
172.00 51.90
170.00 52.60
168.00 53.60
166.00 54.30
164.00 55.50
163.00 54.00
162.20 53.00
161.00 52.00
160.50 51.00
159.50 50.00
157.80 49.00
156.20 48.00
155.00 47.00
153.80 46.00
152.00 45.00
150.00 44.00
148.50 43.00
147.00 42.00
144.80 41.00
>
252.3 22.90
252 23.00
251.7 23.50
251.3 24.10
251 24.50
250.9 24.60
250.9 24.70
250.8 24.90
250.3 25.10
250.2 25.30
250.1 25.50
250 25.60
249.9 25.80
249.7 26.00
249.7 26.00
249.7 26.10
249.6 26.20
249.5 26.40
249.3 26.60
249.1 26.80
248.9 27.10
248.7 27.30
248.5 27.50
248.4 27.70
248.2 27.90
248.1 28.00
247.9 28.30
247.7 28.50
247.5 28.80
247.3 29.10
246.9 29.50
246.7 29.70
246.5 29.90
246.4 30.10
246.1 30.50
245.8 30.80
245.7 31.00
245.6 31.30
245.5 31.60
245.3 31.80
245.3 31.90
245.1 32.10
244.9 32.30
244.8 32.50
244.5 32.90
244.4 33.30
243.45 34.00
242.7 34.15
241.5 34.70
240.65 34.90
239.95 35.50
239.45 36.00
238.9 36.50
238.3 37.00
237.7 37.50
237.25 38.00
236.8 38.50
236.3 39.00
236.1 39.50
236 40.00
235.6 40.20
>
142.00 35.00
138.30 34.50
136.50 34.10
135.30 33.60
133.70 32.60
132.40 31.70
131.00 30.40
130.50 29.20
129.90 28.20
129.00 27.10
128.10 25.90
127.20 24.80
125.90 24.00
124.80 23.60
123.20 23.20
121.90 22.90
121.60 22.30
121.80 21.40
122.20 20.10
122.40 18.90
122.50 17.80
122.50 16.00
123.60 14.80
124.30 13.80
125.10 12.20
125.90 10.60
126.40 8.90
126.70 7.60
126.90 6.10
128.10 4.90
128.70 4.00
130.00 2.70
130.50 1.90
130.90 1.10
>
130.90 1.10
131.00 1.20
132.10 3.10
133.40 4.50
134.30 5.90
135.40 7.80
136.70 8.10
137.80 8.80
138.60 10.10
140.60 10.70
142.30 11.20
144.80 12.30
146.60 13.90
147.30 15.60
147.30 17.50
147.30 18.80
147.30 20.00
147.00 21.00
146.20 22.00
145.00 23.00
144.00 24.00
143.00 25.00
143.00 26.00
143.20 27.00
143.20 28.00
142.80 29.00
142.50 30.00
142.20 31.00
142.00 33.00
142.00 34.00
142.00 35.00
>
283.8 -45.30
283.8 -45.80
284 -46.90
284.1 -47.70
284.3 -48.80
284.6 -49.60
284.6 -50.70
284.7 -51.90
284.8 -53.00
285.7 -53.60
286.9 -54.40
288 -54.90
289.2 -55.40
291 -55.60
293.1 -55.60
294.3 -55.50
295.2 -55.60
296.6 -55.70
297.7 -55.80
299.9 -56.00
300 -56.00
302.5 -55.90
305 -55.70
307.5 -55.60
310 -55.50
311.8 -55.40
313.5 -55.20
315.3 -55.10
317 -55.00
317.8 -55.00
318.5 -54.90
319.3 -54.80
320 -54.80
322.5 -54.80
325 -54.80
327.5 -54.80
330 -54.80
330.7 -54.80
331.5 -54.90
333 -55.00
333.5 -55.20
334 -55.40
334.5 -55.50
335 -55.70
335.2 -55.80
335.5 -55.90
335.8 -56.00
336 -56.10
336.3 -56.60
336.6 -57.00
336.9 -57.50
337.2 -58.00
336.9 -58.40
336.6 -58.80
336.3 -59.20
336 -59.60
335.1 -60.70
334.4 -60.70
335.1 -60.80
335.6 -60.90
336.1 -61.00
336.7 -61.00
337.4 -61.00
338.1 -61.00
338.8 -61.00
339.5 -60.90
340.1 -60.90
340.6 -60.80
340.7 -60.50
341 -60.50
341.1 -60.20
341.5 -60.20
341.5 -59.60
342 -59.60
342 -59.10
343.8 -59.00
343.8 -58.30
353 -57.80
355.3 -55.80
358.4 -55.60
358.4 -55.30
358.6 -55.10
358.9 -54.80
359.3 -54.80
>
314.3 20.30
299 18.00
>
