  85.0   20.0
  84.9   19.5
  84.9   19.5
  84.9   19.5
  84.9   19.5
  84.9   19.5
  84.9   19.5
  84.9   19.5
  84.9   19.6
  84.7   20.1
  84.5   20.8
  84.1   21.7
  84.0   21.8
  83.4   21.4
  82.4   21.0
  81.7   20.2
  81.1   19.5
  80.3   18.7
  80.1   18.7
  79.4   19.4
  78.3   19.1
  76.9   19.2
  74.1   19.4
  73.5   19.3
  73.2   19.3
  72.7   18.2
  71.5   14.2
  70.2    9.1
  69.7    6.2
  68.1    1.2
  67.1  358.3
  60.4  339.0
  57.3  333.3
  54.2  331.1
  52.0  329.6
  52.0  329.6
  52.0  329.6
  52.0  329.6
  52.0  329.6
  52.0  329.6
  52.0  329.7
  51.6  331.9
  50.7  333.5
  50.0  334.1
  49.5  334.1
  47.8  334.2
  46.0  334.1
  43.8  333.9
  42.9  333.6
  39.5  332.2
  37.3  331.5
  36.6  330.8
  35.4  328.9
  35.4  329.1
  35.4  329.1
  35.4  329.1
  35.2  329.0
  33.5  326.3
  33.3  323.4
  32.0  321.8
  30.4  320.1
  27.4  318.6
  24.6  317.0
  21.7  315.1
  20.1  316.0
  20.2  316.2
  14.8  314.4
  13.7  315.9
  12.1  316.1
  11.2  317.3
   9.4  317.3
   9.3  319.8
   6.5  321.5
   6.2  323.1
   5.0  327.0
   4.8  327.8
   4.0  328.4
   2.1  328.8
   1.5  330.7
  -0.6  331.0
  -1.3  336.0
  -2.4  336.1
  -2.4  339.6
  -2.1  343.7
  -3.2  345.4
  -5.7  346.0
  -6.8  346.2
 -10.2  344.7
 -11.6  345.1
 -14.8  343.7
 -24.1  345.6
 -27.0  344.0
 -28.3  343.7
 -30.5  344.4
 -31.3  344.7
 -33.5  344.3
 -35.5  342.8
 -38.2  339.8
 -41.4  340.5
 -42.8  340.0
 -44.6  341.0
 -45.2  340.3
 -46.4  339.9
 -47.7  341.3
 -49.1  341.4
 -49.4  343.8
 -49.4  345.0
 -50.1  345.6
 -51.8  346.7
 -53.9  347.3
 -55.7  348.3
 -57.8  349.8
 -57.8  349.8
 -57.8  349.9
 -56.1  355.0
 -54.3    4.0
 -53.7    8.8
 -52.6   14.5
 -52.8   17.9
 -52.6   22.2
 -52.1   26.9
 -50.4   30.5
 -47.3   35.2
 -45.2   39.8
 -43.8   43.4
 -43.1   45.3
 -40.9   48.4
 -34.4   57.7
 -34.4   57.7
 -34.4   58.0
 -32.1   53.5
 -29.3   53.7
 -25.9   54.2
 -22.0   55.9
 -17.1   58.0
 -11.9   59.7
  -5.1   61.5
  -1.2   59.1
   2.8   57.7
   5.4   57.1
   7.9   57.3
  10.4   57.6
  13.3   58.9
  17.7   61.0
  21.5   64.2
  24.9   66.1
  30.5   69.2
  30.1   69.0
  30.5   69.6
  31.5   72.1
  32.7   76.4
  33.7   79.8
  34.2   84.2
  34.2   87.9
  34.1   90.3
  34.1   90.3
  34.7   90.9
  32.1   90.8
  28.4   90.8
  24.3   90.8
  20.4   91.4
   9.9   91.3
   6.2   92.2
   2.7   93.7
  -0.4   95.3
  -2.7   97.3
  -4.8   98.9
  -4.8   98.9
  -4.8   98.9
  -4.8   98.9
  -4.8   98.9
  -4.8   98.9
  -4.8   99.9
  -4.5  102.0
  -2.3  104.0
   2.8  106.8
   8.7  110.0
  14.8  113.3
  21.6  116.6
  28.0  119.7
  30.5  123.1
  34.7  127.2
  38.2  131.2
  41.4  134.7
  44.7  138.6
  46.9  140.4
  50.4  140.6
  53.3  139.9
  55.9  140.4
  57.1  142.2
  57.7  145.2
  57.0  148.0
  56.0  150.1
  54.2  152.0
  52.8  153.6
  50.5  154.9
  50.5  155.0
  53.0  153.5
  55.3  151.7
  57.8  151.9
  59.9  153.9
  62.4  156.6
  64.7  159.0
  67.0  160.8
  85.0  160.9
-59.5  90.5
-59.0  86.8
-57.7  84.5
-56.5  80.5
-55.1  77.2
-53.0  73.5
-51.4  70.3
-50.2  66.7
-50.0  66.5
-49.3  65.4
-47.2  64.6
-46.1  64.2
-43.9  64.1
-42.1  62.3
-38.8  62.1
-34.7  57.6
-34.4  57.7
-40.9  48.4
-43.1  45.3
-43.8  43.4
-45.2  39.8
-47.3  35.2
-50.4  30.5
-52.1  26.9
-52.6  22.2
-52.8  17.9
-52.6  14.5
-53.7   8.8
-54.3   4.0
-56.1 355.0
-57.8 349.9
-57.8 349.9
-57.7 350.0
-58.5 346.3
-59.3 344.0
-60.8 340.1
-61.5 337.2
-61.5 334.5
-61.1 333.0
-60.4 333.8
-59.7 334.2
-58.7 334.7
-58.1 334.7
-57.1 333.7
-56.3 333.2
-55.8 332.2
-55.5 331.1
-55.4 329.3
-55.2 326.4
-55.3 323.3
-55.4 318.2
-55.6 314.7
-55.9 308.2
-56.3 303.4
-56.7 300.2
-55.1 289.7
-55.9 291.2
-56.8 293.3
-57.3 294.9
-57.5 295.6
-59.1 296.3
-60.7 297.6
-61.1 297.6
-59.1 296.3
-57.3 294.9
-62.4 294.7
-63.9 291.8
-65.8 287.8
-67.6 283.0
-69.8 278.3
-69.8 277.5
-69.4 276.5
-68.1 279.7
-66.3 275.3
-66.0 276.6
-65.4 275.8
-63.1 282.5
-61.7 280.1
-60.2 282.3
-60.6 281.5
-60.6 279.8
-60.3 277.4
-59.7 274.5
-59.1 274.5
-58.4 272.1
-57.6 272.3
-57.1 270.7
-56.7 271.3
-56.4 270.3
-55.7 270.3
-55.5 268.9
-55.1 269.1
-53.7 265.3
-51.5 261.5
-51.5 261.5
-51.4 262.0
-54.4 258.3
-57.4 254.6
-61.1 252.6
-63.7 248.7
-62.6 244.9
-60.4 239.9
-62.3 233.9
-65.1 229.4
-65.2 225.3
-64.3 223.5
-65.1 221.9
-66.0 218.3
-67.2 213.3
-68.2 208.0
-69.3 202.1
-69.8 195.3
-70.0 194.5
-69.9 190.4
-69.7 184.2
-69.0 174.8
-68.4 167.4
-67.2 161.8
-65.7 155.6
-63.8 147.1
-61.9 138.8
-60.7 133.9
-60.6 128.7
-60.8 120.9
-60.9 112.9
-61.1 104.5
-60.6  98.4
-59.6  95.0
-59.6  90.8
-59.6  90.8
-59.6  95.0
-60.6  98.4
-61.1 104.5
-60.9 112.9
-60.8 120.9
-60.6 128.7
-60.7 133.9
-61.9 138.8
-63.8 147.1
-65.7 155.6
-67.2 161.8
-68.4 167.4
-69.0 174.8
-69.7 184.2
-69.9 190.4
-69.6 195.3
-67.9 193.2
-65.8 191.1
-63.0 189.3
-60.7 188.2
-57.9 187.3
-54.6 187.1
-51.5 186.0
-49.7 184.6
-48.2 182.9
-45.6 179.1
-42.6 175.1
-40.0 171.8
-38.8 168.3
-36.4 163.0
-34.6 157.2
-33.4 152.7
-32.5 150.3
-28.9 146.5
-28.5 146.4
-26.6 142.9
-24.9 139.4
-23.1 134.8
-21.4 128.4
-20.3 123.2
-18.5 117.1
-15.8 111.9
-13.7 109.3
-10.4 106.0
 -7.0 102.3
 -4.8  99.4
 -5.0  98.4
 -9.2  96.7
-14.4  92.3
-16.0  90.9
-14.8  90.5
-18.0  89.1
-22.7  87.3
-27.9  84.7
-32.0  82.5
-35.3  80.2
-39.0  76.3
-43.0  73.5
-47.6  69.2
-49.8  66.7
-50.2  66.7
-51.4  70.3
-53.0  73.5
-55.1  77.2
-56.5  80.5
-57.7  84.5
-59.0  86.8
-59.5  90.5
-52.0 261.5
-50.3 260.9
-48.7 265.7
-46.9 264.8
-44.1 274.5
-36.9 272.1
-36.9 272.1
-36.9 272.1
-36.9 272.9
-36.7 272.3
-37.2 268.2
-37.7 257.6
-38.5 248.4
-39.6 234.2
-40.5 222.3
-41.4 210.6
-44.2 202.0
-48.4 193.2
-51.9 186.3
-51.9 186.3
-51.9 186.3
-51.9 186.3
-51.9 186.3
-51.9 186.3
-51.9 186.3
-54.6 187.1
-57.9 187.3
-60.7 188.2
-63.0 189.3
-65.8 191.1
-67.9 193.2
-69.6 195.3
-69.8 195.3
-69.3 202.1
-68.2 208.0
-67.2 213.3
-66.0 218.3
-65.1 221.9
-64.3 223.5
-65.2 225.3
-65.1 229.4
-62.3 233.9
-60.4 239.9
-62.6 244.9
-63.7 248.7
-61.1 252.6
-57.4 254.6
-54.4 258.3
-51.4 262.0
 53.8 234.7
 51.8 234.5
 49.8 234.5
 47.7 235.1
 47.4 233.9
 44.7 233.6
 44.0 230.8
 35.9 234.0
 35.7 236.9
 29.1 238.3
 27.2 236.0
 22.8 237.0
 25.1 254.5
 23.0 255.3
 23.3 257.0
 20.6 260.3
 20.0 260.0
 23.2 256.9
 27.0 252.5
 30.9 249.5
 34.1 246.7
 38.7 244.1
 41.9 242.0
 45.7 240.0
 49.0 238.1
 52.4 236.6
 54.1 235.3
-49.8  66.7
-47.6  69.2
-43.0  73.5
-39.0  76.3
-35.3  80.2
-32.0  82.5
-27.9  84.7
-22.7  87.3
-18.0  89.1
-14.8  90.5
-14.8  90.5
-14.8  90.5
-14.8  90.5
-14.8  90.5
-14.8  90.5
-14.8  90.5
-16.0  90.9
-14.4  92.3
 -9.2  96.7
 -5.0  98.4
 -5.0  98.4
 -5.0  98.4
 -5.0  98.4
 -5.0  98.4
 -4.8  98.9
 -2.7  97.3
 -0.4  95.3
  2.7  93.7
  6.2  92.2
  9.9  91.3
 20.4  91.4
 24.3  90.8
 28.4  90.8
 32.1  90.8
 34.7  90.9
 34.7  90.9
 34.7  90.9
 34.7  90.9
 34.7  90.9
 34.7  90.9
 34.1  90.3
 34.2  87.9
 34.2  84.2
 33.7  79.8
 32.7  76.4
 31.5  72.1
 30.5  69.6
 30.5  69.6
 30.5  69.2
 24.9  66.1
 21.5  64.2
 17.7  61.0
 13.3  58.9
 10.4  57.6
  7.9  57.3
  5.4  57.1
  2.8  57.7
 -1.2  59.1
 -5.1  61.5
-11.9  59.7
-17.1  58.0
-22.0  55.9
-25.9  54.2
-29.3  53.7
-32.1  53.5
-34.4  58.0
-34.4  58.0
-34.4  58.0
-34.4  58.0
-34.4  58.0
-34.4  58.0
-34.4  58.0
-34.7  57.6
-38.8  62.1
-42.1  62.3
-43.9  64.1
-46.1  64.2
-47.2  64.6
-49.3  65.4
-50.0  66.5
 85.0  20.0
 85.0  50.0
 84.0  80.0
 84.0 100.0
 83.0 110.0
 83.0 120.0
 83.0 130.0
 83.0 143.0
 84.0 152.0
 84.0 156.0
 85.0 158.0
 85.0 160.7
 83.0 160.0
 81.0 160.0
 79.0 160.1
 77.0 160.1
 75.0 160.1
 73.0 160.3
 72.0 160.3
 71.0 160.5
 70.0 160.5
 69.0 160.7
 67.0 160.8
 64.7 159.0
 62.4 156.6
 59.9 153.9
 57.8 151.9
 55.3 151.7
 53.0 153.5
 50.5 155.0
 50.5 155.0
 50.5 155.0
 50.5 155.0
 50.5 155.0
 50.5 155.0
 50.5 155.0
 50.5 155.0
 50.2 155.3
 51.1 157.9
 51.1 160.5
 50.8 165.4
 51.3 168.8
 52.0 173.9
 52.7 179.2
 53.8 186.4
 55.3 192.6
 56.9 198.5
 58.1 202.9
 59.3 207.4
 60.5 213.4
 61.2 217.3
 61.7 219.4
 61.9 221.9
 61.6 223.5
 61.2 225.4
 60.3 227.4
 58.6 230.6
 56.9 233.1
 54.1 235.1
 54.1 235.1
 54.1 235.1
 54.1 235.3
 52.4 236.6
 49.0 238.1
 45.7 240.0
 41.9 242.0
 38.7 244.1
 34.1 246.7
 30.9 249.5
 27.0 252.5
 23.2 256.9
 20.0 260.0
 17.4 263.0
 14.6 265.9
 14.6 265.9
 14.6 265.9
 14.6 265.9
 13.8 266.2
 14.4 268.3
 15.4 271.7
 16.5 274.7
 17.4 278.3
 18.7 282.5
 19.0 287.0
 19.0 290.4
 19.4 294.8
 19.9 303.9
 19.8 310.7
 20.3 315.9
 20.3 315.9
 20.3 315.9
 20.3 315.9
 20.3 315.9
 20.1 316.0
 21.7 315.1
 24.6 317.0
 27.4 318.6
 30.4 320.1
 32.0 321.8
 33.3 323.4
 33.5 326.3
 35.2 329.0
 35.2 329.0
 35.2 329.0
 35.2 329.0
 35.2 329.0
 35.2 329.0
 35.2 329.0
 35.2 329.0
 35.4 328.9
 36.6 330.8
 37.3 331.5
 39.5 332.2
 42.9 333.6
 43.8 333.9
 46.0 334.1
 47.8 334.2
 49.5 334.1
 50.0 334.1
 50.7 333.5
 51.6 331.9
 52.0 329.7
 52.0 329.7
 52.0 329.7
 52.0 329.7
 52.0 329.6
 54.2 331.1
 57.3 333.3
 60.4 339.0
 67.1 358.3
 68.1   1.2
 69.7   6.2
 70.2   9.1
 71.5  14.2
 72.7  18.2
 73.2  19.3
 73.5  19.3
 74.1  19.4
 76.9  19.2
 78.3  19.1
 79.4  19.4
 80.1  18.7
 80.3  18.7
 81.1  19.5
 81.7  20.2
 82.4  21.0
 83.4  21.4
 84.0  21.8
 84.1  21.7
 84.5  20.8
 84.7  20.1
 84.9  19.6
 84.9  19.6
 84.9  19.6
 84.9  19.6
 84.9  19.6
 84.9  19.6
 84.9  19.5
 13.6 262.5
 11.0 256.4
  5.0 258.6
  4.0 258.9
  4.6 261.4
  4.6 261.4
 -1.7 262.3
 -4.1 257.6
-15.2 262.1
-17.6 257.1
-29.0 261.5
-27.5 264.6
-34.5 267.8
-34.0 271.2
-36.6 272.4
-36.6 272.4
-36.6 272.4
-36.6 272.4
-36.9 272.1
-44.1 274.5
-46.9 264.8
-48.7 265.7
-50.3 260.9
-52.0 261.5
-52.0 261.5
-52.0 261.5
-51.5 261.5
-53.7 265.3
-55.1 269.1
-55.5 268.9
-55.7 270.3
-56.4 270.3
-56.7 271.3
-57.1 270.7
-57.6 272.3
-58.4 272.1
-59.1 274.5
-59.7 274.5
-60.3 277.4
-60.6 279.8
-60.6 281.5
-60.6 281.5
-60.1 281.8
-58.9 288.8
-58.0 292.3
-57.1 295.5
-57.1 295.5
-57.1 295.5
-57.1 295.5
-57.1 295.5
-57.3 294.9
-54.8 289.9
-53.1 289.3
-51.4 288.5
-48.9 288.3
-45.7 288.4
-41.0 289.2
-41.0 289.2
-40.5 289.2
-40.2 289.3
-37.6 290.7
-34.9 291.7
-30.3 292.8
-23.5 294.6
-18.7 291.9
-13.2 287.8
 -8.9 284.5
 -4.3 283.7
  0.6 285.3
  1.9 283.3
  6.3 275.6
  9.7 270.1
 14.5 265.9
 14.5 265.9
 14.6 265.9
 17.4 263.0
 50.5 154.9
 52.8 153.6
 54.2 152.0
 56.0 150.1
 57.0 148.0
 57.7 145.2
 57.1 142.2
 55.9 140.4
 53.3 139.9
 50.4 140.6
 46.9 140.4
 44.7 138.6
 41.4 134.7
 38.2 131.2
 34.7 127.2
 30.5 123.1
 28.0 119.7
 21.6 116.6
 14.8 113.3
  8.7 110.0
  2.8 106.8
 -2.3 104.0
 -4.5 102.0
 -4.8  99.9
 -4.8  99.4
 -7.0 102.3
-10.4 106.0
-13.7 109.3
-15.8 111.9
-18.5 117.1
-20.3 123.2
-21.4 128.4
-23.1 134.8
-24.9 139.4
-26.6 142.9
-28.5 146.4
-28.5 146.4
-28.5 146.4
-28.5 146.4
-28.5 146.4
-28.9 146.5
-32.5 150.3
-33.4 152.7
-34.6 157.2
-36.4 163.0
-38.8 168.3
-40.0 171.8
-42.6 175.1
-45.6 179.1
-48.2 182.9
-49.7 184.6
-51.5 186.0
-51.5 186.0
-51.5 186.0
-51.5 186.0
-51.5 186.0
-51.9 186.3
-48.4 193.2
-44.2 202.0
-41.4 210.6
-40.5 222.3
-39.6 234.2
-38.5 248.4
-37.7 257.6
-37.2 268.2
-36.7 272.3
-36.9 272.9
-36.9 272.9
-36.9 272.9
-36.9 272.9
-36.9 272.9
-36.9 272.9
-36.6 272.4
-34.0 271.2
-34.5 267.8
-27.5 264.6
-29.0 261.5
-17.6 257.1
-15.2 262.1
 -4.1 257.6
 -1.7 262.3
  4.6 261.4
  4.6 261.4
  4.0 258.9
  5.0 258.6
 11.0 256.4
 13.6 262.5
 20.6 260.3
 23.3 257.0
 23.0 255.3
 25.1 254.5
 22.8 237.0
 27.2 236.0
 29.1 238.3
 35.7 236.9
 35.9 234.0
 44.0 230.8
 44.7 233.6
 47.4 233.9
 47.7 235.1
 49.8 234.5
 51.8 234.5
 53.8 234.7
 53.8 234.7
 53.8 234.7
 53.8 234.7
 54.1 235.1
 56.9 233.1
 58.6 230.6
 60.3 227.4
 61.2 225.4
 61.6 223.5
 61.9 221.9
 61.7 219.4
 61.2 217.3
 60.5 213.4
 59.3 207.4
 58.1 202.9
 56.9 198.5
 55.3 192.6
 53.8 186.4
 52.7 179.2
 52.0 173.9
 51.3 168.8
 50.8 165.4
 51.1 160.5
 51.1 157.9
 50.2 155.3
-69.8 278.3
-67.6 283.0
-65.8 287.8
-63.9 291.8
-62.4 294.7
-61.1 297.6
-57.3 294.3
-57.3 294.3
-57.1 295.5
-58.0 292.3
-58.9 288.8
-60.1 281.8
-60.1 281.8
-60.1 281.8
-60.1 281.8
-60.1 281.8
-60.2 282.3
-61.7 280.1
-63.1 282.5
-65.4 275.8
-66.0 276.6
-66.3 275.3
-68.1 279.7
-69.4 276.5
-69.8 277.5
 14.5 265.9
  9.7 270.1
  6.3 275.6
  1.9 283.3
  0.6 285.3
 -4.3 283.7
 -8.9 284.5
-13.2 287.8
-18.7 291.9
-23.5 294.6
-30.3 292.8
-34.9 291.7
-37.6 290.7
-40.2 289.3
-40.5 289.2
-40.5 289.2
-41.0 289.2
-45.7 288.4
-48.9 288.3
-51.4 288.5
-53.1 289.3
-54.8 289.9
-57.3 294.9
-57.3 294.9
-55.1 289.7
-55.9 291.2
-56.8 293.3
-57.5 295.6
-56.7 300.2
-56.3 303.4
-55.9 308.2
-55.6 314.7
-55.4 318.2
-55.3 323.3
-55.2 326.4
-55.4 329.3
-55.5 331.1
-55.8 332.2
-56.3 333.2
-57.1 333.7
-58.1 334.7
-58.7 334.7
-59.7 334.2
-60.4 333.8
-61.1 333.0
-61.5 334.5
-61.5 337.2
-60.8 340.1
-59.3 344.0
-58.5 346.3
-57.7 350.0
-57.7 350.0
-57.7 350.0
-57.7 350.0
-57.7 350.0
-57.7 350.0
-57.8 349.8
-55.7 348.3
-53.9 347.3
-51.8 346.7
-50.1 345.6
-49.4 345.0
-49.4 343.8
-49.1 341.4
-47.7 341.3
-46.4 339.9
-45.2 340.3
-44.6 341.0
-42.8 340.0
-41.4 340.5
-38.2 339.8
-35.5 342.8
-33.5 344.3
-31.3 344.7
-30.5 344.4
-28.3 343.7
-27.0 344.0
-24.1 345.6
-14.8 343.7
-11.6 345.1
-10.2 344.7
 -6.8 346.2
 -5.7 346.0
 -3.2 345.4
 -2.1 343.7
 -2.4 339.6
 -2.4 336.1
 -1.3 336.0
 -0.6 331.0
  1.5 330.7
  2.1 328.8
  4.0 328.4
  4.8 327.8
  5.0 327.0
  6.2 323.1
  6.5 321.5
  9.3 319.8
  9.4 317.3
 11.2 317.3
 12.1 316.1
 13.7 315.9
 14.8 314.4
 20.2 316.2
 20.2 316.2
 20.3 315.9
 19.8 310.7
 19.9 303.9
 19.4 294.8
 19.0 290.4
 19.0 287.0
 18.7 282.5
 17.4 278.3
 16.5 274.7
 15.4 271.7
 14.4 268.3
 13.8 266.2
