7.568229 43.816815
7.572977 43.794325
7.558409 43.801874
7.567007 43.798075
7.558206 43.823320
7.553406 43.773165
7.554928 43.825370
7.556975 43.797904
7.549165 43.811570
7.550900 43.795235
7.560811 43.790184
7.552959 43.810601
7.550426 43.813618
7.551042 43.795173
7.550061 43.829483
7.561871 43.806063
7.570375 43.805820
7.569981 43.809127
7.565115 43.801575
7.557488 43.784263
7.554803 43.797031
7.561291 43.824603
7.569598 43.791239
7.556151 43.828174
7.559924 43.790945
7.557863 43.787475
7.555960 43.821122
7.575145 43.789480
7.552050 43.813412
7.571817 43.780408
7.561049 43.813472
7.563837 43.797908
7.549918 43.795594
7.573389 43.810160
7.563578 43.820524
7.567213 43.797930
7.558750 43.795074
7.565698 43.787225
7.563002 43.789599
7.569629 43.801938
7.568757 43.808091
7.561458 43.790975
7.552669 43.805812
7.576201 43.802791
7.550659 43.809500
7.550106 43.813969
7.546943 43.796852
7.560864 43.786314
7.548618 43.778336
7.557403 43.824624
7.568009 43.791573
7.558892 43.786875
7.563134 43.799991
7.577480 43.794329
7.562885 43.802568
7.555237 43.816240
7.549793 43.834034
7.554804 43.792398
7.566919 43.824869
7.552682 43.818314
7.570909 43.793784
7.561482 43.785560
7.567247 43.816398
7.558766 43.821627
7.554427 43.815768
7.567538 43.805830
7.565241 43.792578
7.548871 43.818829
7.568947 43.799847
7.566369 43.802369
7.567983 43.796041
7.560910 43.793256
7.576851 43.813833
7.557406 43.796249
7.567329 43.818464
7.551895 43.817461
7.574372 43.805796
7.571887 43.808742
7.559877 43.815328
7.563812 43.778901
7.556140 43.786520
7.560301 43.824128
7.561385 43.790922
7.565111 43.800374
7.562201 43.804039
7.563583 43.781363
7.565782 43.781951
7.563901 43.790289
7.571102 43.783794
7.560247 43.816780
7.566626 43.784187
7.555760 43.790352
7.557810 43.792327
7.560303 43.793243
7.576143 43.790308
7.572972 43.810280
7.566008 43.807881
7.554722 43.784441
7.554436 43.792581
7.548184 43.781998
7.576996 43.794535
7.577204 43.797307
7.575967 43.786114
7.555910 43.793892
7.547769 43.795333
7.569156 43.808983
7.551598 43.796367
7.574758 43.784064
7.555691 43.817515
7.554951 43.794728
7.567646 43.786855
7.560967 43.786797
7.563351 43.821313
7.559447 43.805644
7.560331 43.805144
7.561850 43.808151
7.559534 43.805534
7.562106 43.804759
7.559483 43.808053
7.565786 43.805050
7.561963 43.806173
7.564924 43.803495
7.558694 43.807522
7.565994 43.802174
7.566190 43.811428
7.550289 43.819710
7.563052 43.790496
7.554402 43.785891
7.560150 43.803430
7.563777 43.805888
7.560394 43.804320
7.563031 43.806958
7.563149 43.801989
7.567595 43.797183
7.560609 43.806482
7.561359 43.808116
7.561192 43.801000
7.562253 43.806033
7.560668 43.809740
7.572750 43.793513
7.561161 43.809327
7.558806 43.801034
7.563333 43.801784
7.561209 43.808999
7.564871 43.805044
7.561779 43.792118
7.565061 43.805554
7.553445 43.811267
7.551298 43.814169
7.567179 43.780267
7.551880 43.804479
7.565410 43.806607
7.559291 43.803390
7.570868 43.801293
7.564370 43.787291
7.546896 43.796892
7.558743 43.804869
7.563750 43.802697
7.566073 43.825159
7.561783 43.806007
7.560556 43.802406
7.559806 43.808600
7.561092 43.808869
7.561545 43.803388
7.564330 43.810469
7.577163 43.809725
7.565427 43.807079
7.565712 43.799597
7.564952 43.798476
7.546703 43.811371
7.560336 43.801524
7.563330 43.794059
7.559202 43.806634
7.561147 43.804113
7.563001 43.800396
7.557653 43.777992
7.550569 43.794689
7.560079 43.801452
7.562231 43.787064
7.564710 43.804215
7.565325 43.802542
7.557463 43.818262
7.560753 43.799988
7.563196 43.809865
7.547032 43.801008
7.565392 43.811372
7.565608 43.798649
7.561125 43.801262
7.559508 43.800545
7.561969 43.803785
7.565351 43.803011
7.561506 43.813752
7.561339 43.813037
7.561969 43.798648
7.561878 43.798322
7.565028 43.809241
7.566990 43.805636
7.564279 43.806573
7.562694 43.792984
7.560023 43.813833
7.560198 43.803866
7.559531 43.813816
7.554178 43.797380
7.573467 43.815861
7.553178 43.831595
7.553007 43.809477
7.558769 43.812514
7.561486 43.804856
7.568046 43.788596
7.554087 43.802373
7.560790 43.810451
7.564100 43.807162
7.558328 43.802942
7.563459 43.800739
7.554466 43.787214
7.563036 43.797903
7.561341 43.781825
7.559985 43.814245
7.556756 43.806970
7.571254 43.796363
7.558770 43.808449
7.555510 43.808694
7.577061 43.801890
7.564733 43.798088
7.566393 43.783201
7.555536 43.780131
7.558952 43.802867
7.560787 43.813278
7.556536 43.806000
7.563233 43.805329
7.560786 43.805512
7.560888 43.800399
7.558105 43.803642
7.568674 43.789879
7.567952 43.812260
7.565406 43.813185
7.567021 43.800447
7.571384 43.802346
7.570240 43.786218
7.569227 43.772067
7.574023 43.768578
7.564994 43.795022
7.561265 43.809878
7.563014 43.805021
7.562379 43.797274
7.563605 43.802164
7.555356 43.810106
7.567181 43.788899
7.548507 43.812336
7.564056 43.780887
7.565454 43.796690
7.555290 43.811766
7.562345 43.813599
7.565041 43.802586
7.561650 43.813102
7.557380 43.809892
7.547398 43.817903
7.584433 43.796930
7.561742 43.801439
7.561170 43.804187
7.567616 43.801646
7.560615 43.809614
7.561006 43.823028
7.564229 43.804782
7.562297 43.809311
7.564311 43.807944
7.568886 43.804665
7.556980 43.800956
7.559252 43.804902
7.562565 43.797374
7.557906 43.810053
7.572767 43.799608
7.568952 43.802638
7.569525 43.803670
7.561331 43.789157
7.566488 43.820611
7.565163 43.798560
7.557817 43.784664
7.563071 43.803186
7.568498 43.786291
7.562659 43.813494
7.564661 43.795138
7.552420 43.812298
7.560463 43.811765
7.567161 43.807981
7.562696 43.807601
7.560832 43.795006
7.566948 43.806068
7.569758 43.803104
7.561519 43.779921
7.560547 43.798827
7.561272 43.778170
7.556308 43.806728
7.559412 43.816934
7.559009 43.804822
7.560132 43.803617
7.558789 43.814697
7.555756 43.810557
7.559272 43.796378
7.564949 43.798017
7.553626 43.821140
7.559897 43.800984
7.568308 43.779689
7.558632 43.816950
7.560929 43.806757
7.564623 43.795253
7.574715 43.807384
7.568379 43.799547
7.561678 43.817174
7.560151 43.797256
7.567798 43.806220
7.564529 43.809570
7.552288 43.823694
7.566731 43.804585
7.559552 43.806460
7.556023 43.801053
7.547856 43.787952
7.565250 43.806187
7.552799 43.826990
7.561974 43.803612
7.567905 43.799068
7.562339 43.812151
7.546796 43.797203
7.568252 43.801665
7.567171 43.806871
7.557933 43.807546
7.558564 43.798799
7.560304 43.811909
7.558705 43.815789
7.571470 43.785047
7.552410 43.828147
7.563897 43.813949
7.566958 43.799721
7.575746 43.793397
7.565654 43.796661
7.558841 43.816964
7.557954 43.815273
7.553882 43.799460
7.555413 43.804060
7.568514 43.803430
7.548390 43.824374
7.563332 43.801304
7.565369 43.810658
7.561528 43.803325
7.576678 43.783278
7.555637 43.798795
7.566395 43.809304
7.551053 43.814999
7.562898 43.797543
7.563132 43.815655
7.568672 43.808131
7.591405 43.760395
7.561547 43.811739
7.561401 43.818860
7.562062 43.796656
7.568804 43.811579
7.569157 43.809854
7.561849 43.800387
7.554640 43.800272
7.568893 43.822556
7.567401 43.813013
7.572449 43.805492
7.558242 43.817705
7.563620 43.795480
7.565979 43.802529
7.568729 43.809860
7.557094 43.806171
7.556171 43.798571
7.562155 43.815440
7.556051 43.810202
7.564332 43.814018
7.562666 43.793454
7.554455 43.802426
7.568982 43.808061
7.567050 43.787219
7.560346 43.797529
7.567657 43.810192
7.565915 43.808375
7.562657 43.804664
7.569391 43.797793
7.558760 43.814922
7.563221 43.800121
7.560982 43.807917
7.556894 43.783895
7.577018 43.785696
7.570348 43.779090
7.567617 43.799067
7.560824 43.798922
7.555556 43.830243
7.561313 43.811624
7.566292 43.809769
7.567172 43.810117
7.569746 43.803814
7.556145 43.803820
7.560620 43.794214
7.559165 43.793138
7.567602 43.783854
7.555043 43.781023
7.554477 43.801700
7.565362 43.816558
7.561131 43.794044
7.573005 43.797224
7.562342 43.815592
7.574982 43.790073
7.547683 43.823049
7.561308 43.796462
7.563367 43.802605
7.556624 43.810030
7.569794 43.796270
7.555903 43.814785
7.556781 43.798496
7.557148 43.814828
7.556216 43.807755
7.566121 43.809216
7.558789 43.814328
7.567000 43.804293
7.562837 43.809487
7.561861 43.807821
7.565975 43.814085
7.562681 43.798686
7.559077 43.792417
7.549390 43.837355
7.560139 43.800642
7.569478 43.783476
7.568160 43.808726
7.561165 43.805345
7.562766 43.803947
7.564455 43.785299
7.556616 43.803656
7.567298 43.809065
7.564226 43.809496
7.567694 43.811607
7.564789 43.797781
7.565836 43.792486
7.559409 43.819506
7.561676 43.799000
7.555658 43.811616
7.563211 43.812783
7.564984 43.795060
7.550952 43.805034
7.559516 43.793622
7.568998 43.778623
7.567604 43.810044
7.564021 43.815921
7.562805 43.784151
7.565057 43.808178
7.555598 43.797716
7.563209 43.794775
7.561889 43.792467
7.558838 43.795755
7.566810 43.813554
7.566672 43.798021
7.558319 43.797954
7.569523 43.808643
7.567429 43.808867
7.569429 43.803415
7.568811 43.779619
7.557593 43.785624
7.555986 43.809561
7.570926 43.820676
7.567135 43.810915
7.569796 43.793165
7.554444 43.795612
7.556052 43.816117
7.557484 43.805146
7.560554 43.818631
7.557184 43.809539
7.567583 43.812924
7.569039 43.791387
7.560669 43.796417
7.575761 43.785918
7.569628 43.805480
7.577139 43.785695
7.554756 43.815165
7.563406 43.807544
7.561879 43.792314
7.556727 43.795098
7.568405 43.798341
7.567967 43.793496
7.563052 43.817143
7.563676 43.798274
7.565649 43.818200
7.564605 43.818789
7.558526 43.797497
7.568393 43.783313
7.569140 43.800675
7.562537 43.819493
7.561725 43.799383
7.559075 43.798990
7.572627 43.821386
7.557340 43.814626
7.568616 43.796782
7.559818 43.801553
7.566241 43.809279
7.568204 43.807536
7.562534 43.805246
7.563927 43.792656
7.556790 43.798170
7.553483 43.812695
7.554960 43.795401
7.567278 43.798056
7.563902 43.791696
7.559771 43.792552
7.560370 43.789606
7.562699 43.792934
7.556311 43.806578
7.563458 43.818579
7.559673 43.798199
7.562133 43.811853
7.550181 43.793064
7.552099 43.830563
7.553161 43.806970
7.552275 43.807532
7.570153 43.787249
7.568493 43.799233
7.567581 43.801686
7.564063 43.819789
7.550616 43.808920
7.557589 43.808257
7.559895 43.805194
7.564924 43.793199
7.556947 43.826511
7.566768 43.796551
7.561019 43.793227
7.566467 43.808552
7.554518 43.818232
7.556514 43.796555
7.554615 43.818976
7.551073 43.828509
7.557608 43.796805
7.569462 43.805715
7.553861 43.809254
7.565319 43.792745
7.553948 43.809554
7.553475 43.809800
7.569472 43.799347
7.564085 43.801901
7.551541 43.818708
7.569031 43.793930
7.557168 43.807875
7.552233 43.808302
7.561961 43.791173
7.568605 43.815206
7.551819 43.805345
7.555721 43.800976
7.560249 43.796102
7.569843 43.802251
7.568340 43.811598
7.571092 43.802535
7.555936 43.795516
7.563838 43.811367
7.564402 43.801483
7.566997 43.810436
7.564919 43.799219
7.553963 43.804967
7.561738 43.816963
7.566632 43.815612
7.561566 43.806820
7.570035 43.801093
7.563156 43.793502
7.563468 43.816867
7.547792 43.785066
7.568141 43.793616
7.567484 43.792618
7.562835 43.796399
7.558438 43.795006
7.565863 43.819811
7.561095 43.790366
7.552005 43.811523
7.573213 43.804013
7.563401 43.782413
7.550903 43.805337
7.561993 43.791809
7.567268 43.805284
7.564818 43.802888
7.555026 43.809109
7.554473 43.797338
7.563846 43.794686
7.563520 43.800854
7.559655 43.823629
7.563615 43.804018
7.569599 43.814021
7.568429 43.793414
7.572951 43.804930
7.555360 43.794322
7.562660 43.819574
7.555766 43.817368
7.559582 43.808274
7.555833 43.812264
7.571020 43.806068
7.559424 43.809475
7.564288 43.815957
7.565405 43.790288
7.559571 43.820281
7.572838 43.798546
7.553006 43.802615
7.551979 43.801579
7.556220 43.793524
7.563788 43.795179
7.577357 43.794206
7.565707 43.813281
7.557088 43.810109
7.573227 43.806719
7.571058 43.807115
7.550640 43.813435
7.551692 43.805750
7.568168 43.780255
7.564386 43.793047
7.567856 43.800253
7.552458 43.801930
7.568985 43.815260
7.561644 43.790335
7.565522 43.796674
7.551964 43.802624
7.551088 43.804156
7.560921 43.822844
7.559696 43.805070
7.563927 43.808307
7.573640 43.797056
7.560018 43.820238
7.555102 43.802456
7.573042 43.796993
7.568010 43.792301
7.551889 43.801212
7.564693 43.794064
7.554750 43.807540
7.559078 43.813149
7.568516 43.811363
7.552762 43.813006
7.572077 43.801781
7.567340 43.772757
7.571377 43.802359
7.559509 43.821593
7.562970 43.819460
7.573149 43.798048
7.565847 43.806238
7.557552 43.796422
7.550553 43.804080
7.551791 43.810602
7.569110 43.790065
7.570438 43.807910
7.551995 43.801072
7.558354 43.799604
7.571815 43.817214
7.561572 43.806780
7.568574 43.812218
7.559255 43.795378
7.568009 43.799215
7.567818 43.815476
7.558868 43.809276
7.565741 43.788792
7.568272 43.793815
7.559364 43.791073
7.572534 43.808965
7.562685 43.821143
7.561924 43.822237
7.561261 43.798271
7.562423 43.812728
7.566286 43.811684
7.566566 43.796606
7.566798 43.791748
7.562851 43.787943
7.558467 43.804536
7.564594 43.822331
7.550830 43.806219
7.573899 43.825735
7.572545 43.788438
7.559052 43.805018
7.574209 43.799180
7.570112 43.800387
7.568568 43.777353
7.554897 43.796722
7.556009 43.806201
7.562922 43.777299
7.569976 43.802537
7.578571 43.800469
7.581784 43.799867
7.560685 43.808100
7.563355 43.821224
7.570361 43.811682
7.549728 43.819764
7.569434 43.813531
7.554143 43.807916
7.556757 43.815951
7.556923 43.806785
7.557742 43.797223
7.567092 43.807228
7.551726 43.809109
7.556194 43.805635
7.571100 43.794591
7.556861 43.793830
7.564237 43.802792
7.561079 43.798467
7.571165 43.801651
7.559690 43.817787
7.568578 43.789925
7.572486 43.797259
7.550619 43.812531
7.553511 43.801877
7.572173 43.797187
7.561855 43.804256
7.563599 43.788070
7.557826 43.806842
7.562634 43.797686
7.567238 43.818930
7.554774 43.796299
7.556167 43.804655
7.568362 43.805485
7.568062 43.812718
7.566678 43.787146
7.560436 43.789159
7.569847 43.789916
7.560865 43.788387
7.566692 43.812854
7.572082 43.819654
7.561833 43.805345
7.559709 43.787048
7.559798 43.796221
7.554723 43.807463
7.561196 43.800683
7.566243 43.787621
7.567137 43.808810
7.566059 43.818991
7.559476 43.787695
7.557500 43.814246
7.560720 43.815459
7.557567 43.821435
7.569120 43.819237
7.568093 43.796177
7.552912 43.787506
7.559879 43.805064
7.555511 43.815863
7.566397 43.806182
7.572361 43.808909
7.578356 43.783713
7.565383 43.816806
7.556619 43.795182
7.564848 43.803658
7.564703 43.816970
7.569852 43.818141
7.561292 43.809939
7.554597 43.798295
7.564268 43.808334
7.563747 43.805272
7.567485 43.809417
7.552261 43.803860
7.566278 43.788174
7.564902 43.821462
7.566941 43.812394
7.555144 43.791759
7.569202 43.823048
7.557511 43.779578
7.560231 43.792938
7.573184 43.807679
7.563877 43.801453
7.561390 43.789786
7.567292 43.813121
7.554634 43.792060
7.568608 43.818037
7.559755 43.828397
7.571558 43.797987
7.566929 43.804593
7.571311 43.796010
7.555034 43.791972
7.555545 43.822726
7.557842 43.791847
7.554640 43.812094
7.552305 43.797086
7.564300 43.789635
7.564490 43.792765
7.557619 43.804296
7.572420 43.813181
7.563225 43.821740
7.557130 43.819402
7.550905 43.808782
7.570870 43.797257
7.568157 43.795369
7.560314 43.824533
7.570612 43.812751
7.570346 43.809407
7.556962 43.812134
7.551719 43.795182
7.554550 43.797537
7.559549 43.815781
7.558528 43.788595
7.572361 43.782347
7.561976 43.803564
7.563728 43.827873
7.571767 43.825133
7.552907 43.795623
7.561706 43.802276
7.553877 43.818541
7.554681 43.789812
7.556907 43.813028
7.566110 43.818385
7.553109 43.809917
7.564437 43.815353
7.557704 43.790800
7.554668 43.816114
7.571780 43.794888
7.560834 43.800826
7.560597 43.808519
7.564736 43.814559
7.569349 43.811205
7.562276 43.782059
7.560731 43.803746
7.555907 43.806746
7.570495 43.814318
7.568459 43.787211
7.567897 43.787693
7.552824 43.812106
7.555564 43.802844
7.565035 43.831201
7.562338 43.805694
7.557500 43.805532
7.573463 43.796386
7.565886 43.816294
7.569826 43.795528
7.563712 43.783941
7.564754 43.823546
7.557689 43.802786
7.555818 43.805167
7.556243 43.804153
7.557801 43.792364
7.559314 43.794344
7.558762 43.819600
7.562715 43.811226
7.566767 43.822988
7.568665 43.807839
7.557749 43.802787
7.556221 43.793484
7.571982 43.776509
7.563115 43.794561
7.568080 43.816222
7.569508 43.821848
7.554577 43.805075
7.567913 43.785144
7.557540 43.796383
7.555330 43.807665
7.568518 43.799720
7.547505 43.808928
7.568619 43.804293
7.555972 43.797381
7.562836 43.827868
7.569518 43.786822
7.559015 43.796282
7.555998 43.812145
7.557505 43.806251
7.553726 43.797507
7.569865 43.795806
7.576289 43.791951
7.561405 43.800180
7.569009 43.812726
7.560873 43.794547
7.571564 43.809258
7.554371 43.787210
7.559121 43.784954
7.569217 43.806812
7.551331 43.802823
7.566562 43.791982
7.561996 43.795451
7.557758 43.823430
7.556203 43.809886
7.568230 43.799111
7.573219 43.788177
7.562481 43.814482
7.557343 43.788530
7.561013 43.819378
7.551885 43.822231
7.556629 43.787381
7.541389 43.815052
7.568431 43.776784
7.557263 43.773930
7.565006 43.785736
7.558923 43.811709
7.571685 43.795583
7.563780 43.804084
7.560595 43.824000
7.557627 43.789653
7.578930 43.810780
7.566582 43.802555
7.552004 43.803645
7.541126 43.810017
7.557302 43.795672
7.536016 43.802719
7.556153 43.821075
7.550132 43.808562
7.559577 43.786204
7.562719 43.805860
7.573089 43.817004
7.558717 43.791110
7.567120 43.821064
7.571830 43.797556
7.565845 43.784073
7.554008 43.780267
7.553640 43.800332
7.567286 43.822551
7.563279 43.823546
7.565551 43.786369
7.580162 43.807428
7.547685 43.813421
7.564098 43.777238
7.566123 43.791751
7.547683 43.801961
7.572829 43.807755
7.569548 43.788147
7.560835 43.814279
7.568802 43.782026
7.571050 43.785409
7.553071 43.779329
7.561965 43.786262
7.558170 43.791497
7.549333 43.807127
7.557360 43.809849
7.582084 43.799991
7.566084 43.820411
7.553194 43.786097
7.552526 43.792355
7.557004 43.767081
7.563540 43.781560
7.564927 43.815937
7.552957 43.818633
7.560915 43.785288
7.552459 43.798791
7.547529 43.815955
7.556628 43.793589
7.566396 43.821330
7.565814 43.828361
7.553884 43.790650
7.573357 43.801088
7.562073 43.783502
7.554903 43.785140
7.568479 43.782516
7.570692 43.815006
7.576048 43.797243
7.546858 43.806169
7.558970 43.783880
7.566208 43.814712
7.569514 43.783394
7.572983 43.802910
7.581624 43.814761
7.557734 43.784521
7.543339 43.797004
7.567997 43.784971
7.571713 43.808816
7.547529 43.804914
7.555126 43.791883
7.576513 43.804519
7.547171 43.811574
7.575457 43.831366
7.551175 43.827202
7.566865 43.795004
7.545258 43.795697
7.564115 43.827729
7.575412 43.788808
7.547320 43.797058
7.570931 43.813574
7.568711 43.801742
7.573947 43.805383
7.568445 43.808010
7.561577 43.773451
7.545759 43.803362
7.575721 43.814099
7.548078 43.802405
7.547720 43.810579
7.553138 43.820839
7.569285 43.823478
7.569070 43.814127
7.540889 43.790857
7.571277 43.813948
7.548777 43.802635
7.572288 43.788311
7.581292 43.775167
7.549630 43.811959
7.574838 43.815001
7.582585 43.816774
7.567236 43.809408
7.575871 43.789090
7.581049 43.804680
7.571361 43.813543
7.575616 43.795701
7.569995 43.820844
7.548022 43.809303
7.580870 43.810886
7.575476 43.820359
7.575938 43.806114
7.547900 43.787161
7.588913 43.791808
7.589675 43.799020
7.583672 43.803416
7.589814 43.786398
7.580938 43.784544
7.591240 43.781287
7.538978 43.801985
7.544977 43.835454
7.550459 43.765577
7.551985 43.764613
7.554419 43.763259
7.550698 43.764631
7.555028 43.761830
7.551968 43.767763
7.552429 43.766570
7.551502 43.768448
7.552386 43.782839
7.551876 43.767478
7.540494 43.761824
7.555154 43.763829
7.554650 43.766756
7.551589 43.764214
7.556202 43.763411
7.556374 43.760900
7.543395 43.765314
7.551998 43.768509
7.557444 43.759343
7.554491 43.766060
7.564820 43.766682
7.556236 43.758672
7.554607 43.760785
7.558852 43.741687
7.550747 43.766227
7.557622 43.764576
7.554219 43.762595
7.556706 43.763518
7.553215 43.761923
7.551346 43.761458
7.559150 43.764675
7.556711 43.766194
7.551164 43.763803
7.553674 43.769249
7.539933 43.763758
7.540513 43.773194
7.553636 43.762373
7.552868 43.761438
7.558146 43.760632
7.553675 43.764378
7.551107 43.765531
7.550688 43.768742
7.558129 43.765421
7.555031 43.764065
7.550892 43.768641
7.557125 43.767891
7.564485 43.757841
7.568596 43.741444
7.539323 43.768675
7.562577 43.743289
7.557800 43.770766
7.556082 43.762736
7.555130 43.761159
7.557642 43.765417
7.551271 43.762748
7.542495 43.776256
7.552915 43.769891
7.552425 43.764460
7.556201 43.763989
7.551325 43.769939
7.552959 43.763107
7.540566 43.779876
7.555259 43.760671
7.552116 43.768585
7.552282 43.784663
7.553273 43.771218
7.550696 43.762239
7.556537 43.758888
7.552457 43.771545
7.557168 43.758361
7.555035 43.758275
7.557018 43.762481
7.557639 43.756011
7.553579 43.767807
7.556814 43.760466
7.551269 43.763194
7.556911 43.766752
7.556889 43.779451
7.551768 43.770157
7.552596 43.768198
7.550582 43.759725
7.552074 43.770753
7.557104 43.756071
7.562297 43.740348
7.551380 43.762270
7.553706 43.761146
7.553774 43.760442
7.550634 43.759062
7.553197 43.762486
7.557837 43.757303
7.563318 43.739343
7.550740 43.759574
7.556082 43.759462
7.551141 43.766075
7.553694 43.759617
7.554512 43.756305
7.552351 43.758667
7.555128 43.763005
7.556500 43.756587
7.557094 43.771610
7.550622 43.770160
7.555227 43.757668
7.555574 43.739352
7.557396 43.766289
7.554129 43.761030
7.556460 43.760408
7.563714 43.766443
7.551086 43.762290
7.552871 43.774985
7.550755 43.775167
7.553379 43.760280
7.554518 43.767944
7.552424 43.771859
7.569572 43.729038
7.557522 43.762769
7.551752 43.765177
7.556161 43.758348
7.554069 43.774767
7.556227 43.760215
7.556709 43.770773
7.557985 43.765880
7.546124 43.768572
7.550654 43.768712
7.554266 43.761088
7.566904 43.741938
7.551813 43.772728
7.557216 43.757245
7.552124 43.764028
7.561327 43.758837
7.558454 43.759502
7.556683 43.772037
7.555938 43.771888
7.551150 43.759070
7.548198 43.751708
7.558839 43.761874
7.554811 43.762442
7.559377 43.761771
7.556200 43.760640
7.555783 43.754486
7.555295 43.762967
7.555973 43.754894
7.557918 43.762639
7.557011 43.754769
7.561051 43.759889
7.554695 43.760742
7.560331 43.764005
7.556174 43.755570
7.558524 43.757112
7.558568 43.758168
7.551483 43.766180
7.559866 43.760526
7.550812 43.760789
7.554455 43.754366
7.550400 43.779395
7.560011 43.757475
7.552047 43.757944
7.554242 43.757292
7.549908 43.775071
7.551982 43.757563
7.556238 43.768742
7.553573 43.758688
7.559370 43.762494
7.558762 43.760723
7.554701 43.755465
7.556313 43.763304
7.553898 43.756594
7.561161 43.760111
7.557541 43.757897
7.552928 43.757911
7.551959 43.762221
7.552893 43.771491
7.558025 43.764386
7.551410 43.759983
7.554934 43.758573
7.556294 43.764256
7.558188 43.754658
7.558926 43.765323
7.558197 43.756445
7.560184 43.761477
7.560671 43.760920
7.548709 43.769608
7.556225 43.770317
7.546731 43.768586
7.556910 43.753578
7.551724 43.759358
7.553207 43.767845
7.551576 43.761297
7.545790 43.772788
7.554573 43.766281
7.551000 43.774942
7.551329 43.771546
7.561326 43.764633
7.557945 43.756411
7.548115 43.789031
7.555845 43.763463
7.549928 43.770568
7.548266 43.767783
7.557706 43.755738
7.550717 43.757573
7.561917 43.758399
7.548926 43.770956
7.551585 43.765951
7.550693 43.773139
7.546916 43.771240
7.547054 43.772446
7.550250 43.767138
7.559314 43.758947
7.554503 43.760560
7.555992 43.754027
7.548045 43.769283
7.554868 43.757751
7.556868 43.765738
7.554007 43.758333
7.556647 43.757168
7.560515 43.763449
7.550700 43.749526
7.549606 43.765801
7.553212 43.758667
7.559463 43.756115
7.554587 43.768673
7.559514 43.775572
7.561096 43.766339
7.549779 43.766022
7.556368 43.766824
7.553436 43.760251
7.548134 43.765141
7.557768 43.758873
7.558286 43.759668
7.542555 43.777116
7.554228 43.765801
7.552464 43.760758
7.557005 43.753527
7.554155 43.763432
7.551383 43.757188
7.555172 43.773575
7.541060 43.785105
7.559924 43.763369
7.547286 43.766755
7.560151 43.755490
7.555403 43.756680
7.559565 43.753289
7.562434 43.759864
7.546732 43.771407
7.553080 43.756773
7.560341 43.753759
7.546662 43.765316
7.549167 43.765012
7.554079 43.763270
7.551066 43.760154
7.552541 43.757112
7.562048 43.760458
7.553630 43.778001
7.558049 43.773168
7.539539 43.755768
7.551417 43.760838
7.548968 43.771282
7.551657 43.788496
7.558630 43.762062
7.552298 43.765229
7.557233 43.754626
7.560171 43.761043
7.550974 43.777176
7.554984 43.757403
7.547263 43.774915
7.551100 43.777861
7.552818 43.759223
7.548297 43.767354
7.560183 43.754090
7.569353 43.765444
7.556685 43.764685
7.557337 43.753173
7.555654 43.768326
7.559360 43.759887
7.556642 43.763389
7.547615 43.770506
7.561949 43.764749
7.542525 43.775250
7.550565 43.764646
7.557283 43.752997
7.548335 43.774830
7.549501 43.766168
7.560072 43.757930
7.562075 43.758945
7.546715 43.764450
7.554384 43.760054
7.559569 43.763254
7.552804 43.767914
7.554606 43.766808
7.554873 43.768621
7.561083 43.762986
7.554905 43.765662
7.554966 43.754876
7.560637 43.753921
7.551317 43.770786
7.539302 43.786964
7.552283 43.768309
7.558275 43.754430
7.551190 43.773872
7.551956 43.761475
7.560957 43.761218
7.558178 43.758296
7.566791 43.765815
7.553376 43.773772
7.547757 43.764718
7.554325 43.756701
7.560047 43.767290
7.555492 43.779527
7.557066 43.752935
7.551982 43.755647
7.550006 43.764208
7.555680 43.760047
7.562024 43.758415
7.560467 43.763447
7.558563 43.764367
7.554029 43.757053
7.548845 43.762501
7.556614 43.753156
7.552740 43.777494
7.554571 43.753171
7.557998 43.767529
7.551749 43.760461
7.548529 43.761310
7.553212 43.756385
7.555895 43.754427
7.562007 43.763314
7.559294 43.764732
7.551834 43.758023
7.557108 43.758494
7.556202 43.774824
7.553814 43.760759
7.560365 43.762868
7.557963 43.769433
7.552388 43.774679
7.556582 43.750182
7.556194 43.752544
7.558954 43.758493
7.547554 43.765579
7.555479 43.749991
7.549773 43.762651
7.552778 43.766605
7.556221 43.750212
7.553292 43.770113
7.550087 43.769419
7.554673 43.750904
7.551526 43.775744
7.549187 43.762220
7.555566 43.752270
7.556164 43.753470
7.558209 43.770742
7.561553 43.755010
7.544793 43.776483
7.549991 43.764754
7.557388 43.754469
7.554709 43.752485
7.557532 43.769640
7.549044 43.763029
7.552990 43.773938
7.559127 43.753042
7.552326 43.764208
7.558798 43.762184
7.557484 43.761325
7.551865 43.753825
7.554113 43.768153
7.551338 43.761090
7.552404 43.754556
7.561440 43.755153
7.554519 43.758580
7.552182 43.767149
7.556909 43.752439
7.553274 43.754879
7.550445 43.763477
7.555550 43.752700
7.560655 43.751131
7.564327 43.768055
7.551828 43.766075
7.559594 43.754043
7.561955 43.756194
7.549526 43.774910
7.559329 43.760070
7.559634 43.750168
7.554273 43.753496
7.550681 43.766953
7.556084 43.769692
7.560313 43.751504
7.550503 43.754141
7.550035 43.761413
7.553467 43.776296
7.552168 43.765870
7.549338 43.777418
7.554144 43.753734
7.555594 43.751313
7.560044 43.758888
7.552613 43.765652
7.562041 43.758443
7.567583 43.750856
7.561422 43.750240
7.545326 43.777540
7.549417 43.767367
7.556040 43.750081
7.556804 43.768309
7.556674 43.750187
7.550994 43.772912
7.560068 43.762775
7.567460 43.758936
7.553428 43.754641
7.560086 43.753440
7.557247 43.774751
7.552437 43.748275
7.548338 43.761867
7.553880 43.765893
7.552912 43.786866
7.548030 43.768085
7.559050 43.755317
7.564907 43.743068
7.553927 43.776393
7.561871 43.752340
7.557042 43.761672
7.549373 43.764035
7.560436 43.756620
7.547734 43.791145
7.547609 43.766062
7.553883 43.754676
7.559545 43.768860
7.548961 43.771144
7.554686 43.750475
7.568243 43.744034
7.548756 43.763630
7.560672 43.767933
7.548897 43.766429
7.557985 43.768732
7.563216 43.756228
7.560960 43.751340
7.547924 43.777457
7.548272 43.758555
7.560560 43.755135
7.548206 43.759892
7.560527 43.771638
7.547083 43.772517
7.546717 43.769891
7.553580 43.777076
7.546974 43.759649
7.549971 43.775275
7.550193 43.759051
7.554129 43.764291
7.554386 43.777933
7.560254 43.750356
7.557129 43.751718
7.550858 43.768484
7.557284 43.753231
7.558507 43.762573
7.558842 43.766168
7.547714 43.760047
7.554147 43.753345
7.558762 43.752439
7.555285 43.752738
7.544770 43.784777
7.554238 43.766894
7.552730 43.773871
7.557895 43.767048
7.560641 43.772238
7.553088 43.778634
7.547090 43.771970
7.560278 43.752822
7.546599 43.771820
7.558319 43.759142
7.557991 43.777082
7.561694 43.751037
7.568656 43.756452
7.559487 43.757687
7.558398 43.751064
7.551736 43.752871
7.558125 43.762767
7.548243 43.762286
7.558698 43.754163
7.553358 43.767640
7.557092 43.769160
7.547149 43.760751
7.556102 43.766365
7.557467 43.766276
7.561327 43.751378
7.549478 43.769500
7.555058 43.752370
7.556665 43.754336
7.539148 43.772126
7.560459 43.770640
7.551525 43.762368
7.552548 43.779219
7.547402 43.758928
7.559580 43.755666
7.563307 43.775376
7.549781 43.769460
7.548136 43.777510
7.557266 43.760999
7.552109 43.760284
7.548320 43.763484
7.563347 43.733379
7.550177 43.763016
7.553060 43.776039
7.550445 43.764445
7.547605 43.758558
7.543579 43.757570
7.560513 43.753628
7.550387 43.779104
7.551092 43.755238
7.553654 43.774047
7.554862 43.775216
7.548530 43.779980
7.563053 43.760846
7.553733 43.779455
7.559183 43.752164
7.559201 43.749648
7.558163 43.771789
7.546845 43.764195
7.558418 43.748250
7.561942 43.750256
7.554852 43.749497
7.555226 43.770110
7.555825 43.747363
7.552131 43.761559
7.558316 43.767396
7.561845 43.747400
7.556095 43.748694
7.561207 43.761126
7.555867 43.749267
7.549736 43.777169
7.547898 43.779351
7.561702 43.749175
7.554824 43.747342
7.551144 43.766901
7.561407 43.755471
7.556521 43.747625
7.563657 43.757237
7.547431 43.766100
7.551611 43.768528
7.556741 43.748537
7.546332 43.777934
7.557227 43.749641
7.552417 43.754461
7.556589 43.777508
7.552042 43.752127
7.557743 43.766071
7.551431 43.752019
7.563590 43.757996
7.546618 43.764434
7.553473 43.751970
7.551292 43.751821
7.552700 43.770318
7.548972 43.778431
7.554050 43.751124
7.552289 43.770291
7.547604 43.764409
7.552356 43.752144
7.553918 43.751333
7.552037 43.751217
7.563139 43.760089
7.554299 43.751514
7.547482 43.770165
7.567639 43.775929
7.562934 43.760383
7.555271 43.747716
7.558944 43.747887
7.548396 43.759848
7.562986 43.759720
7.547646 43.773856
7.556741 43.736844
7.551634 43.753699
7.562216 43.766201
7.568540 43.776850
7.563296 43.757632
7.559566 43.754271
7.551215 43.750409
7.560560 43.748815
7.561887 43.749538
7.545636 43.783599
7.558849 43.749497
7.553335 43.767083
7.563376 43.753759
7.554795 43.748474
7.554855 43.767803
7.561053 43.757877
7.564707 43.761120
7.565782 43.757954
7.560049 43.755244
7.558207 43.771771
7.547377 43.757602
7.564037 43.734092
7.561968 43.750023
7.574828 43.731778
7.551066 43.765904
7.550136 43.757742
7.562505 43.756240
7.555762 43.786979
7.564192 43.763943
7.564025 43.761591
7.561219 43.736889
7.553915 43.771382
7.562061 43.767632
7.561770 43.747262
7.554609 43.754203
7.552329 43.768940
7.557187 43.774134
7.553478 43.750735
7.565874 43.757637
7.552052 43.773957
7.556808 43.764224
7.563179 43.755104
7.534964 43.785705
7.548394 43.758150
7.564090 43.757906
7.562082 43.761706
7.566186 43.738680
7.550421 43.771362
7.547597 43.767913
7.561199 43.748358
7.554999 43.770129
7.557155 43.749801
7.547281 43.776184
7.557301 43.758546
7.562373 43.753161
7.563005 43.741630
7.552900 43.775272
7.549427 43.757587
7.551482 43.777682
7.563968 43.751478
7.549345 43.767302
7.546732 43.778630
7.564711 43.749997
7.550204 43.757462
7.562344 43.752897
7.550723 43.780967
7.562575 43.752674
7.552227 43.782463
7.555300 43.738315
7.561024 43.767867
7.559035 43.768966
7.561638 43.773593
7.549647 43.758949
7.547945 43.767292
7.549118 43.767501
7.558938 43.760498
7.563746 43.750156
7.546808 43.793803
7.556894 43.772851
7.542745 43.772224
7.548224 43.767032
7.564705 43.752308
7.555725 43.756874
7.552602 43.761010
7.561782 43.768385
7.543928 43.770584
7.561967 43.764902
7.543961 43.774630
7.546075 43.773807
7.547544 43.772102
7.561295 43.774066
7.547146 43.776272
7.546136 43.759109
7.546042 43.772078
7.549366 43.774352
7.548070 43.764657
7.559380 43.745106
7.546550 43.767168
7.561457 43.766532
7.544511 43.771499
7.564484 43.752931
7.560098 43.753364
7.560140 43.745634
7.560472 43.749635
7.562320 43.751949
7.562444 43.756524
7.556577 43.756407
7.558338 43.746036
7.557024 43.769972
7.559354 43.745613
7.548897 43.771344
7.556280 43.768396
7.546907 43.770628
7.560345 43.746595
7.547987 43.778956
7.543745 43.770051
7.545575 43.773687
7.565761 43.759035
7.561975 43.744871
7.562488 43.755059
7.561127 43.772804
7.544115 43.778405
7.562470 43.766778
7.559505 43.746792
7.545494 43.773686
7.565566 43.756288
7.563246 43.764325
7.543726 43.768578
7.543925 43.769809
7.557757 43.778502
7.544940 43.790645
7.561353 43.735931
7.562791 43.751483
7.551821 43.751451
7.550108 43.776341
7.565399 43.760070
7.552906 43.779011
7.545870 43.774113
7.547773 43.782036
7.560267 43.761358
7.544839 43.777807
7.563001 43.748395
7.564688 43.752099
7.558169 43.746816
7.553757 43.772227
7.547817 43.764645
7.544436 43.776307
7.544855 43.772607
7.553818 43.755596
7.564847 43.748964
7.558268 43.768497
7.543470 43.777985
7.560554 43.766029
7.550025 43.764470
7.557806 43.744640
7.564486 43.757282
7.546572 43.764717
7.544508 43.769980
7.563636 43.751789
7.550372 43.755125
7.543134 43.764902
7.554083 43.748635
7.560790 43.744508
7.549215 43.755228
7.549594 43.754859
7.549548 43.755205
7.549388 43.769635
7.565901 43.748664
7.560443 43.772226
7.564249 43.761703
7.564561 43.758644
7.544296 43.776744
7.563433 43.764745
7.553118 43.738824
7.551822 43.747329
7.550054 43.771875
7.565392 43.755239
7.559079 43.775702
7.546331 43.769451
7.545713 43.780779
7.559683 43.766341
7.564109 43.754716
7.559529 43.752326
7.557098 43.804665
7.544721 43.769288
7.554799 43.754678
7.554579 43.767150
7.562524 43.752891
7.553077 43.782414
7.565773 43.747611
7.557678 43.777915
7.565527 43.753301
7.542037 43.750558
7.565702 43.750467
7.546961 43.760076
7.550727 43.772941
7.540825 43.759660
7.564264 43.762941
7.561056 43.767266
7.542784 43.781358
7.543417 43.770267
7.562137 43.752360
7.558862 43.749086
7.544915 43.768366
7.547710 43.753190
7.565649 43.752828
7.546165 43.773402
7.544762 43.779816
7.563302 43.752343
7.552012 43.768101
7.552368 43.749100
7.548990 43.780218
7.551137 43.750837
7.551593 43.777469
7.557774 43.770436
7.561400 43.775085
7.558033 43.782417
7.564384 43.748836
7.564843 43.767672
7.546402 43.781183
7.543378 43.762043
7.556141 43.782495
7.563561 43.746194
7.545528 43.762015
7.554515 43.782239
7.551539 43.748319
7.543954 43.778781
7.545658 43.773530
7.545416 43.788097
7.547538 43.764315
7.549742 43.779399
7.547696 43.773319
7.563146 43.747031
7.563023 43.748970
7.543341 43.770823
7.557116 43.777226
7.562136 43.745859
7.543299 43.761451
7.550158 43.786169
7.564976 43.757084
7.558757 43.758379
7.564634 43.744930
7.563130 43.747136
7.560089 43.742566
7.550999 43.758923
7.559359 43.768501
7.550715 43.786179
7.562021 43.746459
7.550354 43.769990
7.555993 43.778158
7.563328 43.757162
7.553700 43.746044
7.543898 43.762843
7.563245 43.761280
7.550536 43.773881
7.562909 43.745346
7.562134 43.753189
7.552105 43.783987
7.550359 43.786190
7.562411 43.761589
7.549926 43.777507
7.545666 43.771968
7.558557 43.736366
7.564952 43.745574
7.562797 43.745669
7.545007 43.794840
7.545208 43.778193
7.559518 43.743641
7.569226 43.753485
7.552128 43.777397
7.564215 43.753844
7.554104 43.745045
7.561262 43.755187
7.563169 43.771106
7.569693 43.758662
7.571035 43.751558
7.534359 43.804636
7.554871 43.776712
7.560526 43.742076
7.549793 43.770760
7.549114 43.752562
7.553138 43.774085
7.548890 43.786213
7.558113 43.748397
7.558348 43.751920
7.550210 43.776451
7.565289 43.770479
7.576870 43.744575
7.548678 43.765503
7.556283 43.759975
7.560427 43.742286
7.559538 43.774427
7.545413 43.760106
7.557451 43.743387
7.564545 43.758204
7.545635 43.783596
7.553359 43.745392
7.545759 43.772132
7.548169 43.755825
7.574887 43.749170
7.563055 43.778684
7.550933 43.746034
7.562846 43.749729
7.547087 43.751206
7.547428 43.778318
7.553674 43.744600
7.543248 43.781960
7.550869 43.773356
7.555181 43.781951
7.556544 43.743817
7.561686 43.778856
7.562976 43.742821
7.547891 43.779004
7.542717 43.778048
7.563947 43.749970
7.554845 43.746730
7.568163 43.754625
7.567457 43.755146
7.552296 43.777676
7.568517 43.750125
7.545554 43.776582
7.548253 43.777702
7.563973 43.769943
7.563542 43.760156
7.575621 43.758469
7.558498 43.739400
7.560467 43.741040
7.561506 43.783900
7.549075 43.752397
7.548120 43.772978
7.566966 43.750851
7.567932 43.749290
7.569049 43.760624
7.554627 43.764844
7.559611 43.738935
7.566431 43.747394
7.568201 43.751011
7.540380 43.758170
7.544864 43.758325
7.548244 43.787981
7.558318 43.776434
7.545417 43.763261
7.556395 43.763449
7.568156 43.760774
7.563760 43.740247
7.560868 43.742033
7.552023 43.757400
7.560944 43.775477
7.560948 43.771407
7.562418 43.754191
7.562311 43.749970
7.560182 43.783369
7.567948 43.745427
7.545451 43.756443
7.548933 43.789169
7.568298 43.751836
7.546769 43.776705
7.560098 43.762373
7.547832 43.769295
7.563411 43.743815
7.540620 43.770715
7.549793 43.753492
7.571701 43.759756
7.556619 43.786440
7.540312 43.774060
7.568842 43.759043
7.539680 43.773906
7.545216 43.786956
7.569352 43.724193
7.539642 43.772690
7.559116 43.777152
7.557518 43.772980
7.551969 43.755018
7.540106 43.771745
7.554614 43.751060
7.560088 43.775813
7.547499 43.767098
7.554228 43.746229
7.573031 43.737690
7.567101 43.766225
7.543942 43.755878
7.560369 43.782979
7.568913 43.767067
7.556897 43.751261
7.554202 43.786069
7.539958 43.782872
7.541962 43.768203
7.541241 43.770658
7.556888 43.783366
7.546964 43.767699
7.568268 43.739899
7.542299 43.782867
7.542949 43.773181
7.538826 43.765056
7.540398 43.767808
7.547398 43.735931
7.552378 43.790386
7.568762 43.755043
7.550302 43.750431
7.550224 43.753989
7.558535 43.771267
7.540360 43.762159
7.553573 43.779367
7.532646 43.771279
7.560415 43.776432
7.541283 43.761657
7.567420 43.755694
7.540316 43.773325
7.541465 43.759063
7.551528 43.740537
7.571886 43.746933
7.542122 43.761514
7.547621 43.758746
7.555329 43.777334
7.540904 43.778916
7.573059 43.750148
7.560193 43.778103
7.541947 43.782784
7.548075 43.750123
7.548091 43.747125
7.545725 43.759466
7.548275 43.739122
7.560812 43.787099
7.531252 43.764215
7.586520 43.784596
7.558271 43.792372
7.565297 43.787160
7.558477 43.797892
7.576249 43.782277
7.554532 43.798534
7.560733 43.797855
7.578095 43.764380
7.562524 43.786587
7.550146 43.812874
7.559186 43.799014
7.553101 43.797302
7.557979 43.789600
7.571135 43.772111
7.557803 43.799499
7.563937 43.793793
7.559624 43.793874
7.562042 43.780972
7.549068 43.779778
7.555536 43.799804
7.559170 43.797744
7.553167 43.804399
7.558146 43.773519
7.565969 43.788702
7.560119 43.791786
7.564090 43.795060
7.563933 43.787446
7.557835 43.798499
7.562598 43.791326
7.560284 43.798203
7.556018 43.787474
7.548086 43.785082
7.553991 43.767317
7.564313 43.784614
7.563636 43.794730
7.562054 43.798482
7.563482 43.785500
7.559254 43.784666
7.562804 43.786350
7.574243 43.793592
7.560719 43.793623
7.557149 43.800322
7.567763 43.770289
7.562082 43.792487
7.573923 43.779503
7.561935 43.784105
7.564449 43.796944
7.563388 43.786019
7.561017 43.789199
7.557665 43.802351
7.554805 43.803233
7.556898 43.799158
7.544390 43.797891
7.561268 43.797869
7.556384 43.795856
7.564007 43.792843
7.555123 43.786784
7.560230 43.791720
7.554984 43.794978
7.556930 43.794114
7.558906 43.802279
7.562037 43.801482
7.565973 43.788844
7.564647 43.786040
7.575367 43.801799
7.558455 43.801314
7.556487 43.791341
7.560954 43.796552
7.558413 43.801447
7.572772 43.805620
7.558618 43.793135
7.553468 43.795368
7.564013 43.768338
7.561384 43.814671
7.560069 43.787547
7.558766 43.801439
7.558766 43.786108
7.531093 43.816517
7.562544 43.799364
7.563429 43.792075
7.572268 43.769215
7.541721 43.799959
7.559778 43.777845
7.548572 43.778503
7.552461 43.794099
7.564628 43.784285
7.552069 43.795881
7.568457 43.789778
7.553068 43.794374
7.554846 43.796463
7.558580 43.788699
7.562492 43.798556
7.571565 43.766927
7.554994 43.790206
7.556692 43.781931
7.556346 43.793340
7.565855 43.793808
7.562296 43.797823
7.566460 43.788540
7.554079 43.794029
7.551724 43.800034
7.551026 43.795087
7.563998 43.788805
7.561018 43.809069
7.568891 43.790140
7.555684 43.800318
7.557238 43.787132
7.562687 43.799702
7.565506 43.796088
7.556331 43.786590
7.554527 43.801160
7.557862 43.800011
7.567591 43.790706
7.551399 43.798635
7.561537 43.793311
7.553358 43.798510
7.565373 43.798789
7.556586 43.785456
7.550416 43.812360
7.555846 43.785930
7.563838 43.783690
7.553664 43.793218
7.559806 43.774411
7.558576 43.800709
7.561437 43.795396
7.565646 43.790925
7.563462 43.791888
7.562147 43.782646
7.559537 43.783502
7.565068 43.800320
7.562397 43.782903
7.567046 43.788977
7.564271 43.785937
7.550688 43.792727
7.555181 43.793426
7.558910 43.781598
7.539838 43.797950
7.555841 43.802258
7.556856 43.789163
7.566189 43.784962
7.560353 43.788291
7.559667 43.799218
7.559264 43.804248
7.561498 43.802428
7.561632 43.785352
7.562322 43.781158
7.565633 43.798965
7.566206 43.795216
7.567129 43.785649
7.553775 43.789682
7.551930 43.809988
7.547525 43.795319
7.553894 43.788333
7.558372 43.782070
7.557916 43.794362
7.535970 43.795002
7.549909 43.780105
7.558578 43.782662
7.559742 43.789005
7.564246 43.795980
7.551519 43.798003
7.549403 43.782790
7.551449 43.789410
7.556312 43.797479
7.562082 43.803209
7.562145 43.784946
7.555904 43.784016
7.556851 43.804203
7.551780 43.805525
7.562929 43.798997
7.553646 43.789990
7.550834 43.802823
7.567311 43.786423
7.568788 43.769541
7.563393 43.782152
7.566734 43.762978
7.558093 43.805814
7.555188 43.783915
7.569850 43.793749
7.551552 43.800940
7.540594 43.792160
7.551224 43.817043
7.568251 43.789825
7.557123 43.795665
7.550834 43.800933
7.563298 43.798540
7.567617 43.784731
7.558937 43.783857
7.557328 43.804988
7.554751 43.804902
7.561340 43.769832
7.554462 43.790695
7.560310 43.782511
7.557767 43.767966
7.550715 43.801928
7.556193 43.802715
7.546612 43.783628
7.566928 43.790910
7.558652 43.798571
7.560029 43.804524
7.559325 43.786735
7.558732 43.768698
7.563076 43.800359
7.568772 43.787881
7.560155 43.781726
7.562263 43.784058
7.561674 43.798578
7.558670 43.804099
7.565210 43.793222
7.557328 43.790622
7.567255 43.781939
7.556545 43.794582
7.566549 43.781217
7.566754 43.795170
7.565641 43.800940
7.568555 43.803493
7.567401 43.783138
7.552964 43.790162
7.569857 43.815147
7.567708 43.783187
7.558025 43.803003
7.565425 43.798553
7.546746 43.789417
7.568726 43.784452
7.549570 43.781414
7.545927 43.798171
7.551555 43.799973
7.565306 43.802975
7.565703 43.796331
7.567577 43.796162
7.559541 43.809806
7.556714 43.793864
7.566446 43.781853
7.568829 43.786706
7.554681 43.797709
7.570124 43.768632
7.558215 43.786306
7.567591 43.796338
7.550015 43.790224
7.568959 43.783568
7.555809 43.805499
7.574316 43.793718
7.559630 43.804308
7.578617 43.779479
7.568575 43.782931
7.564274 43.780963
7.557871 43.801717
7.558866 43.788020
7.583710 43.786034
7.555119 43.777956
7.567014 43.782702
7.567791 43.796904
7.549770 43.784384
7.565055 43.785177
7.562274 43.778961
7.569551 43.785808
7.557824 43.799472
7.559580 43.775939
7.546818 43.791396
7.562140 43.782527
7.550807 43.798247
7.553728 43.795287
7.546601 43.808318
7.566004 43.784572
7.543982 43.810764
7.556125 43.781199
7.563647 43.793638
7.555526 43.781795
7.555455 43.781143
7.562408 43.778433
7.554177 43.777081
7.563453 43.793913
7.554924 43.804765
7.566827 43.787303
7.563879 43.780567
7.575391 43.797551
7.555712 43.785660
7.564305 43.797185
7.551775 43.793263
7.558234 43.781040
7.556350 43.793921
7.566390 43.797067
7.564221 43.769922
7.552142 43.803996
7.552012 43.803305
7.540671 43.810829
7.568175 43.791896
7.562633 43.789920
7.569155 43.813181
7.576206 43.796152
7.553898 43.797284
7.559528 43.778847
7.569319 43.793466
7.551633 43.788251
7.564024 43.777825
7.560479 43.790872
7.554445 43.791097
7.552702 43.796765
7.585151 43.780464
7.562694 43.779329
7.565731 43.798011
7.552264 43.775578
7.558715 43.801372
7.553173 43.786749
7.558239 43.798795
7.562594 43.785756
7.552194 43.800225
7.553381 43.793983
7.562702 43.781250
7.569633 43.796830
7.561753 43.782562
7.539598 43.806939
7.557264 43.808822
7.568139 43.799265
7.554589 43.788442
7.554338 43.804433
7.542139 43.797182
7.561658 43.799077
7.561705 43.782067
7.559361 43.786513
7.564716 43.788924
7.566103 43.793210
7.546767 43.790345
7.545146 43.793096
7.557046 43.807577
7.569284 43.789319
7.558262 43.780544
7.557435 43.783036
7.565587 43.786612
7.559455 43.799171
7.554707 43.797755
7.553849 43.788346
7.566895 43.779786
7.560604 43.784227
7.561403 43.787996
7.551255 43.781548
7.563324 43.790955
7.555092 43.782219
7.560942 43.788059
7.561317 43.805215
7.582864 43.785232
7.564374 43.803265
7.566438 43.793436
7.555983 43.799730
7.540063 43.808578
7.556036 43.808766
7.568015 43.798977
7.565933 43.792196
7.568189 43.786101
7.567276 43.780515
7.577474 43.788501
7.567612 43.814131
7.571683 43.787037
7.560167 43.790629
7.567428 43.778190
7.554865 43.805520
7.557255 43.781555
7.567092 43.796033
7.553546 43.788307
7.559785 43.791800
7.555361 43.795044
7.561401 43.779698
7.554738 43.808959
7.553576 43.798311
7.573566 43.781644
7.543855 43.808389
7.556072 43.802388
7.561781 43.780035
7.562812 43.804349
7.561551 43.786029
7.553373 43.815789
7.559985 43.782464
7.568728 43.796540
7.556734 43.794645
7.552309 43.784062
7.561171 43.806795
7.556214 43.793677
7.564047 43.802957
7.552167 43.790553
7.570488 43.784513
7.583356 43.774257
7.552251 43.806163
7.560574 43.808415
7.568539 43.792883
7.563497 43.787377
7.571443 43.789563
7.549191 43.798916
7.549005 43.797621
7.550192 43.798113
7.550496 43.786266
7.558468 43.780166
7.573025 43.787216
7.552714 43.794723
7.552913 43.789930
7.549588 43.798023
7.573305 43.789451
7.555942 43.776120
7.563803 43.780299
7.546671 43.795811
7.567700 43.769653
7.573725 43.790746
7.550192 43.798609
7.582052 43.771030
7.550983 43.783792
7.570423 43.783291
7.565713 43.775117
7.567691 43.783794
7.550429 43.797321
7.551609 43.788415
7.559088 43.781359
7.560737 43.789955
7.550739 43.792395
7.558902 43.806828
7.571471 43.781624
7.563696 43.778268
7.548138 43.792621
7.558924 43.797657
7.580118 43.788612
7.561195 43.784301
7.540604 43.807082
7.570474 43.798374
7.552544 43.793681
7.561972 43.809040
7.564148 43.777774
7.567744 43.798537
7.548847 43.794864
7.556955 43.800087
7.557299 43.802297
7.562392 43.778024
7.548775 43.800958
7.560619 43.786444
7.553397 43.801393
7.567043 43.797110
7.549799 43.795710
7.551353 43.793530
7.555169 43.807225
7.557328 43.793274
7.549618 43.793316
7.549210 43.803239
7.572379 43.792217
7.573683 43.783164
7.565433 43.780112
7.557099 43.797481
7.568440 43.780680
7.558113 43.787811
7.554427 43.790626
7.562595 43.777281
7.569882 43.783842
7.543923 43.790702
7.570408 43.793683
7.549252 43.802913
7.562130 43.798658
7.559168 43.782792
7.567583 43.783952
7.555391 43.791153
7.569678 43.801764
7.547965 43.785867
7.564404 43.805838
7.552528 43.785099
7.557219 43.804312
7.550584 43.772911
7.546625 43.795692
7.581781 43.776756
7.572807 43.788513
7.568979 43.797304
7.568609 43.791349
7.554060 43.791674
7.548675 43.793631
7.553130 43.802878
7.569484 43.798459
7.558297 43.785299
7.554216 43.786899
7.571643 43.810271
7.569096 43.816798
7.573063 43.782833
7.548300 43.801584
7.546265 43.784200
7.556553 43.780982
7.579361 43.775430
7.573443 43.793507
7.568743 43.786393
7.572301 43.790018
7.566437 43.802745
7.561448 43.805465
7.561694 43.777110
7.565160 43.804175
7.566123 43.776773
7.553892 43.794086
7.550712 43.787888
7.572527 43.792601
7.563101 43.790139
7.558410 43.795383
7.557719 43.780899
7.565485 43.776213
7.557043 43.770224
7.548616 43.791131
7.558721 43.778821
7.562971 43.761700
7.542037 43.784637
7.549298 43.790088
7.564281 43.765256
7.570281 43.780509
7.548647 43.795700
7.550646 43.799489
7.564805 43.780360
7.546996 43.803367
7.556901 43.784847
7.581070 43.780808
7.567036 43.800654
7.559393 43.774081
7.562276 43.813742
7.561007 43.819631
7.584628 43.779101
7.561299 43.766865
7.552544 43.783827
7.550065 43.791427
7.555649 43.783447
7.557332 43.783253
7.573125 43.784979
7.565495 43.788981
7.566471 43.801185
7.549587 43.814927
7.551988 43.799022
7.564016 43.775570
7.546718 43.772660
7.572197 43.779502
7.548056 43.804500
7.555769 43.805562
7.555828 43.802197
7.559359 43.800428
7.540643 43.809910
7.557040 43.810177
7.547240 43.789524
7.551027 43.794674
7.574746 43.761661
7.548728 43.804208
7.565283 43.777647
7.560474 43.775882
7.551948 43.806683
7.548135 43.798349
7.561492 43.807209
7.559286 43.781474
7.569574 43.779501
7.557728 43.784328
7.550536 43.797588
7.547634 43.801763
7.571874 43.795215
7.569860 43.795829
7.547008 43.804501
7.549666 43.794714
7.567978 43.798151
7.573275 43.796100
7.547506 43.791910
7.573083 43.789484
7.559082 43.777553
7.567200 43.779673
7.561117 43.793076
7.568132 43.786034
7.564713 43.795503
7.565845 43.807328
7.568494 43.763864
7.550743 43.804290
7.548039 43.792058
7.561377 43.775827
7.571941 43.790122
7.545263 43.798208
7.550088 43.798006
7.566946 43.786416
7.560115 43.788027
7.557795 43.804466
7.561139 43.785472
7.564437 43.778597
7.552659 43.787361
7.559483 43.809741
7.563330 43.786646
7.557603 43.805709
7.551225 43.780981
7.572561 43.818274
7.561252 43.779953
7.544007 43.794006
7.568052 43.763028
7.548378 43.793771
7.551179 43.810608
7.558992 43.801204
7.555414 43.768065
7.563518 43.803603
7.565229 43.799957
7.553639 43.782190
7.569015 43.789379
7.557354 43.783581
7.573205 43.777563
7.570036 43.788537
7.574229 43.778966
7.554221 43.804554
7.568248 43.783706
7.570975 43.775899
7.570558 43.785729
7.547562 43.774670
7.549359 43.797285
7.557339 43.811844
7.564939 43.772948
7.559940 43.790101
7.572921 43.792197
7.564985 43.773211
7.572917 43.776531
7.559526 43.775861
7.543639 43.811899
7.546773 43.786753
7.572225 43.780102
7.543850 43.814279
7.553887 43.784139
7.564224 43.788133
7.557025 43.808485
7.557801 43.778744
7.561801 43.822336
7.568831 43.787050
7.567430 43.778524
7.575725 43.762208
7.565676 43.807100
7.552126 43.801362
7.547426 43.807021
7.568342 43.775004
7.549343 43.822096
7.571113 43.777511
7.571083 43.777112
7.564792 43.774926
7.567466 43.805635
7.566079 43.798602
7.571200 43.782165
7.553168 43.783663
7.562918 43.804009
7.550279 43.787127
7.567890 43.773462
7.546963 43.806740
7.554449 43.776002
7.570765 43.799251
7.561173 43.809794
7.570542 43.785157
7.548427 43.787346
7.571844 43.784601
7.564074 43.784176
7.563652 43.775174
7.552014 43.804231
7.559753 43.804097
7.557198 43.802377
7.574170 43.781079
7.558798 43.780594
7.561612 43.780367
7.574007 43.761590
7.578856 43.786708
7.560101 43.796731
7.567738 43.774695
7.554934 43.796565
7.557194 43.777069
7.549807 43.796715
7.552084 43.810380
7.566889 43.774564
7.562549 43.774653
7.558485 43.774452
7.571826 43.783346
7.554834 43.786832
7.576941 43.785978
7.558654 43.767610
7.548143 43.805507
7.554397 43.789171
7.558696 43.780719
7.559691 43.774734
7.551944 43.795126
7.550002 43.788752
7.572861 43.799593
7.556727 43.776394
7.552401 43.783705
7.557189 43.781340
7.553539 43.811683
7.561711 43.777152
7.572231 43.774013
7.553699 43.778967
7.547583 43.809048
7.547590 43.786046
7.552846 43.792044
7.552022 43.791381
7.551439 43.809122
7.551071 43.786207
7.549046 43.786950
7.554711 43.777435
7.546636 43.800259
7.577053 43.782783
7.552351 43.781971
7.572754 43.775079
7.554249 43.787728
7.551576 43.778904
7.557389 43.782046
7.570453 43.792603
7.548785 43.800685
7.558104 43.777393
7.556288 43.813583
7.567297 43.809468
7.554190 43.792073
7.559889 43.797854
7.565314 43.782314
7.555524 43.804474
7.549682 43.785200
7.550036 43.784253
7.552082 43.780317
7.552894 43.795846
7.553580 43.778552
7.568374 43.787352
7.559927 43.773196
7.551418 43.784659
7.551139 43.810723
7.551337 43.790251
7.559555 43.774075
7.565234 43.786371
7.574765 43.787527
7.555376 43.777071
7.575115 43.793257
7.564219 43.806219
7.559226 43.794015
7.572801 43.773941
7.571579 43.810160
7.566003 43.810190
7.557218 43.782052
7.555907 43.786494
7.558491 43.801539
7.556850 43.804234
7.576252 43.785086
7.562075 43.814557
7.569303 43.781396
7.569456 43.775386
7.548394 43.792337
7.564617 43.776537
7.577364 43.792189
7.570334 43.777255
7.566833 43.795917
7.549313 43.791822
7.563665 43.771116
7.553163 43.813381
7.558128 43.763453
7.570734 43.773676
7.561415 43.797089
7.549367 43.798553
7.548863 43.795890
7.563056 43.807932
7.576585 43.794294
7.561439 43.792959
7.554788 43.790467
7.543181 43.802368
7.553820 43.802503
7.559884 43.761653
7.561042 43.781741
7.569014 43.792670
7.564583 43.772865
7.576949 43.775869
7.554331 43.781837
7.571929 43.772977
7.554383 43.786398
7.547364 43.792247
7.568415 43.808061
7.565323 43.790976
7.560349 43.779629
7.564540 43.776811
7.569020 43.778051
7.562147 43.773375
7.552597 43.795606
7.565988 43.785517
7.548033 43.810698
7.547914 43.804702
7.567389 43.774125
7.549840 43.819715
7.574921 43.784888
7.562752 43.794264
7.565336 43.771829
7.569006 43.808217
7.563680 43.808394
7.554484 43.774134
7.562794 43.773178
7.557285 43.773739
7.558707 43.773704
7.560385 43.792364
7.561805 43.808165
7.576059 43.773865
7.556140 43.774579
7.572491 43.781121
7.543903 43.798344
7.559514 43.791878
7.547839 43.781485
7.573630 43.795868
7.559119 43.793615
7.559027 43.791669
7.555528 43.788939
7.543798 43.804518
7.548056 43.789249
7.539978 43.782134
7.558151 43.792260
7.547174 43.790974
7.557492 43.793223
7.558423 43.790088
7.557973 43.794074
7.559864 43.792148
7.557609 43.793276
7.561599 43.796002
7.553955 43.776906
7.559008 43.797319
7.570751 43.803022
7.550741 43.782126
7.546634 43.776689
7.558889 43.791238
7.541458 43.782713
7.560810 43.789522
7.554943 43.817250
7.557925 43.779457
7.569289 43.777867
7.575766 43.788222
7.573917 43.775645
7.548236 43.788387
7.559800 43.790972
7.557209 43.794208
7.552660 43.767735
7.561427 43.795194
7.544654 43.779576
7.544168 43.777992
7.558082 43.792395
7.555300 43.772766
7.563365 43.789364
7.550013 43.793596
7.573621 43.805257
7.558987 43.797763
7.553724 43.794464
7.562494 43.792770
7.562426 43.790094
7.556623 43.782128
7.547540 43.789449
7.561375 43.794423
7.558874 43.773626
7.561490 43.792690
7.563650 43.788662
7.560170 43.796911
7.555783 43.817238
7.560986 43.787024
7.561958 43.795016
7.560558 43.786842
7.546522 43.792546
7.562662 43.794789
7.562942 43.795818
7.562938 43.794968
7.549274 43.802096
7.545519 43.789938
7.563037 43.790558
7.570134 43.802880
7.561643 43.793941
7.559340 43.796322
7.555679 43.793027
7.566752 43.790434
7.563718 43.787500
7.550115 43.797797
7.546959 43.782772
7.559454 43.789918
7.561490 43.789936
7.551798 43.783284
7.560103 43.789493
7.557516 43.790458
7.562252 43.788990
7.567694 43.774629
7.565791 43.791916
7.573109 43.777720
7.557795 43.790743
7.555725 43.793742
7.557999 43.796814
7.559252 43.800117
7.564264 43.812936
7.555729 43.772828
7.557961 43.795489
7.568033 43.809143
7.556230 43.792125
7.565742 43.792690
7.555234 43.790581
7.567284 43.788239
7.555850 43.790145
7.561412 43.787422
7.560962 43.800095
7.557939 43.787918
7.555256 43.798468
7.556796 43.815469
7.569059 43.768699
7.561176 43.800109
7.559691 43.800100
7.564150 43.794665
7.557068 43.800263
7.554451 43.793932
7.557155 43.789549
7.564691 43.794704
7.560660 43.787465
7.554053 43.798531
7.559120 43.785849
7.568140 43.768642
7.573105 43.798791
7.554979 43.793568
7.565255 43.773652
7.566051 43.777748
7.559039 43.789486
7.554006 43.795404
7.560238 43.798680
7.563172 43.788147
7.566904 43.790602
7.555220 43.791273
7.566870 43.790525
7.568109 43.769019
7.567126 43.787510
7.556197 43.761669
7.546135 43.789006
7.564467 43.796719
7.576013 43.772129
7.552551 43.794937
7.572141 43.771312
7.562209 43.781231
7.547477 43.795297
7.547509 43.786475
7.555403 43.776157
7.563143 43.789903
7.564981 43.793107
7.545920 43.788780
7.549413 43.780677
7.573017 43.768693
7.554258 43.803916
7.549598 43.784507
7.556176 43.786590
7.568539 43.783940
7.574651 43.798273
7.559883 43.793145
7.560191 43.771991
7.565495 43.794571
7.572745 43.815401
7.550235 43.814890
7.555844 43.824344
7.554771 43.789607
7.558158 43.825317
7.547791 43.783241
7.570333 43.770326
7.549202 43.780657
7.551414 43.796679
7.550688 43.799942
7.554794 43.799621
7.552942 43.810898
7.543655 43.788423
7.542834 43.785154
7.549610 43.783490
7.571356 43.771216
7.570494 43.786829
7.551757 43.797513
7.573774 43.755603
7.575031 43.774866
7.552105 43.791506
7.561205 43.799263
7.550729 43.791702
7.552593 43.775073
7.569345 43.793003
7.567971 43.776810
7.539186 43.800941
7.560244 43.787846
7.558224 43.789856
7.570852 43.759062
7.550851 43.779341
7.534169 43.804266
7.554841 43.817292
7.550725 43.773894
7.546120 43.772606
7.585354 43.778295
7.553712 43.779732
7.531636 43.798969
7.559020 43.791782
7.590566 43.789360
7.575318 43.767803
7.574873 43.774118
7.555391 43.824648
7.542630 43.807497
7.577826 43.760300
7.596282 43.789522
7.532022 43.749407
7.544815 43.738008
7.561184 43.747298
7.542427 43.739059
7.552615 43.786053
7.532720 43.783421
7.549962 43.771124
7.537416 43.772221
7.545346 43.771154
7.542456 43.774081
7.540700 43.775617
7.549807 43.753988
7.543486 43.734763
7.546270 43.718536
7.551184 43.753285
7.542482 43.785851
7.539046 43.765020
7.545957 43.750317
7.543495 43.806163
7.553185 43.754466
7.539371 43.779486
7.549406 43.759882
7.531686 43.752236
7.539080 43.795999
7.546940 43.760898
7.534847 43.751817
7.545558 43.736337
7.536636 43.768135
7.551099 43.767136
7.542987 43.727150
7.549829 43.764297
7.545975 43.765580
7.532471 43.793473
7.544973 43.793245
7.540503 43.800603
7.533290 43.806144
7.557991 43.728077
7.538722 43.762474
7.550353 43.765540
7.546014 43.740222
7.545939 43.733726
7.544370 43.770746
7.538922 43.726338
7.541090 43.749201
7.550903 43.749992
7.541708 43.802250
7.540684 43.754410
7.537851 43.767606
7.539097 43.754697
7.549849 43.747814
7.553620 43.794964
7.548158 43.756141
7.532375 43.739946
7.535533 43.792989
7.550837 43.747216
7.550598 43.779135
7.554025 43.776590
7.537827 43.758269
7.554294 43.747267
7.550964 43.772040
7.540500 43.756971
7.551387 43.793780
7.551635 43.738475
7.538209 43.805917
7.559315 43.764778
7.534396 43.802277
7.542230 43.774671
7.541754 43.777780
7.526905 43.766735
7.540530 43.776294
7.541016 43.770821
7.545278 43.774277
7.527977 43.771180
7.539252 43.769861
7.539526 43.776167
7.540916 43.773163
7.530196 43.763221
7.524079 43.771060
7.539678 43.776622
7.534545 43.781943
7.542274 43.770548
7.528764 43.764834
7.540009 43.773094
7.539780 43.768534
7.535373 43.735260
7.541058 43.773681
7.524227 43.760582
7.541389 43.764885
7.541001 43.765145
7.538931 43.782900
7.548844 43.748954
7.539139 43.778066
7.540388 43.771231
7.528343 43.770969
7.542130 43.768819
7.541834 43.779238
7.538911 43.766566
7.540651 43.766942
7.539125 43.773464
7.543798 43.781192
7.529344 43.774609
7.530888 43.773545
7.552586 43.747500
7.523785 43.758866
7.541028 43.768283
7.542565 43.763580
7.528214 43.772696
7.533526 43.757570
7.545259 43.789588
7.547987 43.731648
7.540170 43.771688
7.538907 43.792573
7.523830 43.766673
7.541334 43.765711
7.539651 43.743640
7.530591 43.773032
7.527367 43.764714
7.542195 43.773892
7.542243 43.761837
7.538840 43.766670
7.541541 43.763710
7.539752 43.767181
7.542916 43.774611
7.542407 43.782737
7.545941 43.775159
7.544875 43.774312
7.544639 43.770771
7.537409 43.769693
7.542393 43.764187
7.538694 43.773313
7.527657 43.754889
7.536203 43.767747
7.529877 43.755083
7.537041 43.775103
7.535846 43.769297
7.536438 43.773604
7.537953 43.769706
7.526021 43.758433
7.542534 43.759375
7.535716 43.772259
7.546085 43.777776
7.539907 43.785845
7.536038 43.773852
7.540237 43.778675
7.542498 43.761025
7.527532 43.765984
7.537711 43.764879
7.524403 43.753781
7.540522 43.766836
7.524063 43.770997
7.544211 43.775119
7.535187 43.775522
7.526202 43.761044
7.536046 43.776798
7.543162 43.776260
7.537479 43.759814
7.537144 43.765178
7.535827 43.775275
7.536032 43.775223
7.524397 43.774371
7.544782 43.774047
7.537653 43.770062
7.548858 43.747744
7.544897 43.766961
7.536083 43.761343
7.541456 43.766510
7.534993 43.763480
7.523794 43.751521
7.537158 43.761786
7.544231 43.775923
7.541542 43.783969
7.545702 43.769681
7.535611 43.762998
7.536173 43.768651
7.541784 43.772514
7.544749 43.780464
7.537571 43.765720
7.537503 43.769257
7.546202 43.747896
7.538826 43.782448
7.540295 43.759125
7.553974 43.779796
7.537314 43.766061
7.537519 43.771071
7.546747 43.793736
7.539242 43.767537
7.537402 43.779528
7.542565 43.764826
7.541974 43.770921
7.542517 43.781489
7.545903 43.766391
7.542990 43.765930
7.541132 43.762781
7.527944 43.763244
7.541199 43.778454
7.544433 43.772150
7.541792 43.756627
7.548751 43.770061
7.535605 43.763688
7.524445 43.773492
7.546050 43.766778
7.540960 43.759248
7.545131 43.780063
7.536568 43.758922
7.540832 43.762733
7.537256 43.777325
7.535196 43.764185
7.539527 43.729604
7.540174 43.770186
7.537747 43.760411
7.536693 43.767822
7.540107 43.757151
7.536004 43.759836
7.540067 43.758489
7.537444 43.766122
7.546119 43.773527
7.537151 43.759182
7.544201 43.767475
7.528739 43.762832
7.529546 43.779329
7.546322 43.781080
7.540418 43.784846
7.536673 43.781043
7.544484 43.764514
7.536972 43.762056
7.540762 43.788493
7.540683 43.772842
7.535017 43.769753
7.539727 43.789048
7.534153 43.779806
7.537638 43.761097
7.528783 43.782511
7.535649 43.773611
7.523603 43.773613
7.539139 43.759469
7.539256 43.775971
7.523725 43.768547
7.535611 43.768755
7.545236 43.783008
7.525499 43.764903
7.543022 43.766191
7.543569 43.763436
7.545899 43.797082
7.536364 43.760762
7.551006 43.747885
7.537303 43.767269
7.549264 43.745136
7.534983 43.760360
7.540939 43.763707
7.525987 43.765030
7.546048 43.775319
7.541716 43.805362
7.546194 43.778151
7.539798 43.789022
7.530348 43.756792
7.541323 43.755368
7.535038 43.778282
7.541437 43.752915
7.536736 43.772690
7.541880 43.753397
7.534944 43.785734
7.551327 43.797059
7.558401 43.775169
7.536679 43.785415
7.537943 43.760700
7.541897 43.738435
7.538680 43.765904
7.540279 43.755754
7.540195 43.788924
7.543696 43.764596
7.542577 43.759326
7.542573 43.755856
7.535234 43.757341
7.539208 43.753515
7.543690 43.766950
7.540896 43.782732
7.538858 43.759346
7.546227 43.756122
7.546414 43.770605
7.538846 43.727515
7.536340 43.783731
7.542712 43.778997
7.544150 43.785291
7.549001 43.740968
7.538095 43.757219
7.528885 43.747308
7.545646 43.780129
7.546304 43.786532
7.538885 43.787646
7.543979 43.773911
7.535982 43.780467
7.537142 43.761949
7.545028 43.760742
7.546190 43.769710
7.547411 43.744746
7.539776 43.762279
7.537794 43.742711
7.530145 43.783509
7.548972 43.780005
7.537493 43.767510
7.544760 43.758526
7.536513 43.779071
7.537196 43.786236
7.543693 43.763331
7.543249 43.769259
7.545886 43.765705
7.540541 43.790787
7.537371 43.762809
7.543705 43.773572
7.540417 43.783946
7.540113 43.749430
7.541924 43.751475
7.537448 43.773452
7.534376 43.810545
7.527795 43.745110
7.535210 43.787119
7.547260 43.790993
7.543001 43.769670
7.548220 43.795994
7.545132 43.779018
7.536887 43.770697
7.535208 43.779509
7.545325 43.764320
7.536542 43.773895
7.526779 43.773033
7.545904 43.782195
7.544004 43.785107
7.540446 43.773561
7.539057 43.766793
7.527723 43.745811
7.546316 43.769023
7.544816 43.759762
7.540853 43.762323
7.539464 43.777018
7.543884 43.757408
7.527084 43.755529
7.540763 43.767503
7.544718 43.775374
7.542730 43.776241
7.538505 43.770937
7.537053 43.769131
7.538709 43.768141
7.533874 43.807169
7.536472 43.773936
7.538162 43.752613
7.538919 43.759618
7.538782 43.750809
7.544942 43.756994
7.523695 43.786300
7.541010 43.778510
7.538321 43.752212
7.530699 43.770199
7.544001 43.788614
7.544208 43.764828
7.537011 43.758662
7.535666 43.785954
7.544050 43.787114
7.536900 43.755347
7.552144 43.741059
7.544528 43.781211
7.537026 43.757035
7.539770 43.765265
7.541125 43.751564
7.537265 43.752348
7.536342 43.752071
7.542802 43.787960
7.544526 43.803087
7.542201 43.758833
7.554129 43.738483
7.538627 43.790774
7.553172 43.782700
7.544085 43.764983
7.539588 43.748949
7.535465 43.789035
7.543134 43.768308
7.537899 43.747680
7.543306 43.756190
7.545080 43.753335
7.546465 43.762393
7.537386 43.791760
7.541082 43.773502
7.537080 43.751411
7.546116 43.753719
7.547331 43.771316
7.540979 43.783565
7.538750 43.776955
7.543640 43.754400
7.549062 43.734471
7.541276 43.786293
7.534246 43.767751
7.554280 43.744609
7.546348 43.754429
7.536995 43.753849
7.537327 43.751449
7.538773 43.777487
7.542083 43.752049
7.541326 43.748078
7.531252 43.768409
7.542844 43.786962
7.546590 43.744199
7.542671 43.735625
7.534586 43.767679
7.543144 43.775017
7.544521 43.752926
7.539942 43.748365
7.535826 43.753279
7.539515 43.793795
7.540103 43.750425
7.539679 43.747482
7.536141 43.764903
7.541683 43.794513
7.536426 43.760893
7.536896 43.755737
7.535722 43.747900
7.534631 43.765790
7.534968 43.787899
7.532338 43.762133
7.542710 43.760051
7.545831 43.771073
7.537222 43.775890
7.532389 43.772570
7.538209 43.748363
7.538553 43.782743
7.540410 43.752089
7.538762 43.749309
7.536293 43.747586
7.547204 43.770802
7.531024 43.760019
7.533357 43.761352
7.534659 43.774414
7.541894 43.749517
7.547364 43.765089
7.539957 43.753257
7.534973 43.769231
7.539934 43.791620
7.542402 43.778463
7.534972 43.762840
7.531242 43.729496
7.543672 43.786174
7.553889 43.748145
7.546766 43.770078
7.533675 43.769990
7.539298 43.753316
7.531071 43.775233
7.524152 43.789173
7.545174 43.768196
7.546502 43.757811
7.539298 43.751333
7.534442 43.768637
7.533591 43.769342
7.547157 43.769571
7.538390 43.749835
7.547600 43.770950
7.544701 43.751504
7.532187 43.751846
7.537538 43.757430
7.553205 43.734207
7.532086 43.760560
7.533903 43.741624
7.541813 43.781759
7.538228 43.749493
7.541957 43.772560
7.535083 43.762717
7.532124 43.777282
7.535440 43.785740
7.538197 43.782138
7.547174 43.775530
7.543996 43.750071
7.545270 43.769623
7.536094 43.777155
7.531545 43.729668
7.538625 43.761258
7.535784 43.749443
7.531769 43.771471
7.537482 43.752397
7.531944 43.766230
7.535499 43.790173
7.544677 43.796163
7.537621 43.777520
7.536872 43.765315
7.531870 43.768421
7.538553 43.748353
7.543699 43.789208
7.546382 43.790136
7.529840 43.751570
7.549286 43.767088
7.539384 43.788149
7.548140 43.764312
7.542449 43.773218
7.531223 43.772897
7.542594 43.746252
7.533086 43.757270
7.543311 43.783828
7.534394 43.780362
7.534735 43.756559
7.547911 43.777280
7.537298 43.785748
7.548718 43.775486
7.536091 43.755894
7.535951 43.782082
7.546512 43.769643
7.533464 43.771653
7.550431 43.772668
7.531604 43.756501
7.543455 43.750831
7.535073 43.779767
7.541508 43.761093
7.531530 43.775229
7.547848 43.779166
7.531875 43.759136
7.547641 43.779825
7.545178 43.751542
7.548434 43.780533
7.553103 43.738893
7.549846 43.767272
7.542548 43.757102
7.543426 43.781821
7.537937 43.763078
7.537434 43.761614
7.539146 43.756253
7.536950 43.746863
7.545549 43.753364
7.540967 43.763307
7.545327 43.755941
7.556053 43.717225
7.538967 43.766330
7.549786 43.762396
7.538682 43.745976
7.541057 43.769118
7.539146 43.749314
7.536052 43.758386
7.537988 43.746765
7.539318 43.748392
7.533705 43.765380
7.541903 43.767864
7.546162 43.752424
7.535272 43.746158
7.544913 43.770710
7.537593 43.751209
7.534227 43.777204
7.540987 43.770342
7.538077 43.746486
7.544562 43.773203
7.523975 43.763316
7.544705 43.768087
7.544421 43.788302
7.537067 43.753795
7.532574 43.756814
7.533566 43.783516
7.541765 43.762304
7.548772 43.763095
7.535066 43.773489
7.536511 43.786990
7.539615 43.781042
7.542503 43.750517
7.536090 43.766111
7.544219 43.784973
7.540211 43.744690
7.534164 43.764765
7.535775 43.791306
7.539292 43.752606
7.534423 43.754900
7.542471 43.792417
7.532821 43.774244
7.535979 43.755862
7.543585 43.752577
7.543529 43.789650
7.535108 43.760561
7.539839 43.761176
7.541409 43.745382
7.535698 43.745521
7.537987 43.792721
7.535484 43.773360
7.549074 43.778619
7.534833 43.782216
7.534166 43.752830
7.533523 43.780099
7.538601 43.767174
7.540891 43.786637
7.549068 43.781269
7.530633 43.768239
7.548647 43.761988
7.544523 43.782302
7.533830 43.760419
7.536996 43.745284
7.544378 43.777001
7.531446 43.776579
7.537488 43.759866
7.533589 43.765755
7.549722 43.768603
7.541673 43.743085
7.541660 43.744118
7.538416 43.756983
7.541856 43.741573
7.542722 43.754959
7.532851 43.773422
7.539088 43.744046
7.539351 43.751625
7.540003 43.763435
7.541656 43.743427
7.531388 43.759418
7.534550 43.783814
7.547937 43.765835
7.539990 43.757592
7.543274 43.790074
7.544070 43.748199
7.539389 43.741797
7.541099 43.741638
7.542097 43.744138
7.541325 43.745643
7.546277 43.789268
7.539670 43.778782
7.531957 43.769511
7.548811 43.770486
7.541645 43.744187
7.545205 43.747641
7.542300 43.742731
7.536245 43.784608
7.550642 43.747874
7.532011 43.752163
7.534513 43.774052
7.536144 43.749132
7.538499 43.787442
7.535280 43.744262
7.531365 43.752848
7.543568 43.747712
7.525703 43.751024
7.532388 43.761040
7.550465 43.782147
7.535627 43.782002
7.537207 43.743098
7.535142 43.796361
7.542464 43.744052
7.533214 43.754591
7.538734 43.743035
7.538442 43.795201
7.544037 43.769592
7.548457 43.779326
7.532350 43.755444
7.532489 43.767792
7.540143 43.742241
7.531132 43.760152
7.547410 43.762176
7.545410 43.744412
7.533602 43.754148
7.539276 43.797108
7.543500 43.746907
7.545219 43.744455
7.533424 43.795799
7.549606 43.785461
7.535446 43.760269
7.544799 43.747042
7.538927 43.744249
7.532771 43.759239
7.545378 43.787122
7.531577 43.773423
7.540680 43.787874
7.536445 43.770348
7.545059 43.793382
7.537031 43.794451
7.533553 43.750365
7.531953 43.750147
7.549831 43.784840
7.535644 43.758775
7.532831 43.764833
7.539133 43.757154
7.531642 43.768638
7.531252 43.753840
7.534203 43.772366
7.548467 43.775107
7.537851 43.763446
7.532437 43.766261
7.538961 43.793397
7.532125 43.756313
7.542714 43.745835
7.531389 43.786075
7.532374 43.756381
7.545795 43.779145
7.553066 43.731461
7.543060 43.758525
7.531836 43.749477
7.532029 43.748679
7.538043 43.756542
7.531584 43.748509
7.545930 43.750903
7.541111 43.751897
7.544555 43.745478
7.540875 43.757934
7.535086 43.742133
7.537240 43.771989
7.532194 43.749687
7.540776 43.739334
7.540106 43.739957
7.532804 43.751279
7.544923 43.790861
7.539086 43.739641
7.540211 43.738783
7.534477 43.749656
7.531839 43.750916
7.531601 43.747239
7.547309 43.756119
7.538767 43.741938
7.546780 43.739683
7.545634 43.782589
7.538653 43.793061
7.541201 43.741269
7.550145 43.766459
7.545204 43.771718
7.550984 43.787849
7.542939 43.749578
7.539893 43.740813
7.543475 43.746749
7.534711 43.769548
7.543641 43.751283
7.536953 43.750385
7.533154 43.749437
7.527643 43.798504
7.538710 43.768623
7.536836 43.763972
7.539662 43.760522
7.537218 43.757611
7.557470 43.754477
7.538889 43.789248
7.543442 43.748020
7.548984 43.789020
7.528546 43.796415
7.534855 43.754438
7.533915 43.783353
7.540823 43.787404
7.534175 43.758553
7.544272 43.743305
7.543664 43.776890
7.537602 43.740168
7.542185 43.768518
7.548231 43.787553
7.529033 43.795509
7.542298 43.798197
7.543754 43.750953
7.532116 43.760218
7.540210 43.751624
7.533764 43.741640
7.534288 43.778410
7.539845 43.795178
7.541917 43.742527
7.536049 43.777252
7.545341 43.746441
7.534131 43.745650
7.543611 43.797610
7.545364 43.730251
7.535590 43.743369
7.544771 43.773592
7.532333 43.744491
7.542384 43.776678
7.549929 43.752881
7.532171 43.780008
7.532832 43.782270
7.542115 43.760164
7.531974 43.763230
7.541055 43.747564
7.546804 43.779903
7.541577 43.728141
7.545159 43.779953
7.533846 43.761121
7.532127 43.816389
7.534326 43.788237
7.537365 43.799900
7.539923 43.753084
7.533985 43.790665
7.536090 43.770894
7.533153 43.750533
7.530278 43.790172
7.542509 43.802617
7.544841 43.741791
7.540614 43.751023
7.535783 43.813688
7.542372 43.737815
7.534491 43.746913
7.546252 43.741778
7.535618 43.756389
7.539521 43.745377
7.541218 43.762326
7.533392 43.773948
7.547061 43.751059
7.540778 43.797645
7.534916 43.760550
7.538173 43.774109
7.543880 43.748125
7.531472 43.766996
7.539262 43.785337
7.537700 43.744364
7.545523 43.745049
7.533457 43.764711
7.538072 43.785611
7.544354 43.742251
7.544437 43.772467
7.529745 43.802549
7.538978 43.781665
7.544901 43.745668
7.539253 43.792290
7.537286 43.758714
7.544095 43.739694
7.544970 43.749730
7.535007 43.744073
7.538953 43.791868
7.535815 43.792735
7.549870 43.790724
7.541566 43.747174
7.545569 43.738840
7.533688 43.749647
7.536187 43.770077
7.546398 43.740042
7.538967 43.798593
7.533615 43.743276
7.539393 43.782501
7.544881 43.741207
7.545984 43.758592
7.533519 43.748071
7.544686 43.767641
7.542952 43.728969
7.548202 43.779030
7.538420 43.795005
7.535608 43.814615
7.535808 43.765393
7.546201 43.800199
7.533061 43.744281
7.535159 43.737952
7.549661 43.751903
7.553749 43.762280
7.560003 43.716779
7.550840 43.729276
7.532241 43.756488
7.535731 43.781372
7.539623 43.785744
7.530753 43.769886
7.549697 43.737903
7.535559 43.763103
7.541148 43.759571
7.537805 43.799838
7.531271 43.746060
7.546064 43.741204
7.542099 43.807791
7.544653 43.743824
7.535011 43.738568
7.537493 43.742866
7.553153 43.764337
7.533023 43.792181
7.540387 43.801540
7.530170 43.756486
7.532290 43.770560
7.548937 43.801933
7.541213 43.739740
7.549191 43.756087
7.534765 43.739887
7.523294 43.735952
7.550438 43.758274
7.534671 43.753894
7.548789 43.753617
7.554341 43.774953
7.552567 43.761400
7.544189 43.752050
7.552021 43.765764
7.544138 43.802046
7.557303 43.777276
7.550974 43.777834
7.536878 43.766543
7.543755 43.750569
7.543266 43.775669
7.553421 43.764918
7.537363 43.797754
7.532811 43.747283
7.552882 43.759354
7.534338 43.771809
7.540212 43.772684
7.533800 43.739963
7.529835 43.751097
7.530596 43.756156
7.552751 43.768634
7.531968 43.740950
7.547878 43.794784
7.553101 43.778395
7.553786 43.759793
7.546304 43.733369
7.546001 43.733213
7.551494 43.772885
7.544800 43.755967
7.533880 43.794817
7.536013 43.794929
7.531531 43.764197
7.539642 43.783364
7.549353 43.786835
7.540745 43.756003
7.534504 43.788223
7.531514 43.781453
7.553639 43.765218
7.543295 43.754469
7.543395 43.747802
7.546402 43.740577
7.537057 43.749098
7.553077 43.759754
7.542570 43.780992
7.551272 43.757464
7.545834 43.742133
7.531136 43.780918
7.549736 43.743684
7.534714 43.799062
7.535783 43.794758
7.544764 43.734667
7.543361 43.756998
7.530045 43.778492
7.534954 43.795608
7.532850 43.774015
7.531449 43.787011
7.552162 43.786224
7.551450 43.778547
7.552963 43.772428
7.544897 43.785408
7.547336 43.743612
7.554034 43.757809
7.552997 43.783414
7.531866 43.799369
7.561718 43.778583
7.545780 43.742961
7.544385 43.765693
7.533231 43.772705
7.551984 43.806909
7.545054 43.759297
7.527402 43.789791
7.528036 43.746134
7.552154 43.751184
7.548861 43.739685
7.553459 43.778667
7.549507 43.745335
7.529801 43.741629
7.558328 43.784381
7.538949 43.812790
7.545729 43.774875
7.545841 43.802025
7.533265 43.744320
7.553054 43.784241
7.531874 43.801074
7.551549 43.749865
7.530527 43.810649
7.532689 43.758268
7.538941 43.744746
7.552247 43.813607
7.527876 43.762571
7.524092 43.787815
7.524750 43.763424
7.527411 43.788048
7.557767 43.736270
7.527369 43.740243
7.554093 43.746597
7.524664 43.761677
7.518714 43.762004
7.551534 43.738895
7.525121 43.760598
7.524489 43.743201
7.524727 43.780958
7.550859 43.787998
7.558499 43.778252
7.561911 43.779828
7.534124 43.807203
