31 0 0 1 2 0
 0.00000000000000e+00  0.00000000000000e+00  0.00000000000000e+00  0.00000000000000e+00
 6.63888491003572e+00  0.00000000000000e+00 -8.05714788545226e+00  0.00000000000000e+00
 4.46180350290939e+00 -5.95832622215885e+00 -2.94483001412844e+00 -6.30563610485733e+00
-1.79167156902716e+00  0.00000000000000e+00 -1.89924869980460e+00  0.00000000000000e+00
 2.39297581304089e+00 -1.69237680468055e+00 -3.90849830894617e+00 -1.29974456200876e+00
 1.30659923128709e+00 -4.95565866849349e+00  1.42028406428477e-02 -1.79211312354325e+00
-1.02292361921489e+00  0.00000000000000e+00  6.19365051767103e-01  0.00000000000000e+00
-4.88827614563473e-01  1.52513836319200e+00 -1.21773439214613e+00  6.35035976051403e-01
-1.22835403273363e+00  1.17906978990404e+00 -1.13669112006958e+00 -9.57273568321772e-01
 1.51033362628630e+00 -1.17105204246108e+00  5.14865055606887e-01 -1.27802542425831e+00
 2.48296393308950e-01  0.00000000000000e+00  1.46675992621675e+00  0.00000000000000e+00
 1.35073588600591e+00  2.57434203082768e-01 -2.14628485329631e-01 -4.78228795228718e-01
 9.10280209735623e-01  9.12696016311739e-01  1.72336897540674e-01  2.88886157543164e-01
-1.97453178373592e+00 -8.39951956153492e-02  2.38007837015123e-01 -1.36364116258553e+00
-2.99331823922430e-01  2.86269197643518e+00  3.13420678666878e-01 -3.40842228735613e-01
-1.12508384164739e+00  0.00000000000000e+00 -6.90359440640010e-02  0.00000000000000e+00
-7.15873498172731e-02 -3.25096968894686e-01  1.40192137985377e+00  6.86951329143944e-02
 8.16705735962672e-01 -2.81061656951765e-01 -7.21952425145602e-01 -3.83921557100218e-01
 1.34929590194706e+00 -7.36261936462537e-01  2.44355598657634e-01  1.60950296338657e+00
-2.36793457902097e-01 -1.75329534952913e+00  1.12071840333150e-01  4.85355463391160e-02
-1.74965406991405e+00  1.44023755959973e-01 -5.43245910390740e-01  8.57323877549739e-01
 2.61182015638216e-01  0.00000000000000e+00 -6.80937541195008e-01  0.00000000000000e+00
-2.12669718620978e-01  6.80885386467409e-01 -2.70960810569812e-01  9.30639796845002e-02
-1.31249872651568e-01 -4.98076856429820e-02 -3.79494859081808e-02 -1.25041308191044e-01
 2.12116941324321e-02 -5.71480316845794e-02 -6.25709950325158e-02 -4.83027622764702e-01
 1.84947840239625e-01 -7.18752426413413e-02 -9.04542342800218e-02  6.33134324631589e-01
-1.23923632832848e-01  7.55316647083614e-02  2.13447938205446e-02  5.70819467307384e-01
-6.28848994893270e-01 -1.29631177529446e+00  2.38527128645309e-02  6.64783669195787e-01
 2.78519480097990e-02  0.00000000000000e+00  8.69187579639752e-01  0.00000000000000e+00
-2.70926337199186e-01  9.62634940248566e-02 -3.88082240647369e-01  1.74633399611238e-02
 3.90047423136667e-01  3.47426006872103e-01 -6.86010343006074e-02  3.28898980794903e-01
 1.93064113315847e-01  1.69713962022900e-02 -5.23555518667078e-01 -4.13081865803125e-01
-8.25467733424252e-02  8.16791678007660e-02  6.72274690604130e-01 -7.64187565264098e-02
-2.73114354182066e-01  2.69063577175858e-01 -5.23185994884950e-02 -6.78171950810668e-02
 1.20193681000984e-01  1.04614843006805e+00 -5.69526163868655e-02  1.74850741065615e-02
 9.83916072133115e-01 -1.79621856294729e-01  1.67987194806043e-01 -4.17282676304655e-01
-5.13383651660599e-02  0.00000000000000e+00 -4.63126131381441e-01  0.00000000000000e+00
-3.60250372551580e-01 -4.74313139642194e-01  6.22185623364025e-01  2.52256934559125e-01
-6.17168851440235e-01  1.61607854986330e-01  1.90413171503219e-01  1.48124531807965e-01
 1.11963263905542e-01  2.16595883301154e-01 -3.83429803541060e-01  2.50180658699452e-01
-1.42828387513177e-01 -1.21062873085918e-01 -5.57610855572214e-01 -2.10765965812270e-01
-4.08884965020834e-02 -2.27618930338127e-01  2.51525077879179e-01  5.95423321511228e-02
-7.70947529052872e-02  9.41285603677466e-02 -2.78865646549296e-01 -3.42701255962925e-01
-5.53979140263247e-02  6.89677498499554e-01 -1.35179928108654e-01 -3.18839606375357e-01
 7.03956194139349e-01  9.39856039012675e-01  5.78215158738772e-02 -5.88648973876465e-01
-2.27338036617870e-02  0.00000000000000e+00 -4.30879698257687e-01  0.00000000000000e+00
 1.31999525666340e-01 -2.88464638036395e-01 -2.99081800953732e-02 -4.88952336891199e-01
-1.61770406935199e-01  6.65029956430863e-02  1.25202894816031e-01 -2.09427938535800e-03
-8.36991254332328e-03  1.26712167703218e-01  3.91689614013905e-01  4.74601994932120e-03
 1.21134903651560e-01  4.79841941795028e-01 -1.95143349931347e-02  3.34181705419222e-01
-2.65614946628164e-01 -3.47690180975122e-01 -1.82842776384209e-01  1.07437368863042e-01
-2.18025281532338e-01  9.54240510687976e-02 -1.37996655661959e-01  8.58295261709230e-02
 2.84195307777087e-02 -1.41708785899666e-01  4.33195562029714e-02 -2.05450236335222e-01
-1.16029593485259e-01 -4.09881620737299e-01 -1.47946724141303e-01 -6.04486408935117e-02
-4.79089311720641e-01  2.21447798421375e-01  2.55256160139627e-02  2.05131185434339e-01
-7.15842823911624e-02  0.00000000000000e+00  1.62474735063361e-01  0.00000000000000e+00
-2.49692968984992e-01  1.90812545305877e-01  5.10597261319526e-03  9.46499862700939e-02
-1.40173108431979e-01 -1.46630234321511e-01  1.83783722591548e-01 -2.11527784575722e-01
 1.53448229503247e-01  9.82234160954211e-02  4.34966043909100e-02  2.87955555837029e-02
 4.76645727441240e-01 -7.59175207563425e-02  2.95320798785635e-01 -1.03322966658746e-01
 1.59690316818871e-02 -1.67832142202897e-02 -2.74045057640350e-02  3.27415002183125e-01
-3.29743631987277e-03 -1.02635797380367e-01  9.91959037420751e-03  6.40951019891938e-01
-3.89658856810849e-01  2.49486849946944e-01 -1.65586957395375e-01  5.86497785138999e-03
 2.30432435343850e-01 -6.93315416391271e-02 -7.75678455474818e-02  6.21613989841065e-02
 1.47220726831797e-01 -1.26694247391498e-01 -2.60676095777263e-02  2.19538018615363e-01
-5.01816654594647e-01 -1.23226328679203e-01  3.40982268516244e-02  2.22523928227275e-01
 3.29249448307470e-01  0.00000000000000e+00 -7.77510840073655e-02  0.00000000000000e+00
 1.87833556996847e-01  4.12146378908855e-01 -1.31582183655923e-01  3.12618449595785e-01
-1.19435913484983e-01 -5.47875883890599e-03 -1.78605597087562e-02  8.44087551700264e-02
-4.32264889394795e-01  1.33241901004728e-01 -2.80329852016599e-02  9.73504068174187e-03
-2.00035827810317e-01  7.89408594649546e-02 -1.77185894831370e-01 -1.10398498074311e-01
 2.21703517449357e-01  1.37607343952042e-01  1.71039205188994e-01 -1.00193102427649e-03
 1.80960846472519e-02 -3.36239385073319e-02 -1.05175349582630e-01  3.50973130283211e-02
-3.70746350055737e-03  2.09669139876013e-01 -1.57007814085655e-01  3.48511386035475e-01
-2.06972894219892e-01 -3.20074150861829e-02 -1.24687456917157e-01 -4.65917655265383e-02
 4.04799242055145e-01  1.61643108827382e-02 -8.35358072045958e-02  2.77881735920008e-01
-8.65283302513999e-02 -4.15956695125050e-01 -7.71994991270816e-03  2.30089310185868e-01
-3.74673550390463e-02 -1.88932412253619e-01 -1.62887312957243e-01  6.39322886282614e-02
 1.16774937800363e-02  0.00000000000000e+00  1.02554228640133e-01  0.00000000000000e+00
 2.40811901527501e-01 -1.99867036562382e-01 -3.44769911234755e-02 -2.60263408957587e-01
 1.41003894429936e-01 -3.67502142327234e-02 -1.25267951360815e-01  1.56517965659777e-01
 2.78551020846526e-01 -6.08870123211585e-02  2.87258644635363e-03  8.36267526619170e-02
-2.64313557354154e-01  1.51750861875954e-01 -1.57894602411692e-01  1.38078417633236e-04
-9.55696061288890e-02  6.77415020394441e-02 -9.42040730119905e-02 -5.53397520235941e-02
-1.86683706187918e-01 -2.70932756954880e-02  1.76722879014687e-01 -1.84310875045402e-01
-8.97139623420458e-02  3.32530198051913e-01 -7.80719011506230e-02 -1.46082400493402e-01
-1.24603413277557e-03  4.04965256321818e-01  7.03659301029704e-02 -1.47293061300749e-02
-1.71297846186994e-01  1.36502817692150e-01  3.90611460811711e-02 -2.15074399724634e-01
 1.38837671249108e-02  6.26409364782695e-01  2.48865703989637e-02  1.09152523463564e-01
 3.33011867792289e-01 -2.41897963424762e-01 -6.17942148238061e-02 -9.37847463993961e-02
 2.28265700630558e-01  8.67857925480577e-02 -5.14152267889814e-02  7.85292092700681e-03
-1.27510686299199e-01  0.00000000000000e+00 -1.83017901681290e-01  0.00000000000000e+00
 7.83874819516414e-02 -1.32149155568205e-01 -2.80103309173102e-02 -2.46074170433959e-02
-1.69508628086980e-01 -3.03238591724406e-01  2.65155902350724e-02 -1.25632719919627e-01
-1.48624499296108e-01 -2.96243012320431e-01  1.36495553159587e-01  5.74555612377297e-02
 4.96538769465330e-02 -2.28141945748501e-02  7.14761847298287e-02  5.31787574456010e-02
 4.67672221890218e-02 -8.40208567087343e-02 -2.38841012985221e-01 -2.21319346391490e-02
 1.31626223110348e-01 -1.42141481775066e-01 -5.96149872048923e-02  1.31305939115776e-01
-1.98947830157020e-01 -4.45435306660290e-01  2.86073455227608e-02  7.62006002413100e-02
 1.10553977062398e-01  2.51231387707577e-02  4.14280316880791e-02 -2.67203651987324e-01
 4.03943364618599e-02  6.68401208457538e-02  1.70718524822098e-01 -4.86353881374417e-04
-6.66010197777613e-03 -4.16094704921023e-03  3.47140679946973e-01 -9.30379793669624e-02
-4.82803300011349e-01  2.79207154041958e-01  4.58890166795449e-02 -1.22210152351905e-01
 3.89421789090857e-01  2.68780587932376e-01  1.55093980521719e-01 -9.55397296950144e-02
-1.99120121964932e-02  1.69036885254095e-01  1.84160528665687e-01  4.78791432818595e-02
 5.24866768287045e-02  0.00000000000000e+00  1.43773112483149e-01  0.00000000000000e+00
 1.66685552904672e-02  1.28896627945411e-01 -7.31990288131672e-02 -2.79103643995640e-02
 2.44416892688511e-01  1.26877017522943e-01 -2.04811569928283e-01  2.00711415763813e-02
-1.25930859616765e-01 -1.29896592657908e-01 -4.55628266364582e-02 -5.97717685598390e-02
-1.45837882252898e-01  1.81750774293166e-02  3.55590806977996e-01  2.67969915612125e-02
-2.47255092798550e-01  9.33827664429026e-03  1.69700135997745e-01  3.49990559461538e-02
 6.62352859001217e-02  5.22943272260733e-02 -1.86474716678164e-01  7.46848480620507e-02
-1.80605496011250e-01 -2.23841248628909e-01 -1.67202655798408e-01  1.41034628016639e-01
-2.48916053963731e-01 -2.11307117638368e-01 -2.22046728601159e-01  1.12124669338896e-01
-4.43589140564947e-03  3.86951470039959e-02 -1.90788213641645e-02 -1.76564815225583e-01
 3.42378821226440e-01 -3.10010492549108e-01 -3.45580434674069e-02 -3.09506202614110e-02
 2.39221538333798e-01 -1.56626346874947e-01  2.91048335312590e-02  2.95308693517945e-01
 1.32255543871918e-02 -4.36133539263237e-01  5.87608833617386e-02 -1.03958903721411e-01
 1.58117556956433e-02  1.57827991630760e-01  7.66336122872658e-02  2.16433237260726e-02
 3.16687056540711e-02  1.35661164105179e-01  1.54972086088371e-01  5.75204719696166e-02
-5.24664850740894e-02  0.00000000000000e+00  1.43279658449875e-01  0.00000000000000e+00
-1.60339629763657e-02  9.84609104631072e-03  6.87641487139655e-02  4.55951662510826e-02
 5.84706655625071e-02  1.01321550198566e-01  5.86339391175633e-02  8.27723094764035e-02
 2.61462986157605e-01  9.73605672259089e-02 -9.51904687321433e-02 -1.03275072095458e-01
 8.79196349159252e-02 -5.20015984595044e-02 -1.35805041530613e-01 -9.26330874665144e-02
-2.02254666350097e-02  6.16587343619148e-02  1.91384330566583e-01  1.41627725274858e-02
-4.08431847655881e-02  9.07655057445042e-02  1.49900862481965e-01  6.88969188983418e-02
 3.58456811436939e-02  2.74943730346196e-01 -1.47522933601328e-02  1.69482183779166e-01
-1.53713576251281e-01  1.04729618129717e-01 -2.35585612582823e-01  3.64427822656229e-02
-1.98826762365762e-01  3.07579913517708e-01 -3.05601661840777e-02 -9.76176102456426e-02
-2.26882736789911e-02 -4.38095327782524e-02 -9.15582500407138e-02 -1.55117281231789e-01
 1.74924866106906e-01 -7.56018675236754e-02 -2.12371490440021e-01 -6.53042853203270e-02
-4.07284536457249e-02  2.13150726631530e-02 -1.21698372212936e-03  1.81519435563946e-01
 2.52306387529170e-01 -2.67818978954256e-01  8.55717639243798e-02 -2.04235070168582e-01
-3.44711493165949e-01 -4.77545484413349e-01 -3.26179125728527e-02  1.00089739271092e-01
-3.22236522879792e-01  1.37694954739762e-02  1.23940123775959e-01 -9.82088144516252e-03
-1.97444472505080e-01  0.00000000000000e+00 -9.78660385112444e-02  0.00000000000000e+00
 3.66538228601547e-02  1.54418098255913e-01  3.34182886271415e-02  5.67076931975834e-02
-6.87296440011292e-02 -1.99462793429615e-02 -8.25875607516122e-02  1.99442209860782e-03
 1.64913678390757e-02  6.97478966187945e-02  7.00519409949314e-02  9.18989352288519e-02
-1.73435016301872e-01 -9.75774540894266e-02 -8.72445795660198e-02  2.83811069633783e-02
 1.01923582582987e-01  4.03729918942527e-03 -8.60870756442048e-02  9.22063796147841e-03
 2.07946716067377e-02 -8.45204946001766e-02 -3.33085539069507e-03 -1.81531636969300e-01
 9.88749907161905e-02 -1.23959692998478e-02  2.53715659412349e-02 -5.36582739844170e-04
 5.90488133573443e-02 -4.34571881467418e-03  2.01560181623579e-01  9.33346167279487e-02
-2.52988914649019e-02  1.61343529789713e-01 -2.67315459303487e-01  6.71744405800042e-02
-9.24751487754510e-02  2.61349240764932e-01  8.73793160067939e-02  3.64784093744193e-02
 1.52505008342707e-01 -3.78192871668401e-03 -5.58191038797668e-02 -3.45356603191074e-02
-2.93089921346762e-02 -5.40752711214760e-03 -7.61247121222996e-02 -1.15543940565796e-02
-2.24837776011577e-01  5.93602424206914e-02  2.70118163028675e-02 -1.47812986173038e-01
 1.86136182930106e-01  3.64997952060214e-01 -3.59460399864698e-02 -1.08448130005047e-01
 1.62368275451140e-01 -4.66863687551741e-01 -9.76206591288586e-02 -1.16697858641682e-01
-1.96016515038898e-01 -5.93650818648466e-02 -2.39376232423254e-02 -1.88900528896416e-01
-5.13211175558294e-02  0.00000000000000e+00  7.30640689406827e-02  0.00000000000000e+00
-1.15754059756676e-01 -1.72724877255168e-02  1.01604348333456e-01 -8.26954783029235e-02
 5.73752149253239e-02  9.50489409959881e-02 -6.62988607500821e-02 -7.52727368579099e-02
 2.17427885092895e-01  2.38713603214461e-02 -8.86828978851373e-02  4.58609704922876e-02
 7.12739232338055e-02 -6.39100306200789e-03  6.50064347412491e-03  4.72285650134657e-02
-8.67667161956592e-02 -1.39196307525197e-01  5.42298137914400e-02 -4.49731331403199e-04
-2.23542022956237e-01  6.13053997837360e-02 -1.15118857698378e-01  3.65166501164825e-02
 9.69553754260064e-02 -1.71811734238738e-01  4.92818355776186e-02 -9.74077504754262e-02
-1.95240655429167e-02 -1.39662174819653e-01 -8.09489111773869e-02  3.10987594563594e-02
 4.81264716483168e-02 -2.33802138189371e-01  1.28193932393495e-01 -3.18138341336785e-02
 9.56752078119793e-03  4.20055705899938e-03 -1.00308193411356e-01  6.95841957152201e-02
-6.79259508848228e-02 -6.12925361852602e-02  1.35998692190506e-01  1.53271980522729e-01
-1.35566984517272e-01  1.13041156394015e-01 -5.40718030090463e-02  4.65999776156814e-03
 8.91590227498244e-02 -1.59026175715195e-01 -3.97538806396298e-02  6.37180487672814e-02
-1.08759487332290e-01 -1.55182641193177e-01 -7.61307982683604e-02 -7.33138306119521e-02
-2.71306623107179e-01  3.94610838387625e-01 -9.06953017602267e-02  6.11822354840057e-03
 2.91960450809683e-01 -3.94922381294664e-02 -1.36045253958128e-01 -2.01708687112186e-01
 8.41725721517152e-02  7.87788571186948e-02 -1.22892703778195e-01 -4.19784982104102e-02
 6.71567982417141e-02  0.00000000000000e+00 -4.24086750931136e-02  0.00000000000000e+00
-6.99551399873294e-02 -6.55332894368740e-02  1.12186504865025e-02  4.67839830799962e-02
 1.57929931110227e-02  2.84761839992483e-03  9.72542867582339e-02 -5.71979987959052e-02
-1.00841868029255e-01 -6.66993232302806e-02 -6.47688417833283e-02 -1.27581267801691e-01
 2.00415807968604e-01 -3.58342218480332e-02  4.52986819057050e-02 -4.24520473749567e-02
 1.33643940377350e-01 -6.63538686580529e-02 -7.07633830701076e-02 -7.93023913550285e-02
 1.22617609252461e-01  5.04296225582338e-02  1.28885845845377e-01  8.47180156028568e-02
-1.59199706220591e-01 -5.48718128808852e-02 -6.79541316379093e-02 -3.82091925652304e-02
 5.59150766008678e-02 -1.02122428035641e-01 -1.01790292869855e-01  2.86775924123711e-02
-1.52568687891407e-01 -1.75507728116618e-01 -3.86886323888693e-02 -1.99509608989677e-03
-8.58890478351682e-02  1.00862302989788e-01  7.18577001310323e-02 -1.04194101552685e-01
 1.26734075090859e-01  4.40250669107321e-02  9.52350490227622e-02  6.49261905678328e-02
 2.03809102037386e-02 -6.72825782710859e-02  6.46853577049472e-02  2.36568824744889e-01
-1.71678741443376e-01  1.18124957399158e-01 -6.55360627506682e-02 -7.93648397153057e-02
 1.40093524439348e-01  3.28634927135123e-02 -1.23714590501164e-01  6.16162410120954e-02
 3.03534955154554e-02 -1.57266535516336e-01  9.73083555757021e-02  1.45753771947597e-01
-3.59374930283672e-01 -2.53059949826493e-03 -2.21446006754048e-01 -3.59601096237131e-03
 1.50504123980514e-01  3.61192239252030e-02 -7.59371746774260e-02  1.16482775679066e-01
 1.25469766686570e-01  1.77904369242292e-01 -1.12022551952366e-01  1.28373285352864e-01
 1.05881712052588e-01  0.00000000000000e+00 -1.17509965723737e-02  0.00000000000000e+00
-2.83852061116286e-02  5.66769022654406e-03 -2.24737925711790e-03 -9.98672988759856e-03
 1.63812675428387e-02  9.52271698929851e-02  3.32203189783919e-03  5.34747040174118e-02
 1.96374550047479e-02  8.43043651835751e-02  1.15532711876168e-02  4.76398000601981e-02
-5.01096862745304e-02 -2.24207985898033e-02 -3.11993018825889e-02 -3.36932270110004e-02
-2.82674104372719e-02  1.58712733678807e-02  5.04562134118619e-02  3.31469944874676e-02
 5.05141506381553e-02 -6.81007617812850e-02  7.01606752225721e-02 -1.35445873873100e-01
-1.47911849614108e-02  1.10595797701222e-01  4.88000569130394e-02  4.99114667115852e-02
 2.86125869364820e-02 -3.75237132469938e-02 -1.66112886168441e-02 -2.84807676306762e-02
-7.45841227431180e-02  6.83989526344955e-02 -8.99294632602619e-02  1.88035278910212e-01
-9.89082205114161e-02 -1.91024111736606e-01 -2.66168338417197e-02 -8.20256658996589e-02
-6.71217734614512e-02  2.29807568419476e-01  2.61649769985194e-02 -1.70987140949205e-01
 2.98515106015916e-01  2.21764010743324e-02 -1.68778329102831e-02  4.43080537892488e-02
 1.66678097877841e-01 -7.52195945489678e-02 -1.39278897335825e-03  1.12372496893931e-01
-1.88845386020368e-01  3.75064990663313e-03 -1.33659182862095e-02 -1.77532808473103e-03
 1.66793090664853e-02  1.13447020841658e-01  4.92700438381423e-02  4.42224012726971e-02
-1.17932326949323e-01 -3.85208321907482e-03  1.41857923692592e-01  7.25322811447302e-02
-1.84371612042876e-01  5.10423950701495e-02 -7.35880318982112e-02  7.57965956791320e-03
-1.81819843513882e-01  1.22914803015047e-01  1.04443004181859e-01  1.59868934736691e-01
-1.90168980590359e-01  2.34211751653952e-01  6.93151861827604e-02  4.72281395232215e-02
-3.13181504435365e-02  0.00000000000000e+00 -2.05580154556684e-02  0.00000000000000e+00
 7.21202172404331e-02 -6.90887863852004e-02 -1.20230652487359e-02  7.66059975637682e-03
-1.46491658860516e-01 -9.44372114278859e-02  7.71653616558760e-02  1.77039813079832e-02
 4.20707363015699e-02  9.30586158289972e-02  1.61301490805196e-01  1.60120799523786e-02
 7.04642584731933e-02  2.50370706685720e-02 -1.56829570346149e-01  7.76389096692629e-02
 1.09095338657397e-01  4.96383938843930e-02 -6.12931972360276e-02 -1.43373737261297e-02
-6.38624114886326e-02 -5.24955038523046e-02 -3.12881879991602e-02 -3.27617677670579e-02
-1.54737034367234e-02  1.87993098113517e-02  1.64657590224069e-01  1.49005960205079e-02
 1.48297234846961e-02  3.78206330433958e-02  4.07317399734794e-02 -9.48556676362075e-03
 1.08230638947308e-01  1.23038925611092e-01  2.63801255943763e-02 -7.36230462250503e-02
-2.12195020880547e-01  6.15512869475620e-02 -1.07073498841307e-01  7.13875850895133e-02
-6.28126748573326e-02  1.53119156769833e-01  4.24058149261796e-02 -2.35522943319448e-02
-1.33858262621070e-01  2.70783413709488e-04 -2.60775792948136e-02 -2.02808709644219e-01
 1.80228526898556e-01  8.32266473999805e-02 -8.54510200005531e-02  5.28826288299254e-02
 3.04105943050674e-02  7.70977579133686e-03  4.94113790644068e-02 -1.48258314925462e-02
-1.13458357274044e-02 -8.63037090069700e-02  1.77970278802139e-02 -2.15654124769618e-02
 6.11698386305371e-02 -3.96756432050381e-02  7.59521263943499e-03  2.45973162021709e-02
 4.82125020040496e-02 -7.54906599476911e-02 -1.56212174486807e-02  2.76304300545402e-02
 2.25851972550775e-02  9.27014583591183e-02  1.54160241125683e-01  8.95215411694899e-02
-5.67754457880034e-02 -1.42383641361781e-01  4.19532422283937e-02  3.63846950336734e-02
-3.83026439368473e-02 -9.05449058428135e-02  9.02298132431399e-02 -2.63785583897177e-03
-6.03425164436356e-02  0.00000000000000e+00 -6.32742006507231e-02  0.00000000000000e+00
-2.65883634647545e-03  8.93413928628701e-02 -1.26385696543855e-02  5.60842392840343e-03
-9.06870384665657e-02 -9.22606222738143e-02 -5.33118752960574e-02  3.27936730401084e-03
-1.74233164626412e-01 -4.70010799684940e-02 -8.37556600495348e-03 -8.63116048651083e-03
-1.21659088089919e-01  2.49726730004264e-02  1.43901957775846e-01  5.33835068203877e-02
 1.60451400492855e-02 -5.62060837666976e-02 -9.46337744506464e-02 -1.38227271463888e-02
 5.04571876967502e-02  8.00432648174632e-02 -4.58015429582346e-02 -2.12307856023701e-02
 8.31094194113000e-03 -1.66074763475071e-01 -1.37772086637240e-01 -9.80842188374978e-02
-7.70943067335969e-03 -5.38944411315124e-02  1.16574523880825e-01  3.38816771947435e-02
 1.23806030191192e-01 -9.57108790435101e-02  1.10219601862291e-02 -6.01987120908828e-02
 1.09953540394945e-01  2.40443193308417e-02  1.44292541831775e-02  4.45448306902412e-02
-3.72433989868989e-03 -2.08606849818817e-02  2.61592363473360e-02  1.69355508826301e-02
-6.11067434802600e-02  1.49880766868415e-01  1.32362578910442e-02  1.20987971381610e-01
 2.42597363975570e-02 -8.85909942372668e-02 -4.80040058205553e-02  4.29849194646363e-02
-1.11708682972244e-01 -2.60100507866991e-02 -1.82734258378855e-02 -5.63017475552124e-02
-1.52439214461691e-01  1.07367565945053e-01  2.17469696584781e-02 -5.41050974582443e-02
 4.13996900216486e-02  2.14893493988821e-01  6.28866862557131e-02 -9.72123107375114e-02
 3.39560601174189e-02  4.13763994009820e-04 -9.26700752116510e-02 -1.31253982445449e-01
 1.78174641747299e-01  7.44000070131715e-02 -4.24394452269400e-02  6.84237412851314e-02
 1.66925158065996e-01  1.42153069543659e-01  8.12585081275096e-02  3.45785981557530e-03
 1.26146587484805e-01 -2.15452136699778e-01 -5.65377439871665e-02 -5.26496655209192e-02
 1.86051608439002e-01 -7.21691471339488e-02  1.76923005169214e-02  3.65870855977112e-02
 1.10747333490009e-01  0.00000000000000e+00  3.34517576615767e-02  0.00000000000000e+00
 3.72599756830883e-02 -1.00004175598102e-02 -3.32630317178677e-02 -1.21336677480037e-02
 4.46592300331822e-02  9.95878840988901e-02 -3.53786854078047e-03  6.16103513261175e-03
 5.92136671259123e-02  2.01109340833258e-02  1.15034068257315e-03  2.04438957130573e-02
-2.42130900885395e-02  1.16916102340259e-01 -4.08363107788062e-02 -8.01706469559102e-02
 2.13634321936430e-02 -8.26956007014426e-03  7.58229168128330e-02  5.52559187170753e-02
-1.07655648916581e-01  7.28498839464798e-02  4.08955520479199e-02  5.15266293354924e-02
 1.48981385023544e-02  5.79582136426787e-02  2.58915840478877e-02  8.89984816706688e-03
 3.27491489416610e-02  8.60525000757617e-03 -1.43862344815701e-01 -8.99760354979064e-02
-7.01530785947316e-02 -1.03471714507927e-01  1.13394054823138e-02 -2.81877446075371e-02
 1.17766143632082e-01 -1.40977873701113e-01  8.12663075241290e-02 -7.83425629363260e-02
-1.33861851996204e-02 -1.64801739217173e-01 -8.33732625968522e-02  7.65096609314839e-02
 8.25518580993579e-02  6.66385843359827e-02  7.27242594660317e-02  4.72889270464298e-02
 2.03217480788884e-02  5.79825190466684e-02 -1.61298561378117e-02  1.56407338858201e-01
 9.04438261732249e-02  2.82214524523553e-02 -8.05760126782237e-02  7.29083667126444e-02
 2.33460595654875e-02 -1.91046499463382e-01  4.42493524293723e-02 -3.99140595810132e-02
-3.93740834311144e-02 -1.00344983249862e-01 -2.76824496655093e-02  7.79463333223981e-02
-7.10173930487276e-02  1.47042387689206e-01  5.82354039825672e-02  4.21936630584783e-02
 2.79283846411007e-02 -3.62522495136005e-02 -5.81262920180735e-02 -1.43782154942338e-01
-2.73947517749681e-03  8.97402484605105e-02  6.59693985988522e-02  4.81356451374856e-02
 1.13114985223713e-01  2.57070068446138e-01 -3.15768672507970e-02 -6.98463426030279e-02
 1.74141951720938e-01 -1.67586337821578e-01 -4.48878423658778e-02 -7.49656208590913e-02
 6.24870823537489e-02  1.82250788583159e-02 -1.43091856691973e-02  3.98101986641215e-02
-2.19996982824093e-02  0.00000000000000e+00  7.79628735290417e-03  0.00000000000000e+00
 8.69088153362976e-02 -4.15655734532456e-02 -5.84224291711919e-02  2.23113696013505e-02
 9.67481715223730e-02 -8.36135307126008e-02 -1.73165336852225e-02  1.60113396312698e-04
-9.91989624260356e-03 -3.46237471775046e-02  8.95247242260422e-02 -2.09056460805699e-02
 1.97984147600551e-02 -5.45971700108571e-02  4.86632342017027e-02 -3.05166800295368e-02
 1.10500403323785e-01  1.16619465672751e-01 -5.25811719499312e-02 -4.50954154310437e-02
 2.07931471185075e-01 -1.05355893873229e-02 -7.59039927208378e-03 -2.88180791091134e-03
 7.39509442958382e-03  6.13803929744257e-02  1.16122679683509e-01  7.03620453558189e-03
 3.41477727932515e-02  1.12461975058649e-01  4.51059257993398e-02  1.53666499259444e-02
-6.37797674522721e-03  3.93478903341883e-02 -8.24650579429597e-03 -7.54662938932755e-03
-1.56777418248294e-02  1.07613118115827e-02 -1.32052365013240e-02  3.73979538819231e-02
-1.15232660592002e-01 -5.94802271952042e-02  4.27636389871623e-02 -8.77210009084689e-02
-1.41807468034413e-02 -5.42668134510409e-02  4.47208223047867e-02  4.58226957119856e-02
 5.43890033367800e-03  5.10806183013272e-02  1.01640040248862e-01 -5.15575528718262e-02
 1.19174496675914e-02  1.68992456139598e-02 -4.35290605034233e-02  1.50133627001616e-01
-7.34527261625242e-02  4.05840382982665e-02 -7.17157515062407e-02 -5.08266887595595e-02
 6.36974595407607e-02 -2.86714040126875e-02 -6.90355126827505e-02 -6.88270337971805e-03
 7.06487606533994e-02 -1.48373242033307e-01  3.60011130384490e-02  1.18258098147712e-01
-1.72995414822769e-01 -6.65960860092275e-02 -4.26870886135036e-02  7.48543908820793e-02
 8.72396643167617e-02 -3.92720708974061e-02  1.35973014642890e-02  2.46241447739503e-02
-1.03378908644575e-01 -1.50383624006395e-01  7.24899750650940e-02 -1.08608263183579e-02
-2.04093208165009e-01  2.20894705269572e-01 -3.81282928803607e-02 -6.08416943853117e-02
 1.20833685263634e-01  4.71546879132094e-02  2.95862007414981e-02 -2.37594354448218e-02
-1.30843262268219e-01  1.18425248352600e-01  3.34216731137929e-02 -9.31339068252442e-02
-5.84607363639531e-02  0.00000000000000e+00  2.02865267831254e-02  0.00000000000000e+00
-3.21526651020023e-02  9.59300907571753e-02  7.11803040764301e-03 -3.20724524050401e-02
 7.32171779411301e-03  6.64656997826558e-03 -6.04640750233577e-02 -4.81233813887836e-04
-2.87928043235981e-02 -6.56468417799826e-03 -8.13460949575592e-02  5.45821504466704e-02
-8.01418402683582e-02 -8.68034885806133e-02  5.21589449111901e-02  6.44662768539870e-02
-1.74874389047866e-01 -1.78506838117725e-02  2.40917351176288e-02  4.03681552683144e-02
-4.06839210103310e-03 -6.87591694446608e-02 -4.41533398492755e-02 -8.06742582838688e-02
 8.07687608316559e-02 -1.65920938336214e-02 -1.25843392536629e-01 -2.34476545255917e-02
 8.64338933411625e-02 -2.99145856113054e-02  1.34302257550655e-01 -7.31530049557855e-03
 4.74773101256339e-02  3.41278171266249e-02  2.69611884089823e-02 -1.96916631683547e-02
 4.44587784544529e-02 -2.22069986837196e-02 -2.19713794802598e-02  4.80026997703194e-02
 3.33414416272709e-02  3.46707637346793e-02  8.67666708982025e-03  3.19309572210336e-02
-1.85244696366554e-01  2.15680933765961e-02  3.77248509119422e-02 -9.11262246628111e-02
-5.86330186314271e-02  1.45958880924857e-01  7.47488483306780e-02 -2.64140870499551e-02
 9.40018357896565e-02  8.08428183628140e-02  4.44900922938453e-02 -1.29300034713536e-02
 5.52549359908978e-02  5.61050021588498e-02 -2.73240540470525e-02  2.94807254191322e-02
-1.60731569988354e-01  6.49285614798197e-02  1.09596479101242e-01 -4.77749563420527e-02
-3.84086237755738e-02  1.24985529249150e-01 -2.31085975101638e-02 -5.16410373547019e-02
 9.14389940933098e-02  1.90033623181658e-02  7.13848938563111e-02  5.39491664350214e-02
-1.32600354651010e-01 -2.73546713038546e-02 -3.06086641574069e-02 -4.25698952953446e-03
 1.06384683762712e-01  6.03835180680472e-02 -1.54110634178302e-02  9.11566479439939e-02
 8.23601969301586e-02 -3.50617619675517e-01 -1.63233508026229e-02  2.65570654149990e-02
-2.36088051786594e-01 -1.66251119469400e-01  8.19516153998605e-03  3.72863433156863e-02
-1.10260159838399e-01  1.90034506468023e-02  7.17214983195711e-02  6.37758609164454e-02
-1.50333612012998e-01 -1.12315607198953e-01  6.49244380538879e-03 -5.95746379446205e-02
-4.21918104787434e-02  0.00000000000000e+00  4.79178058226575e-02  0.00000000000000e+00
 4.56973652325628e-02 -1.48009008247578e-02  1.24816305471689e-02  1.20117747992848e-02
 2.22985637826757e-02  4.38133968454819e-02 -1.78026081034407e-02  1.64753673134961e-02
 4.69553190010443e-02 -6.28788754094638e-03  3.06920145128967e-02 -3.43852367539515e-02
-4.97672588119387e-03  3.44511024132531e-02 -8.95629522993300e-02  5.91298340126033e-03
-4.54938046282384e-03  1.37221749806242e-02  5.29903981858539e-02  5.70829477009074e-02
-1.47064097460948e-01  2.94127385796125e-02 -2.43679632580645e-02  7.89072257730532e-02
-3.94578471924140e-02 -1.57490785936553e-02 -1.62642779571828e-02  2.27078072652570e-02
-9.93040606787216e-02 -2.39971648614597e-02 -7.12726806579153e-02 -3.77899414940082e-02
 5.17836188735424e-02 -2.58506290949056e-02  6.15482701894574e-02 -4.98030058000161e-02
-1.65247392616578e-02 -1.61152548837909e-02  5.19517684874353e-02 -8.90331445473053e-02
 8.49217467912189e-02  2.17506330433928e-02  6.74476848572591e-02  3.55977004383128e-02
-6.24151919888338e-02 -5.49960075278184e-02  2.03725612935630e-02  7.06334843371253e-02
-3.72656121763152e-02 -2.16081883337809e-02  4.42412663752150e-02  1.97142057906368e-02
-1.84829636799298e-02  4.83128861493951e-02  2.61095396884532e-02 -6.25860010214293e-03
 1.62852089749843e-01 -5.42882959298488e-02 -5.64776339662540e-02  3.08392138273233e-02
 4.10718558573050e-02 -2.64382438297015e-02  2.96348215268439e-02  2.88059584424417e-02
-3.24838577340337e-02 -1.39137893687940e-02  1.26562252273682e-01  2.28856148833324e-02
 4.42843134695056e-02  8.32283142393220e-02 -3.95161880633216e-02 -5.15637870592375e-02
 1.61137371851228e-01  1.33829126440197e-01  1.14782492565483e-02  3.67963639494155e-02
 4.98960957173444e-02  8.44635555113564e-02  7.74040699913462e-02 -9.67836173510997e-02
-2.08831235126977e-02  1.78740715533380e-01 -8.74861301261562e-02  1.13130523523548e-02
 2.29881043542196e-01 -9.59852746073531e-02  2.59348443988774e-02  3.58203688701809e-02
 7.92479729999457e-02 -6.66195868465416e-02 -4.73852271897716e-03  1.67420814593059e-02
-1.32025063846243e-01  2.73718716623943e-02 -4.12827133205536e-02 -6.40179879209408e-03
 9.27854818123683e-02 -7.60559410758809e-02 -4.04819937953496e-02  4.53252056186085e-02
-1.61439139798869e-03  0.00000000000000e+00  1.81018987181335e-02  0.00000000000000e+00
-2.87313581496098e-02 -1.38083735281853e-02  2.07991865338251e-02 -4.17961407731416e-02
 3.38704402056578e-02 -1.65321971405614e-02 -1.95209291152457e-02  2.38220813562320e-02
 4.41388055755646e-02 -9.12727854219098e-02 -3.62850315538070e-02 -3.04326806660209e-02
 9.64346855808165e-04 -4.50927271559479e-02  5.93865152358382e-02 -5.24962833971677e-02
-1.05294533843867e-02 -5.22625001465908e-02  5.26237509156813e-02 -3.63284492708407e-02
 1.35695742224114e-02  4.62404433510880e-02  4.96747160218051e-02  7.24477068030881e-02
 5.39764485827839e-02  1.71901964084568e-02 -4.41207068155010e-02  4.32145153005334e-02
-4.25513288919607e-02  2.78172820435262e-02 -5.53803501770907e-02  9.78320338535069e-03
-6.45523341019160e-02 -3.37814121089010e-03 -3.62753683987798e-02  5.44585099128224e-02
 5.79496617521762e-02 -4.06002993988963e-04  1.51171445806419e-02 -2.43560626502647e-02
 5.22343239664256e-02 -2.30320663596362e-02  5.05927386365858e-02 -1.06597794367025e-01
 2.66647577197042e-02  5.69334768054263e-02  4.53167294769435e-02  2.33881739768032e-03
-9.75417393042879e-03 -3.16252585798697e-02  4.99960765868317e-02  9.79808239865930e-02
-1.66952966378973e-02  6.88963952985920e-02 -4.38385234401955e-02  7.53090149587171e-02
 1.36820732840186e-03 -5.13666342183643e-02 -1.07756762767970e-02  2.76591139957009e-02
 4.27839582382858e-02 -4.76442170983316e-02 -2.86236878773233e-02 -1.69732790135038e-02
 1.93594170905021e-02 -1.28004294749206e-01  6.36451912347565e-02  4.07900573810692e-02
 4.34847219059881e-02 -1.34378438542517e-02  6.27110835076560e-03  5.51803484753954e-03
 6.15416157638489e-03 -5.66320530506305e-02 -1.40480163470465e-02 -3.61906983333565e-02
 6.72395553853850e-02 -4.10436235221944e-02  7.94035590276190e-03  4.74121358291515e-02
 7.37406045946790e-02  7.29221494185375e-04  7.20424205509987e-02  2.11481789907964e-02
-8.61017618475188e-02 -2.84912465671631e-02 -4.23590035013615e-02 -6.13377711691074e-02
 1.53367014611072e-02  9.03061298872746e-02  7.76948312832046e-02  1.42191532247938e-02
 1.42625252754876e-01  1.61733048744998e-01  7.31079826924610e-04 -2.81522058668672e-02
 2.37549254259955e-02 -1.17174342068101e-01 -9.48404457543329e-02 -2.28237105016267e-03
 4.59773398734971e-02  1.06535609978602e-01 -2.67850962092962e-02  5.09489838752890e-02
 2.60929485254977e-02  0.00000000000000e+00  5.16713371638418e-03  0.00000000000000e+00
-6.42861774183142e-03  3.14371872468607e-03 -3.04274103186649e-02  3.08474517165572e-02
-3.09663945287957e-02  4.39999216105105e-02  3.75409282409611e-02 -4.04192808317638e-02
 4.55437937515904e-02  3.54639776319976e-02 -9.68434027910411e-03  2.28227769009151e-02
 2.41036174629071e-02  1.70676395019956e-03 -8.61874577716043e-02  3.79016421750642e-03
-3.40960956835587e-02 -1.93259464077120e-02  1.34977339114734e-02 -8.38682876531255e-03
-8.09530691861764e-02 -5.80271957272626e-02  4.11592008597909e-02 -3.63792541563113e-02
-4.90144883134449e-02  3.64801613598945e-02  3.06188713971556e-02  3.47941042941601e-02
 8.39045769381038e-02  1.08459473797859e-01 -8.61771575815323e-03  3.62164156947920e-02
-4.10490697171819e-02  6.56594661622704e-02 -7.60162216117210e-02 -7.01626838551165e-03
 3.58475920278791e-02  3.85480174888521e-02 -6.15528993150797e-02  9.13041660891986e-03
 9.00569589093898e-03 -1.71449236700707e-02 -8.00094281224842e-02 -7.66075484725983e-03
 9.97181389462622e-02 -2.72078714974708e-02  3.10059010863054e-02 -2.97353920409891e-02
 1.37248129923828e-02 -4.40260110348399e-02  6.51584850793314e-03 -5.28756525868919e-02
 4.88922918742893e-02  5.94880574155967e-02  7.94129146958780e-02  8.81730297443260e-02
-1.82282785275296e-02  1.04749971088436e-01 -1.38629315371029e-02  9.39462547958439e-02
 2.34396859671898e-02 -5.65545404309478e-02 -3.93724480617725e-02 -1.74555991400814e-02
-1.07894850628542e-01 -3.44724250906321e-02 -3.04680803457074e-02 -3.55055852658964e-02
 6.18701516644651e-02 -3.08640842137437e-02  7.30842330154750e-02  7.83287063020946e-02
-6.74373102363002e-02  1.73366810403437e-02 -7.62389715095432e-02  2.33550534186877e-03
-8.78246912893182e-03 -2.92552876201293e-02  1.03948402775660e-02 -2.68210421207710e-02
-3.51995707535836e-02 -9.14800494486296e-02  2.37204070927802e-02 -3.49428048492117e-02
-3.93444805902769e-02  3.84118499115408e-02  2.72986823065629e-02  3.78515508925949e-02
 8.16384799163420e-04 -8.45775052489464e-02  3.41435808734923e-02 -9.23423619283811e-02
-1.16504714975995e-01 -2.71883036857985e-02  4.68703749983833e-03  2.33156052206507e-04
 4.22066541548951e-03  1.47316101457853e-01  1.75676508285683e-02 -2.44432230461743e-03
 1.63361825085626e-01 -8.87297011486541e-02  1.02302789297596e-02  3.02511571155285e-02
-3.16645775840446e-02  9.24126647803979e-02  4.34946674614080e-03 -1.53082274003165e-02
-2.90774860090203e-02  0.00000000000000e+00 -5.83567566246278e-02  0.00000000000000e+00
-1.60962903487712e-02  4.74953196619113e-02  2.43145665011864e-02  7.19454314212516e-02
-2.36376878459562e-02 -5.28461549737508e-02 -9.35747080082424e-03  1.45752313945318e-04
 7.91771397376057e-03  5.32791190506854e-02  3.69628442547936e-03 -1.88832363031759e-02
 3.14965612298469e-02 -1.94764930482996e-02 -1.88398805387438e-02  1.60652262313043e-02
 2.30861517910243e-02  5.73478413185989e-02 -6.71510191593161e-03 -8.17077814194239e-04
 1.39452315777079e-02  1.66957354161044e-03 -2.84690033328117e-02 -4.75718564050788e-02
-2.45718272802094e-02 -1.04997091777142e-02  7.21562563933942e-03 -2.77502301600889e-02
-2.20219336065030e-02  6.90252015641280e-03  7.92653375378497e-02  3.14584820928222e-02
 8.67810199333407e-03  6.46765275429975e-02  6.35918935776538e-02  5.50669146776943e-02
 4.63655769595865e-02  7.06513929819507e-02 -4.29305919792524e-02  1.28873780504447e-02
 1.54116536095287e-02  1.10079217147723e-01 -5.71608747186457e-02 -4.71380981002123e-03
 1.09678231912690e-02 -7.99635353870827e-02 -1.82782539614077e-03 -1.70000204063496e-02
-3.19689657117998e-02 -4.32318815107838e-02 -2.92515175636520e-02  1.07815841592109e-02
 7.81867494425753e-03 -6.74222673929851e-02  3.64504930837955e-02 -8.13332291217230e-02
-2.60631063497846e-02  9.32898418856744e-02  5.06819953369797e-02  3.50693384372098e-02
 5.02659435734132e-02  9.66972523537170e-02  2.68606553993132e-02  1.09998479456985e-02
 1.95172869309868e-02  4.63210305170917e-02 -1.04010306648716e-02 -4.46558229701268e-02
-1.13220704791694e-02 -2.73018367248254e-02  1.04555707194278e-02 -2.79442448487636e-02
 1.21676139921311e-02  5.94806215934016e-02  2.31779153276465e-02  4.58160763367963e-02
 2.42074829494370e-03  2.03977844299685e-04 -2.78291899440889e-02 -7.48261899102524e-03
 1.56686915489064e-02 -2.48587685553315e-02 -4.81789436847540e-02 -2.24749799208883e-02
 5.32552713864575e-03 -1.08446574716062e-01  3.25906023776312e-02 -2.56331426563435e-02
-1.25448440228366e-01 -2.16269734431723e-02  2.95910190551682e-02 -4.26476434613364e-02
-7.79742855294007e-03 -7.10356402524735e-03  4.10009164347711e-02 -2.94745399559912e-02
-9.61953788829001e-02 -1.26371392934213e-01  1.14455733828928e-04 -3.16431280817449e-02
-1.21349975919198e-01 -3.85890520451752e-03  4.40792148237169e-02 -1.07219531613818e-02
 1.47737404857929e-02  3.68736965214565e-02  1.08814464330183e-01 -1.94917588184786e-02
-1.00714323143860e-01 -4.79264121685871e-02  4.54212675474826e-02  5.58146786314548e-03
 7.06805684972037e-02  0.00000000000000e+00 -5.84624378233389e-03  0.00000000000000e+00
-2.58769362721074e-02  3.25093870856651e-02  1.66746219460638e-02 -7.51952282312217e-02
-4.76937057442736e-02  4.15837947189002e-02  5.57259378900297e-02  2.57140350613464e-02
-2.40236125934842e-02  2.45452452066412e-03 -4.17383652838018e-02  4.92345035496536e-03
 3.51204455350039e-02  4.51855988453041e-03 -2.24255208762880e-02 -2.00341323368145e-02
-9.12066064596664e-03 -6.89280612952348e-02 -1.57834010388273e-02 -1.04330541107296e-02
-6.46351561990023e-02 -3.85845699210494e-02  3.80238184580233e-02  1.69493006807179e-03
-3.58313194932197e-03 -1.52745966611322e-02 -4.30467118648606e-02 -3.02480879261830e-03
 1.39321994404836e-02 -5.97372915754718e-02 -5.60197060913974e-02 -7.20968411606198e-02
 2.64512689793792e-03 -7.16059663415647e-02  1.20033358547509e-02  1.33762694365928e-02
-6.23232521461927e-03 -4.67935691183693e-02  6.40631604261716e-02  5.61384272125676e-02
 5.17486958127612e-02  4.84898501990651e-03  4.12423953218295e-02 -6.16630310253274e-03
 1.16915341516395e-02  3.13641301320240e-02 -3.38932720915083e-02  1.39124170332884e-02
-4.94618577758221e-02 -8.51759997301828e-03  1.73197165937609e-02  3.41566247053201e-02
-1.30384684096011e-01 -9.03795582603829e-03  4.60929932915107e-02  4.49182579048300e-02
 4.06381444880126e-02 -1.87477690699851e-02  6.05214997977916e-03 -1.03449346607352e-01
 3.99497287010692e-02  1.07130851556022e-02  1.16667242512733e-02  7.70634985842538e-02
 6.78670341535634e-02 -1.98764653777280e-02  4.52335145464788e-03 -3.05095591935453e-02
-3.56968958012359e-02  4.23800288429152e-02  2.88079951676740e-02 -1.22237767231354e-02
 4.93652621264034e-02 -5.10231872639426e-03  1.75241728207967e-02  1.83823940894002e-02
-1.85737601285742e-02  2.60347520739759e-02 -3.13443038225293e-02 -3.33859098441927e-02
 1.15605236038909e-02  9.62837242996927e-02 -1.19838197489841e-02 -1.45352959096079e-02
 8.74259641700147e-02  1.88469994133716e-03 -6.32757262889255e-02  7.75552856543469e-03
 1.21243172065061e-01 -1.36300262889660e-01 -8.53742926316014e-02 -3.11382197765547e-02
-5.61449017361375e-03 -7.99112629868975e-02 -5.26520011288315e-02 -2.32784334070781e-02
 3.48138667259490e-02  7.95301494251771e-02 -3.40351419435467e-02 -1.77005419900055e-03
-2.66012419671448e-02 -8.44405667747844e-02 -9.16516105601294e-03 -4.48649108534301e-02
 4.76030160351695e-03 -5.09390144189489e-02 -1.46137862836110e-03 -5.39889288818321e-02
-2.77902956926766e-02  1.15257392208833e-01  8.72464210884782e-03 -4.77082564161068e-02
 3.09847152166590e-02 -5.73512205293269e-02  6.68320161841102e-03 -1.52838588657054e-02
 3.36177416561066e-03  0.00000000000000e+00  2.00662995795319e-02  0.00000000000000e+00
 6.56442330112341e-02 -9.98261596028934e-02 -1.70286585840066e-02  1.66065926754179e-02
 1.60242785998618e-02  1.99947244446712e-02  4.91583228197996e-02 -2.23944569500702e-03
 2.64543450160959e-02 -7.20040449617312e-03  1.15277373571876e-01 -8.05961062788519e-03
 1.90927853679805e-02  5.34902927905161e-02 -3.65090611154218e-02  2.90367896441557e-03
 9.55045779155856e-02  2.92465971309281e-02 -2.99431402474163e-02 -3.48952825574320e-02
 2.32526347965728e-02  2.97982685493541e-03 -2.74399391638848e-02  2.97651001215221e-03
-4.16605196624422e-02 -3.60554988235997e-03  8.22555703029381e-02  2.37199935359267e-02
-1.07418887686119e-01  4.37331583719380e-03 -2.36108072599535e-02 -9.52255609632897e-04
-2.86977572791102e-02  2.91751997005076e-03 -8.28584333589333e-02 -1.55847938299895e-02
-2.80483184916653e-02 -5.14090078849948e-02 -7.81282747889455e-03 -4.51439632340462e-02
-5.24354017262894e-02 -3.48827887345039e-02 -1.54921227401093e-02  3.24905896969076e-02
 2.29918464848700e-02 -2.96775381262600e-03  4.71880183836230e-02  1.52253846139950e-03
 8.46587659317526e-02 -1.58589524592731e-02 -1.48401463612026e-02  3.79898877808049e-02
-4.54964278921831e-02 -8.75799483728188e-03  3.47803493923494e-03  5.82669556796101e-02
-1.02666871729659e-01  6.97782582466526e-03  1.77839767672620e-02  5.25679420550464e-02
 5.17744148175004e-02  7.82344434948707e-02 -8.38809056355962e-02 -4.67230956569909e-02
 1.36269590683339e-01 -7.96743331226400e-02 -2.37291139020442e-02  1.06712026727047e-02
 2.58279704884746e-02 -2.75867251438101e-02  5.75008191310987e-02  2.10615504416049e-02
-2.07101268809916e-03 -4.17937586438688e-03  2.05666709095992e-02  8.78132279610304e-03
 7.38126773913865e-02  3.71387411065936e-02 -1.18469681465979e-02  2.18600686982133e-02
-3.68758215858600e-03 -2.29358423930803e-02 -4.12992079714744e-03 -1.01438148347006e-02
-1.03198405492003e-01  6.30810499081467e-02  3.69275899929918e-02 -2.20201029318548e-02
-1.22769988488572e-01  1.06267627821412e-01  5.46198944021764e-03 -1.63483339750728e-02
-4.00797041160508e-03  2.89406694565078e-02 -4.45424272368138e-02 -1.17336805110205e-02
 3.17340915811980e-02 -1.73252430386951e-03 -5.53770593048519e-02  1.20251926461486e-02
-9.66333049681907e-04  1.23198913129357e-01 -1.28827430579900e-01  2.33037477709078e-02
 4.64596828692984e-02 -8.17481944630864e-02 -4.12633296695149e-02  8.45502127514811e-04
 3.40440771552237e-03 -3.16337579169866e-02 -5.59602016381256e-02 -4.79227447688684e-02
-1.43267776139935e-01 -1.76992110459113e-02 -6.86707378542350e-02  2.85296601130165e-02
 7.01566678727077e-02  2.43691992908286e-02 -2.22096645662922e-02 -2.67362064410183e-02
-1.90843367471091e-02  0.00000000000000e+00 -5.27454493089011e-02  0.00000000000000e+00
-6.52990372805208e-03  4.54208758462474e-02 -1.20408530195020e-02  1.73853575223647e-02
-1.97267815438264e-02 -7.31769181540435e-02 -2.66606400818216e-02  3.21579849045995e-03
-2.33819864083361e-02 -3.90021110439143e-02  4.96107374882619e-03  2.42126328882198e-02
 3.31034300681093e-02 -5.86695102357095e-02  7.14237366521030e-02  5.13373785903180e-02
 2.90967804677387e-02 -1.21183401217834e-02  1.44878253242993e-02  2.28650067365233e-02
 9.43549882579357e-02 -8.56045613537339e-03 -1.05284614507400e-02 -2.57179470974473e-02
 7.94998374150158e-02 -1.72678918303486e-02  5.57653206109692e-03 -2.84547093107942e-02
 2.99867496685488e-02  1.50777469675188e-02  5.96239852968973e-02  5.72500617883726e-02
-3.74882613517518e-02 -3.69862861369059e-03  5.91972268470865e-02  4.47107728742518e-02
-6.31688355740579e-02  1.04628412245806e-01 -7.27711355063094e-02  2.66322536302745e-02
-6.47911896471399e-03  3.07287343074735e-02 -1.97335722291667e-02 -3.95294519374947e-02
-2.80304538604109e-02  7.00447007339509e-02 -4.38187460859687e-02 -4.49801681513640e-02
 2.49093164976054e-02  6.43633266372741e-02  8.82404644960383e-02 -6.53956406648194e-02
 3.69195096544667e-02  1.95822603467561e-02 -4.90459587561377e-02  1.22507867612957e-03
 2.82789700168289e-02 -4.03039254213073e-03  2.91553437932460e-03  9.78131920974615e-02
-3.38407941473417e-02  3.90303157938108e-02  4.00883387311428e-02  9.61250133225148e-03
-3.02159159214545e-02  3.09077670283878e-02 -9.72001457987584e-02 -7.31836355915125e-03
 8.16052138286877e-02 -9.13268043241233e-02  1.68515252906913e-02 -3.44651957723316e-02
-2.91539931231949e-02 -7.52265089880481e-02  5.59868720366900e-02  1.47870037266229e-02
 2.48324184897238e-02  2.09310838352599e-02 -4.09054579990351e-02  2.84782319894425e-02
 4.41564206905913e-03  1.08594546365622e-02 -1.10346895503252e-03 -3.75647528466831e-02
 4.13576268831811e-02 -3.91687025843625e-02  2.91717500287751e-02  5.06853736900924e-02
 6.20266289390023e-02 -8.35749471965540e-02  5.21135770137271e-02  6.79508543617175e-02
-1.63823814496318e-01 -2.03673329239849e-02 -2.02677581074298e-02 -5.65506210500189e-03
-8.16109427004370e-02  1.07326306507907e-01  5.55341297214770e-02  6.39741157004275e-02
-2.63265185165778e-02  4.98163161935831e-02 -3.75672110438624e-03 -5.34915184762974e-03
-6.55762672782526e-02  1.07680297237020e-01 -7.04061728515298e-02  6.05723499018593e-02
 1.20321161753753e-01  4.81502999152651e-02 -2.27746868741811e-02  2.69711820858335e-02
 1.60037255171389e-02 -2.60406974335437e-02 -1.11131092964487e-01  2.66075178165267e-02
-6.26393866645371e-03 -1.22206575182497e-01 -3.62753759372914e-02  5.96083379111699e-02
 5.15623089341895e-02  2.20749819821989e-02 -1.12870487296750e-02 -4.36325052442820e-03
