6371.0000000 3.2
6369.0000000 3.2
6367.0000000 3.2
6365.0000000 3.2
6363.0000000 3.2
6361.0000000 3.2
6359.0000000 3.2
6357.0000000 3.2
6355.0000000 3.9
6353.0000000 3.9
6351.0000000 3.9
6349.0000000 3.9
6347.0000000 3.9
6345.0000000 4.46888
6343.0000000 4.46857
6341.0000000 4.46826
6339.0000000 4.46794
6337.0000000 4.46763
6335.0000000 4.46731
6333.0000000 4.467
6331.0000000 4.46669
6329.0000000 4.46637
6327.0000000 4.46606
6325.0000000 4.46575
6323.0000000 4.46543
6321.0000000 4.46512
6319.0000000 4.46481
6317.0000000 4.4645
6315.0000000 4.46419
6313.0000000 4.46388
6311.0000000 4.46357
6309.0000000 4.46325
6307.0000000 4.46294
6305.0000000 4.46263
6303.0000000 4.46232
6301.0000000 4.46201
6299.0000000 4.4617
6297.0000000 4.4614
6295.0000000 4.46109
6293.0000000 4.46078
6291.0000000 4.46044
6289.0000000 4.46013
6287.0000000 4.45982
6285.0000000 4.45952
6283.0000000 4.45921
6281.0000000 4.4589
6279.0000000 4.45859
6277.0000000 4.45829
6275.0000000 4.45798
6273.0000000 4.45768
6271.0000000 4.45737
6269.0000000 4.45706
6267.0000000 4.45676
6265.0000000 4.45645
6263.0000000 4.45615
6261.0000000 4.45584
6259.0000000 4.45554
6257.0000000 4.45523
6255.0000000 4.45493
6253.0000000 4.45463
6251.0000000 4.45432
6249.0000000 4.45402
6247.0000000 4.45372
6245.0000000 4.45342
6243.0000000 4.45311
6241.0000000 4.45281
6239.0000000 4.45251
6237.0000000 4.45221
6235.0000000 4.45191
6233.0000000 4.45161
6231.0000000 4.4513
6229.0000000 4.451
6227.0000000 4.4507
6225.0000000 4.4504
6223.0000000 4.4501
6221.0000000 4.4498
6219.0000000 4.4495
6217.0000000 4.44921
6215.0000000 4.44891
6213.0000000 4.44861
6211.0000000 4.44831
6209.0000000 4.44801
6207.0000000 4.44771
6205.0000000 4.44742
6203.0000000 4.44712
6201.0000000 4.44682
6199.0000000 4.44653
6197.0000000 4.44623
6195.0000000 4.44593
6193.0000000 4.44564
6191.0000000 4.44534
6189.0000000 4.44505
6187.0000000 4.44475
6185.0000000 4.44445
6183.0000000 4.44416
6181.0000000 4.44387
6179.0000000 4.44357
6177.0000000 4.44328
6175.0000000 4.44298
6173.0000000 4.44269
6171.0000000 4.4424
6169.0000000 4.4421
6167.0000000 4.44181
6165.0000000 4.44152
6163.0000000 4.44123
6161.0000000 4.44093
6159.0000000 4.44064
6157.0000000 4.44035
6155.0000000 4.44006
6153.0000000 4.43977
6151.0000000 4.6439
6149.0000000 4.6453
6147.0000000 4.6467
6145.0000000 4.6481
6143.0000000 4.6495
6141.0000000 4.6509
6139.0000000 4.6523
6137.0000000 4.6537
6135.0000000 4.6551
6133.0000000 4.6565
6131.0000000 4.6579
6129.0000000 4.6593
6127.0000000 4.6607
6125.0000000 4.6621
6123.0000000 4.6635
6121.0000000 4.6649
6119.0000000 4.6663
6117.0000000 4.6677
6115.0000000 4.6691
6113.0000000 4.6705
6111.0000000 4.6719
6109.0000000 4.6733
6107.0000000 4.6747
6105.0000000 4.6761
6103.0000000 4.6775
6101.0000000 4.6789
6099.0000000 4.6803
6097.0000000 4.6817
6095.0000000 4.6831
6093.0000000 4.6845
6091.0000000 4.6859
6089.0000000 4.6873
6087.0000000 4.6887
6085.0000000 4.6901
6083.0000000 4.6915
6081.0000000 4.6929
6079.0000000 4.6943
6077.0000000 4.6957
6075.0000000 4.6971
6073.0000000 4.6985
6071.0000000 4.6999
6069.0000000 4.7013
6067.0000000 4.7027
6065.0000000 4.7041
6063.0000000 4.7055
6061.0000000 4.7069
6059.0000000 4.7083
6057.0000000 4.7097
6055.0000000 4.7111
6053.0000000 4.7125
6051.0000000 4.7139
6049.0000000 4.7153
6047.0000000 4.7167
6045.0000000 4.7181
6043.0000000 4.7195
6041.0000000 4.7209
6039.0000000 4.7223
6037.0000000 4.7237
6035.0000000 4.7251
6033.0000000 4.7265
6031.0000000 4.7279
6029.0000000 4.7293
6027.0000000 4.7307
6025.0000000 4.7321
6023.0000000 4.7335
6021.0000000 4.7349
6019.0000000 4.7363
6017.0000000 4.7377
6015.0000000 4.7391
6013.0000000 4.7405
6011.0000000 4.7419
6009.0000000 4.7433
6007.0000000 4.7447
6005.0000000 4.7461
6003.0000000 4.7475
6001.0000000 4.7489
5999.0000000 4.7503
5997.0000000 4.7517
5995.0000000 4.7531
5993.0000000 4.7545
5991.0000000 4.7559
5989.0000000 4.7573
5987.0000000 4.7587
5985.0000000 4.7601
5983.0000000 4.7615
5981.0000000 4.7629
5979.0000000 4.7643
5977.0000000 4.7657
5975.0000000 4.7671
5973.0000000 4.7685
5971.0000000 4.93249
5969.0000000 4.93832
5967.0000000 4.94416
5965.0000000 4.94999
5963.0000000 4.95583
5961.0000000 4.96166
5959.0000000 4.96749
5957.0000000 4.97333
5955.0000000 4.97916
5953.0000000 4.985
5951.0000000 4.99083
5949.0000000 4.99667
5947.0000000 5.0025
5945.0000000 5.00834
5943.0000000 5.01417
5941.0000000 5.02
5939.0000000 5.02584
5937.0000000 5.03167
5935.0000000 5.03751
5933.0000000 5.04334
5931.0000000 5.04918
5929.0000000 5.05501
5927.0000000 5.06085
5925.0000000 5.06668
5923.0000000 5.07251
5921.0000000 5.07835
5919.0000000 5.08418
5917.0000000 5.09002
5915.0000000 5.09585
5913.0000000 5.10169
5911.0000000 5.10752
5909.0000000 5.11336
5907.0000000 5.11919
5905.0000000 5.12502
5903.0000000 5.13086
5901.0000000 5.13669
5899.0000000 5.14253
5897.0000000 5.14836
5895.0000000 5.1542
5893.0000000 5.16003
5891.0000000 5.16586
5889.0000000 5.1717
5887.0000000 5.17753
5885.0000000 5.18337
5883.0000000 5.1892
5881.0000000 5.19504
5879.0000000 5.20087
5877.0000000 5.20671
5875.0000000 5.21254
5873.0000000 5.21837
5871.0000000 5.22421
5869.0000000 5.23004
5867.0000000 5.23588
5865.0000000 5.24171
5863.0000000 5.24755
5861.0000000 5.25338
5859.0000000 5.25922
5857.0000000 5.26505
5855.0000000 5.27088
5853.0000000 5.27672
5851.0000000 5.28255
5849.0000000 5.28839
5847.0000000 5.29422
5845.0000000 5.30006
5843.0000000 5.30589
5841.0000000 5.31173
5839.0000000 5.31756
5837.0000000 5.32339
5835.0000000 5.32923
5833.0000000 5.33506
5831.0000000 5.3409
5829.0000000 5.34673
5827.0000000 5.35257
5825.0000000 5.3584
5823.0000000 5.36424
5821.0000000 5.37007
5819.0000000 5.3759
5817.0000000 5.38174
5815.0000000 5.38757
5813.0000000 5.39341
5811.0000000 5.39924
5809.0000000 5.40508
5807.0000000 5.41091
5805.0000000 5.41675
5803.0000000 5.42258
5801.0000000 5.42841
5799.0000000 5.43425
5797.0000000 5.44008
5795.0000000 5.44592
5793.0000000 5.45175
5791.0000000 5.45759
5789.0000000 5.46342
5787.0000000 5.46926
5785.0000000 5.47509
5783.0000000 5.48092
5781.0000000 5.48676
5779.0000000 5.49259
5777.0000000 5.49843
5775.0000000 5.50426
5773.0000000 5.5101
5771.0000000 5.51602
5769.0000000 5.51757
5767.0000000 5.51911
5765.0000000 5.52066
5763.0000000 5.52221
5761.0000000 5.52376
5759.0000000 5.52531
5757.0000000 5.52686
5755.0000000 5.5284
5753.0000000 5.52995
5751.0000000 5.5315
5749.0000000 5.53305
5747.0000000 5.5346
5745.0000000 5.53615
5743.0000000 5.53769
5741.0000000 5.53924
5739.0000000 5.54079
5737.0000000 5.54234
5735.0000000 5.54389
5733.0000000 5.54544
5731.0000000 5.54699
5729.0000000 5.54853
5727.0000000 5.55008
5725.0000000 5.55163
5723.0000000 5.55318
5721.0000000 5.55473
5719.0000000 5.55628
5717.0000000 5.55782
5715.0000000 5.55937
5713.0000000 5.56092
5711.0000000 5.56247
5709.0000000 5.56402
5707.0000000 5.56557
5705.0000000 5.56711
5703.0000000 5.56866
5701.0000000 5.94513
5699.0000000 5.95097
5697.0000000 5.95682
5695.0000000 5.96267
5693.0000000 5.96852
5691.0000000 5.97436
5689.0000000 5.98021
5687.0000000 5.98606
5685.0000000 5.99191
5683.0000000 5.99775
5681.0000000 6.0036
5679.0000000 6.00945
5677.0000000 6.0153
5675.0000000 6.02115
5673.0000000 6.027
5671.0000000 6.03284
5669.0000000 6.03869
5667.0000000 6.04454
5665.0000000 6.05039
5663.0000000 6.05624
5661.0000000 6.06209
5659.0000000 6.06794
5657.0000000 6.07379
5655.0000000 6.07964
5653.0000000 6.08549
5651.0000000 6.09134
5649.0000000 6.09719
5647.0000000 6.10304
5645.0000000 6.10889
5643.0000000 6.11474
5641.0000000 6.12059
5639.0000000 6.12644
5637.0000000 6.13229
5635.0000000 6.13814
5633.0000000 6.14399
5631.0000000 6.14984
5629.0000000 6.15569
5627.0000000 6.16154
5625.0000000 6.16739
5623.0000000 6.17324
5621.0000000 6.17909
5619.0000000 6.18494
5617.0000000 6.1908
5615.0000000 6.19665
5613.0000000 6.2025
5611.0000000 6.20835
5609.0000000 6.2142
5607.0000000 6.22005
5605.0000000 6.22591
5603.0000000 6.23176
5601.0000000 6.23761
5599.0000000 6.24111
5597.0000000 6.24256
5595.0000000 6.244
5593.0000000 6.24543
5591.0000000 6.24687
5589.0000000 6.24831
5587.0000000 6.24974
5585.0000000 6.25118
5583.0000000 6.25261
5581.0000000 6.25404
5579.0000000 6.25547
5577.0000000 6.2569
5575.0000000 6.25832
5573.0000000 6.25975
5571.0000000 6.26117
5569.0000000 6.26259
5567.0000000 6.26401
5565.0000000 6.26543
5563.0000000 6.26685
5561.0000000 6.26827
5559.0000000 6.26968
5557.0000000 6.2711
5555.0000000 6.27251
5553.0000000 6.27392
5551.0000000 6.27533
5549.0000000 6.27674
5547.0000000 6.27815
5545.0000000 6.27956
5543.0000000 6.28096
5541.0000000 6.28236
5539.0000000 6.28377
5537.0000000 6.28517
5535.0000000 6.28657
5533.0000000 6.28797
5531.0000000 6.28936
5529.0000000 6.29076
5527.0000000 6.29215
5525.0000000 6.29355
5523.0000000 6.29494
5521.0000000 6.29633
5519.0000000 6.29772
5517.0000000 6.2991
5515.0000000 6.30049
5513.0000000 6.30188
5511.0000000 6.30326
5509.0000000 6.30464
5507.0000000 6.30602
5505.0000000 6.3074
5503.0000000 6.30878
5501.0000000 6.31016
5499.0000000 6.31153
5497.0000000 6.31291
5495.0000000 6.31428
5493.0000000 6.31565
5491.0000000 6.31703
5489.0000000 6.31839
5487.0000000 6.31976
5485.0000000 6.32113
5483.0000000 6.3225
5481.0000000 6.32386
5479.0000000 6.32522
5477.0000000 6.32658
5475.0000000 6.32795
5473.0000000 6.3293
5471.0000000 6.33066
5469.0000000 6.33202
5467.0000000 6.33338
5465.0000000 6.33473
5463.0000000 6.33608
5461.0000000 6.33743
5459.0000000 6.33878
5457.0000000 6.34013
5455.0000000 6.34148
5453.0000000 6.34283
5451.0000000 6.34417
5449.0000000 6.34552
5447.0000000 6.34686
5445.0000000 6.3482
5443.0000000 6.34954
5441.0000000 6.35088
5439.0000000 6.35222
5437.0000000 6.35356
5435.0000000 6.35489
5433.0000000 6.35623
5431.0000000 6.35756
5429.0000000 6.35889
5427.0000000 6.36022
5425.0000000 6.36155
5423.0000000 6.36288
5421.0000000 6.3642
5419.0000000 6.36553
5417.0000000 6.36685
5415.0000000 6.36818
5413.0000000 6.3695
5411.0000000 6.37082
5409.0000000 6.37214
5407.0000000 6.37346
5405.0000000 6.37477
5403.0000000 6.37609
5401.0000000 6.37741
5399.0000000 6.37872
5397.0000000 6.38003
5395.0000000 6.38134
5393.0000000 6.38265
5391.0000000 6.38396
5389.0000000 6.38527
5387.0000000 6.38657
5385.0000000 6.38788
5383.0000000 6.38918
5381.0000000 6.39048
5379.0000000 6.39179
5377.0000000 6.39309
5375.0000000 6.39439
5373.0000000 6.39568
5371.0000000 6.39698
5369.0000000 6.39828
5367.0000000 6.39957
5365.0000000 6.40086
5363.0000000 6.40215
5361.0000000 6.40345
5359.0000000 6.40473
5357.0000000 6.40602
5355.0000000 6.40731
5353.0000000 6.4086
5351.0000000 6.40988
5349.0000000 6.41116
5347.0000000 6.41245
5345.0000000 6.41373
5343.0000000 6.41501
5341.0000000 6.41629
5339.0000000 6.41757
5337.0000000 6.41884
5335.0000000 6.42012
5333.0000000 6.42139
5331.0000000 6.42267
5329.0000000 6.42394
5327.0000000 6.42521
5325.0000000 6.42648
5323.0000000 6.42775
5321.0000000 6.42901
5319.0000000 6.43028
5317.0000000 6.43155
5315.0000000 6.43281
5313.0000000 6.43407
5311.0000000 6.43534
5309.0000000 6.4366
5307.0000000 6.43786
5305.0000000 6.43911
5303.0000000 6.44037
5301.0000000 6.44163
5299.0000000 6.44288
5297.0000000 6.44414
5295.0000000 6.44539
5293.0000000 6.44664
5291.0000000 6.44789
5289.0000000 6.44914
5287.0000000 6.45039
5285.0000000 6.45164
5283.0000000 6.45288
5281.0000000 6.45413
5279.0000000 6.45537
5277.0000000 6.45662
5275.0000000 6.45786
5273.0000000 6.4591
5271.0000000 6.46034
5269.0000000 6.46158
5267.0000000 6.46281
5265.0000000 6.46405
5263.0000000 6.46528
5261.0000000 6.46652
5259.0000000 6.46775
5257.0000000 6.46898
5255.0000000 6.47021
5253.0000000 6.47144
5251.0000000 6.47267
5249.0000000 6.4739
5247.0000000 6.47513
5245.0000000 6.47635
5243.0000000 6.47758
5241.0000000 6.4788
5239.0000000 6.48002
5237.0000000 6.48124
5235.0000000 6.48246
5233.0000000 6.48368
5231.0000000 6.4849
5229.0000000 6.48612
5227.0000000 6.48733
5225.0000000 6.48855
5223.0000000 6.48976
5221.0000000 6.49097
5219.0000000 6.49218
5217.0000000 6.49339
5215.0000000 6.4946
5213.0000000 6.49581
5211.0000000 6.49702
5209.0000000 6.49823
5207.0000000 6.49943
5205.0000000 6.50064
5203.0000000 6.50184
5201.0000000 6.50304
5199.0000000 6.50424
5197.0000000 6.50544
5195.0000000 6.50664
5193.0000000 6.50784
5191.0000000 6.50904
5189.0000000 6.51023
5187.0000000 6.51143
5185.0000000 6.51262
5183.0000000 6.51381
5181.0000000 6.51501
5179.0000000 6.5162
5177.0000000 6.51739
5175.0000000 6.51858
5173.0000000 6.51976
5171.0000000 6.52095
5169.0000000 6.52214
5167.0000000 6.52332
5165.0000000 6.5245
5163.0000000 6.52569
5161.0000000 6.52687
5159.0000000 6.52805
5157.0000000 6.52923
5155.0000000 6.53041
5153.0000000 6.53159
5151.0000000 6.53276
5149.0000000 6.53394
5147.0000000 6.53511
5145.0000000 6.53629
5143.0000000 6.53746
5141.0000000 6.53863
5139.0000000 6.5398
5137.0000000 6.54097
5135.0000000 6.54214
5133.0000000 6.54331
5131.0000000 6.54447
5129.0000000 6.54564
5127.0000000 6.54681
5125.0000000 6.54797
5123.0000000 6.54913
5121.0000000 6.55029
5119.0000000 6.55146
5117.0000000 6.55262
5115.0000000 6.55377
5113.0000000 6.55493
5111.0000000 6.55609
5109.0000000 6.55725
5107.0000000 6.5584
5105.0000000 6.55956
5103.0000000 6.56071
5101.0000000 6.56186
5099.0000000 6.56301
5097.0000000 6.56416
5095.0000000 6.56531
5093.0000000 6.56646
5091.0000000 6.56761
5089.0000000 6.56875
5087.0000000 6.5699
5085.0000000 6.57105
5083.0000000 6.57219
5081.0000000 6.57333
5079.0000000 6.57447
5077.0000000 6.57562
5075.0000000 6.57676
5073.0000000 6.57789
5071.0000000 6.57903
5069.0000000 6.58017
5067.0000000 6.58131
5065.0000000 6.58244
5063.0000000 6.58358
5061.0000000 6.58471
5059.0000000 6.58584
5057.0000000 6.58698
5055.0000000 6.58811
5053.0000000 6.58924
5051.0000000 6.59037
5049.0000000 6.59149
5047.0000000 6.59262
5045.0000000 6.59375
5043.0000000 6.59487
5041.0000000 6.596
5039.0000000 6.59712
5037.0000000 6.59824
5035.0000000 6.59937
5033.0000000 6.60049
5031.0000000 6.60161
5029.0000000 6.60273
5027.0000000 6.60384
5025.0000000 6.60496
5023.0000000 6.60608
5021.0000000 6.60719
5019.0000000 6.60831
5017.0000000 6.60942
5015.0000000 6.61054
5013.0000000 6.61165
5011.0000000 6.61276
5009.0000000 6.61387
5007.0000000 6.61498
5005.0000000 6.61609
5003.0000000 6.61719
5001.0000000 6.6183
4999.0000000 6.61941
4997.0000000 6.62051
4995.0000000 6.62162
4993.0000000 6.62272
4991.0000000 6.62382
4989.0000000 6.62492
4987.0000000 6.62603
4985.0000000 6.62713
4983.0000000 6.62823
4981.0000000 6.62932
4979.0000000 6.63042
4977.0000000 6.63152
4975.0000000 6.63261
4973.0000000 6.63371
4971.0000000 6.6348
4969.0000000 6.6359
4967.0000000 6.63699
4965.0000000 6.63808
4963.0000000 6.63917
4961.0000000 6.64026
4959.0000000 6.64135
4957.0000000 6.64244
4955.0000000 6.64353
4953.0000000 6.64461
4951.0000000 6.6457
4949.0000000 6.64678
4947.0000000 6.64787
4945.0000000 6.64895
4943.0000000 6.65003
4941.0000000 6.65111
4939.0000000 6.65219
4937.0000000 6.65327
4935.0000000 6.65435
4933.0000000 6.65543
4931.0000000 6.65651
4929.0000000 6.65759
4927.0000000 6.65866
4925.0000000 6.65974
4923.0000000 6.66081
4921.0000000 6.66189
4919.0000000 6.66296
4917.0000000 6.66403
4915.0000000 6.6651
4913.0000000 6.66617
4911.0000000 6.66724
4909.0000000 6.66831
4907.0000000 6.66938
4905.0000000 6.67045
4903.0000000 6.67151
4901.0000000 6.67258
4899.0000000 6.67364
4897.0000000 6.67471
4895.0000000 6.67577
4893.0000000 6.67683
4891.0000000 6.6779
4889.0000000 6.67896
4887.0000000 6.68002
4885.0000000 6.68108
4883.0000000 6.68214
4881.0000000 6.68319
4879.0000000 6.68425
4877.0000000 6.68531
4875.0000000 6.68636
4873.0000000 6.68742
4871.0000000 6.68847
4869.0000000 6.68953
4867.0000000 6.69058
4865.0000000 6.69163
4863.0000000 6.69268
4861.0000000 6.69373
4859.0000000 6.69478
4857.0000000 6.69583
4855.0000000 6.69688
4853.0000000 6.69793
4851.0000000 6.69897
4849.0000000 6.70002
4847.0000000 6.70107
4845.0000000 6.70211
4843.0000000 6.70315
4841.0000000 6.7042
4839.0000000 6.70524
4837.0000000 6.70628
4835.0000000 6.70732
4833.0000000 6.70836
4831.0000000 6.7094
4829.0000000 6.71044
4827.0000000 6.71148
4825.0000000 6.71252
4823.0000000 6.71355
4821.0000000 6.71459
4819.0000000 6.71562
4817.0000000 6.71666
4815.0000000 6.71769
4813.0000000 6.71872
4811.0000000 6.71976
4809.0000000 6.72079
4807.0000000 6.72182
4805.0000000 6.72285
4803.0000000 6.72388
4801.0000000 6.72491
4799.0000000 6.72594
4797.0000000 6.72696
4795.0000000 6.72799
4793.0000000 6.72902
4791.0000000 6.73004
4789.0000000 6.73107
4787.0000000 6.73209
4785.0000000 6.73312
4783.0000000 6.73414
4781.0000000 6.73516
4779.0000000 6.73618
4777.0000000 6.7372
4775.0000000 6.73822
4773.0000000 6.73924
4771.0000000 6.74026
4769.0000000 6.74128
4767.0000000 6.7423
4765.0000000 6.74331
4763.0000000 6.74433
4761.0000000 6.74534
4759.0000000 6.74636
4757.0000000 6.74737
4755.0000000 6.74839
4753.0000000 6.7494
4751.0000000 6.75041
4749.0000000 6.75142
4747.0000000 6.75243
4745.0000000 6.75344
4743.0000000 6.75445
4741.0000000 6.75546
4739.0000000 6.75647
4737.0000000 6.75748
4735.0000000 6.75848
4733.0000000 6.75949
4731.0000000 6.7605
4729.0000000 6.7615
4727.0000000 6.76251
4725.0000000 6.76351
4723.0000000 6.76451
4721.0000000 6.76551
4719.0000000 6.76652
4717.0000000 6.76752
4715.0000000 6.76852
4713.0000000 6.76952
4711.0000000 6.77052
4709.0000000 6.77152
4707.0000000 6.77251
4705.0000000 6.77351
4703.0000000 6.77451
4701.0000000 6.77551
4699.0000000 6.7765
4697.0000000 6.7775
4695.0000000 6.77849
4693.0000000 6.77948
4691.0000000 6.78048
4689.0000000 6.78147
4687.0000000 6.78246
4685.0000000 6.78345
4683.0000000 6.78445
4681.0000000 6.78544
4679.0000000 6.78643
4677.0000000 6.78741
4675.0000000 6.7884
4673.0000000 6.78939
4671.0000000 6.79038
4669.0000000 6.79137
4667.0000000 6.79235
4665.0000000 6.79334
4663.0000000 6.79432
4661.0000000 6.79531
4659.0000000 6.79629
4657.0000000 6.79727
4655.0000000 6.79826
4653.0000000 6.79924
4651.0000000 6.80022
4649.0000000 6.8012
4647.0000000 6.80218
4645.0000000 6.80316
4643.0000000 6.80414
4641.0000000 6.80512
4639.0000000 6.8061
4637.0000000 6.80708
4635.0000000 6.80805
4633.0000000 6.80903
4631.0000000 6.81001
4629.0000000 6.81098
4627.0000000 6.81196
4625.0000000 6.81293
4623.0000000 6.81391
4621.0000000 6.81488
4619.0000000 6.81585
4617.0000000 6.81683
4615.0000000 6.8178
4613.0000000 6.81877
4611.0000000 6.81974
4609.0000000 6.82071
4607.0000000 6.82168
4605.0000000 6.82265
4603.0000000 6.82362
4601.0000000 6.82458
4599.0000000 6.82555
4597.0000000 6.82652
4595.0000000 6.82749
4593.0000000 6.82845
4591.0000000 6.82942
4589.0000000 6.83038
4587.0000000 6.83135
4585.0000000 6.83231
4583.0000000 6.83327
4581.0000000 6.83424
4579.0000000 6.8352
4577.0000000 6.83616
4575.0000000 6.83712
4573.0000000 6.83808
4571.0000000 6.83904
4569.0000000 6.84
4567.0000000 6.84096
4565.0000000 6.84192
4563.0000000 6.84288
4561.0000000 6.84384
4559.0000000 6.8448
4557.0000000 6.84575
4555.0000000 6.84671
4553.0000000 6.84767
4551.0000000 6.84862
4549.0000000 6.84958
4547.0000000 6.85053
4545.0000000 6.85149
4543.0000000 6.85244
4541.0000000 6.85339
4539.0000000 6.85435
4537.0000000 6.8553
4535.0000000 6.85625
4533.0000000 6.8572
4531.0000000 6.85815
4529.0000000 6.8591
4527.0000000 6.86005
4525.0000000 6.861
4523.0000000 6.86195
4521.0000000 6.8629
4519.0000000 6.86385
4517.0000000 6.8648
4515.0000000 6.86574
4513.0000000 6.86669
4511.0000000 6.86764
4509.0000000 6.86858
4507.0000000 6.86953
4505.0000000 6.87047
4503.0000000 6.87142
4501.0000000 6.87236
4499.0000000 6.87331
4497.0000000 6.87425
4495.0000000 6.87519
4493.0000000 6.87613
4491.0000000 6.87708
4489.0000000 6.87802
4487.0000000 6.87896
4485.0000000 6.8799
4483.0000000 6.88084
4481.0000000 6.88178
4479.0000000 6.88272
4477.0000000 6.88366
4475.0000000 6.8846
4473.0000000 6.88553
4471.0000000 6.88647
4469.0000000 6.88741
4467.0000000 6.88835
4465.0000000 6.88928
4463.0000000 6.89022
4461.0000000 6.89116
4459.0000000 6.89209
4457.0000000 6.89303
4455.0000000 6.89396
4453.0000000 6.8949
4451.0000000 6.89583
4449.0000000 6.89676
4447.0000000 6.8977
4445.0000000 6.89863
4443.0000000 6.89956
4441.0000000 6.90049
4439.0000000 6.90142
4437.0000000 6.90235
4435.0000000 6.90329
4433.0000000 6.90422
4431.0000000 6.90515
4429.0000000 6.90608
4427.0000000 6.907
4425.0000000 6.90793
4423.0000000 6.90886
4421.0000000 6.90979
4419.0000000 6.91072
4417.0000000 6.91165
4415.0000000 6.91257
4413.0000000 6.9135
4411.0000000 6.91443
4409.0000000 6.91535
4407.0000000 6.91628
4405.0000000 6.9172
4403.0000000 6.91813
4401.0000000 6.91905
4399.0000000 6.91998
4397.0000000 6.9209
4395.0000000 6.92182
4393.0000000 6.92275
4391.0000000 6.92367
4389.0000000 6.92459
4387.0000000 6.92551
4385.0000000 6.92644
4383.0000000 6.92736
4381.0000000 6.92828
4379.0000000 6.9292
4377.0000000 6.93012
4375.0000000 6.93104
4373.0000000 6.93196
4371.0000000 6.93288
4369.0000000 6.9338
4367.0000000 6.93472
4365.0000000 6.93564
4363.0000000 6.93655
4361.0000000 6.93747
4359.0000000 6.93839
4357.0000000 6.93931
4355.0000000 6.94022
4353.0000000 6.94114
4351.0000000 6.94206
4349.0000000 6.94297
4347.0000000 6.94389
4345.0000000 6.9448
4343.0000000 6.94572
4341.0000000 6.94663
4339.0000000 6.94755
4337.0000000 6.94846
4335.0000000 6.94938
4333.0000000 6.95029
4331.0000000 6.9512
4329.0000000 6.95212
4327.0000000 6.95303
4325.0000000 6.95394
4323.0000000 6.95485
4321.0000000 6.95577
4319.0000000 6.95668
4317.0000000 6.95759
4315.0000000 6.9585
4313.0000000 6.95941
4311.0000000 6.96032
4309.0000000 6.96123
4307.0000000 6.96214
4305.0000000 6.96305
4303.0000000 6.96396
4301.0000000 6.96487
4299.0000000 6.96578
4297.0000000 6.96669
4295.0000000 6.9676
4293.0000000 6.9685
4291.0000000 6.96941
4289.0000000 6.97032
4287.0000000 6.97123
4285.0000000 6.97213
4283.0000000 6.97304
4281.0000000 6.97395
4279.0000000 6.97485
4277.0000000 6.97576
4275.0000000 6.97667
4273.0000000 6.97757
4271.0000000 6.97848
4269.0000000 6.97938
4267.0000000 6.98029
4265.0000000 6.98119
4263.0000000 6.9821
4261.0000000 6.983
4259.0000000 6.9839
4257.0000000 6.98481
4255.0000000 6.98571
4253.0000000 6.98662
4251.0000000 6.98752
4249.0000000 6.98842
4247.0000000 6.98932
4245.0000000 6.99023
4243.0000000 6.99113
4241.0000000 6.99203
4239.0000000 6.99293
4237.0000000 6.99383
4235.0000000 6.99474
4233.0000000 6.99564
4231.0000000 6.99654
4229.0000000 6.99744
4227.0000000 6.99834
4225.0000000 6.99924
4223.0000000 7.00014
4221.0000000 7.00104
4219.0000000 7.00194
4217.0000000 7.00284
4215.0000000 7.00374
4213.0000000 7.00464
4211.0000000 7.00554
4209.0000000 7.00644
4207.0000000 7.00734
4205.0000000 7.00823
4203.0000000 7.00913
4201.0000000 7.01003
4199.0000000 7.01093
4197.0000000 7.01183
4195.0000000 7.01272
4193.0000000 7.01362
4191.0000000 7.01452
4189.0000000 7.01542
4187.0000000 7.01631
4185.0000000 7.01721
4183.0000000 7.01811
4181.0000000 7.019
4179.0000000 7.0199
4177.0000000 7.0208
4175.0000000 7.02169
4173.0000000 7.02259
4171.0000000 7.02348
4169.0000000 7.02438
4167.0000000 7.02527
4165.0000000 7.02617
4163.0000000 7.02707
4161.0000000 7.02796
4159.0000000 7.02885
4157.0000000 7.02975
4155.0000000 7.03064
4153.0000000 7.03154
4151.0000000 7.03243
4149.0000000 7.03333
4147.0000000 7.03422
4145.0000000 7.03511
4143.0000000 7.03601
4141.0000000 7.0369
4139.0000000 7.0378
4137.0000000 7.03869
4135.0000000 7.03958
4133.0000000 7.04048
4131.0000000 7.04137
4129.0000000 7.04226
4127.0000000 7.04315
4125.0000000 7.04405
4123.0000000 7.04494
4121.0000000 7.04583
4119.0000000 7.04672
4117.0000000 7.04762
4115.0000000 7.04851
4113.0000000 7.0494
4111.0000000 7.05029
4109.0000000 7.05118
4107.0000000 7.05208
4105.0000000 7.05297
4103.0000000 7.05386
4101.0000000 7.05475
4099.0000000 7.05564
4097.0000000 7.05653
4095.0000000 7.05743
4093.0000000 7.05832
4091.0000000 7.05921
4089.0000000 7.0601
4087.0000000 7.06099
4085.0000000 7.06188
4083.0000000 7.06277
4081.0000000 7.06366
4079.0000000 7.06455
4077.0000000 7.06544
4075.0000000 7.06633
4073.0000000 7.06722
4071.0000000 7.06811
4069.0000000 7.069
4067.0000000 7.06989
4065.0000000 7.07078
4063.0000000 7.07167
4061.0000000 7.07256
4059.0000000 7.07345
4057.0000000 7.07434
4055.0000000 7.07523
4053.0000000 7.07612
4051.0000000 7.07701
4049.0000000 7.0779
4047.0000000 7.07879
4045.0000000 7.07968
4043.0000000 7.08057
4041.0000000 7.08146
4039.0000000 7.08235
4037.0000000 7.08324
4035.0000000 7.08413
4033.0000000 7.08502
4031.0000000 7.08591
4029.0000000 7.0868
4027.0000000 7.08769
4025.0000000 7.08858
4023.0000000 7.08947
4021.0000000 7.09035
4019.0000000 7.09124
4017.0000000 7.09213
4015.0000000 7.09302
4013.0000000 7.09391
4011.0000000 7.0948
4009.0000000 7.09569
4007.0000000 7.09658
4005.0000000 7.09747
4003.0000000 7.09836
4001.0000000 7.09925
3999.0000000 7.10013
3997.0000000 7.10102
3995.0000000 7.10191
3993.0000000 7.1028
3991.0000000 7.10369
3989.0000000 7.10458
3987.0000000 7.10547
3985.0000000 7.10636
3983.0000000 7.10725
3981.0000000 7.10814
3979.0000000 7.10903
3977.0000000 7.10991
3975.0000000 7.1108
3973.0000000 7.11169
3971.0000000 7.11258
3969.0000000 7.11347
3967.0000000 7.11436
3965.0000000 7.11525
3963.0000000 7.11614
3961.0000000 7.11703
3959.0000000 7.11792
3957.0000000 7.11881
3955.0000000 7.1197
3953.0000000 7.12059
3951.0000000 7.12148
3949.0000000 7.12236
3947.0000000 7.12325
3945.0000000 7.12414
3943.0000000 7.12503
3941.0000000 7.12592
3939.0000000 7.12681
3937.0000000 7.1277
3935.0000000 7.12859
3933.0000000 7.12948
3931.0000000 7.13037
3929.0000000 7.13126
3927.0000000 7.13215
3925.0000000 7.13304
3923.0000000 7.13393
3921.0000000 7.13482
3919.0000000 7.13571
3917.0000000 7.1366
3915.0000000 7.13749
3913.0000000 7.13838
3911.0000000 7.13928
3909.0000000 7.14017
3907.0000000 7.14106
3905.0000000 7.14195
3903.0000000 7.14284
3901.0000000 7.14373
3899.0000000 7.14462
3897.0000000 7.14551
3895.0000000 7.1464
3893.0000000 7.14729
3891.0000000 7.14819
3889.0000000 7.14908
3887.0000000 7.14997
3885.0000000 7.15086
3883.0000000 7.15175
3881.0000000 7.15264
3879.0000000 7.15354
3877.0000000 7.15443
3875.0000000 7.15532
3873.0000000 7.15621
3871.0000000 7.1571
3869.0000000 7.158
3867.0000000 7.15889
3865.0000000 7.15978
3863.0000000 7.16068
3861.0000000 7.16157
3859.0000000 7.16246
3857.0000000 7.16335
3855.0000000 7.16425
3853.0000000 7.16514
3851.0000000 7.16603
3849.0000000 7.16693
3847.0000000 7.16782
3845.0000000 7.16872
3843.0000000 7.16961
3841.0000000 7.1705
3839.0000000 7.1714
3837.0000000 7.17229
3835.0000000 7.17319
3833.0000000 7.17408
3831.0000000 7.17498
3829.0000000 7.17587
3827.0000000 7.17677
3825.0000000 7.17766
3823.0000000 7.17856
3821.0000000 7.17945
3819.0000000 7.18035
3817.0000000 7.18124
3815.0000000 7.18214
3813.0000000 7.18304
3811.0000000 7.18393
3809.0000000 7.18483
3807.0000000 7.18573
3805.0000000 7.18662
3803.0000000 7.18752
3801.0000000 7.18842
3799.0000000 7.18931
3797.0000000 7.19021
3795.0000000 7.19111
3793.0000000 7.19201
3791.0000000 7.19291
3789.0000000 7.1938
3787.0000000 7.1947
3785.0000000 7.1956
3783.0000000 7.1965
3781.0000000 7.1974
3779.0000000 7.1983
3777.0000000 7.1992
3775.0000000 7.2001
3773.0000000 7.201
3771.0000000 7.2019
3769.0000000 7.2028
3767.0000000 7.2037
3765.0000000 7.2046
3763.0000000 7.2055
3761.0000000 7.2064
3759.0000000 7.2073
3757.0000000 7.2082
3755.0000000 7.2091
3753.0000000 7.21
3751.0000000 7.21091
3749.0000000 7.21181
3747.0000000 7.21271
3745.0000000 7.21361
3743.0000000 7.21452
3741.0000000 7.21542
3739.0000000 7.21632
3737.0000000 7.21722
3735.0000000 7.21813
3733.0000000 7.21903
3731.0000000 7.21994
3729.0000000 7.22084
3727.0000000 7.22175
3725.0000000 7.22265
3723.0000000 7.22355
3721.0000000 7.22446
3719.0000000 7.22537
3717.0000000 7.22627
3715.0000000 7.22718
3713.0000000 7.22808
3711.0000000 7.22899
3709.0000000 7.2299
3707.0000000 7.2308
3705.0000000 7.23171
3703.0000000 7.23262
3701.0000000 7.23353
3699.0000000 7.23443
3697.0000000 7.23534
3695.0000000 7.23625
3693.0000000 7.23716
3691.0000000 7.23807
3689.0000000 7.23898
3687.0000000 7.23989
3685.0000000 7.2408
3683.0000000 7.24171
3681.0000000 7.24262
3679.0000000 7.24353
3677.0000000 7.24444
3675.0000000 7.24535
3673.0000000 7.24626
3671.0000000 7.24717
3669.0000000 7.24808
3667.0000000 7.249
3665.0000000 7.24991
3663.0000000 7.25082
3661.0000000 7.25173
3659.0000000 7.25265
3657.0000000 7.25356
3655.0000000 7.25448
3653.0000000 7.25539
3651.0000000 7.2563
3649.0000000 7.25722
3647.0000000 7.25813
3645.0000000 7.25905
3643.0000000 7.25997
3641.0000000 7.26088
3639.0000000 7.2618
3637.0000000 7.26271
3635.0000000 7.26363
3633.0000000 7.26455
3631.0000000 7.26547
3629.0000000 7.26596
3627.0000000 7.26595
3625.0000000 7.26593
3623.0000000 7.26592
3621.0000000 7.26591
3619.0000000 7.26589
3617.0000000 7.26588
3615.0000000 7.26586
3613.0000000 7.26585
3611.0000000 7.26583
3609.0000000 7.26582
3607.0000000 7.2658
3605.0000000 7.26578
3603.0000000 7.26577
3601.0000000 7.26575
3599.0000000 7.26574
3597.0000000 7.26572
3595.0000000 7.26571
3593.0000000 7.26569
3591.0000000 7.26567
3589.0000000 7.26566
3587.0000000 7.26564
3585.0000000 7.26563
3583.0000000 7.26561
3581.0000000 7.26559
3579.0000000 7.26558
3577.0000000 7.26556
3575.0000000 7.26554
3573.0000000 7.26553
3571.0000000 7.26551
3569.0000000 7.26549
3567.0000000 7.26548
3565.0000000 7.26546
3563.0000000 7.26544
3561.0000000 7.26542
3559.0000000 7.26541
3557.0000000 7.26539
3555.0000000 7.26537
3553.0000000 7.26536
3551.0000000 7.26534
3549.0000000 7.26532
3547.0000000 7.2653
3545.0000000 7.26528
3543.0000000 7.26527
3541.0000000 7.26525
3539.0000000 7.26523
3537.0000000 7.26521
3535.0000000 7.26519
3533.0000000 7.26517
3531.0000000 7.26516
3529.0000000 7.26514
3527.0000000 7.26512
3525.0000000 7.2651
3523.0000000 7.26508
3521.0000000 7.26506
3519.0000000 7.26504
3517.0000000 7.26502
3515.0000000 7.265
3513.0000000 7.26498
3511.0000000 7.26496
3509.0000000 7.26495
3507.0000000 7.26493
3505.0000000 7.26491
3503.0000000 7.26489
3501.0000000 7.26487
3499.0000000 7.26485
3497.0000000 7.26483
3495.0000000 7.26481
3493.0000000 7.26479
3491.0000000 7.26476
3489.0000000 7.26474
3487.0000000 7.26472
3485.0000000 7.2647
3483.0000000 7.26468
3481.0000000 7.26466
3479.0000000 0
3477.0000000 0
3475.0000000 0
3473.0000000 0
3471.0000000 0
3469.0000000 0
3467.0000000 0
3465.0000000 0
3463.0000000 0
3461.0000000 0
3459.0000000 0
3457.0000000 0
3455.0000000 0
3453.0000000 0
3451.0000000 0
3449.0000000 0
3447.0000000 0
3445.0000000 0
3443.0000000 0
3441.0000000 0
3439.0000000 0
3437.0000000 0
3435.0000000 0
3433.0000000 0
3431.0000000 0
3429.0000000 0
3427.0000000 0
3425.0000000 0
3423.0000000 0
3421.0000000 0
3419.0000000 0
3417.0000000 0
3415.0000000 0
3413.0000000 0
3411.0000000 0
3409.0000000 0
3407.0000000 0
3405.0000000 0
3403.0000000 0
3401.0000000 0
3399.0000000 0
3397.0000000 0
3395.0000000 0
3393.0000000 0
3391.0000000 0
3389.0000000 0
3387.0000000 0
3385.0000000 0
3383.0000000 0
3381.0000000 0
3379.0000000 0
3377.0000000 0
3375.0000000 0
3373.0000000 0
3371.0000000 0
3369.0000000 0
3367.0000000 0
3365.0000000 0
3363.0000000 0
3361.0000000 0
3359.0000000 0
3357.0000000 0
3355.0000000 0
3353.0000000 0
3351.0000000 0
3349.0000000 0
3347.0000000 0
3345.0000000 0
3343.0000000 0
3341.0000000 0
3339.0000000 0
3337.0000000 0
3335.0000000 0
3333.0000000 0
3331.0000000 0
3329.0000000 0
3327.0000000 0
3325.0000000 0
3323.0000000 0
3321.0000000 0
3319.0000000 0
3317.0000000 0
3315.0000000 0
3313.0000000 0
3311.0000000 0
3309.0000000 0
3307.0000000 0
3305.0000000 0
3303.0000000 0
3301.0000000 0
3299.0000000 0
3297.0000000 0
3295.0000000 0
3293.0000000 0
3291.0000000 0
3289.0000000 0
3287.0000000 0
3285.0000000 0
3283.0000000 0
3281.0000000 0
3279.0000000 0
3277.0000000 0
3275.0000000 0
3273.0000000 0
3271.0000000 0
3269.0000000 0
3267.0000000 0
3265.0000000 0
3263.0000000 0
3261.0000000 0
3259.0000000 0
3257.0000000 0
3255.0000000 0
3253.0000000 0
3251.0000000 0
3249.0000000 0
3247.0000000 0
3245.0000000 0
3243.0000000 0
3241.0000000 0
3239.0000000 0
3237.0000000 0
3235.0000000 0
3233.0000000 0
3231.0000000 0
3229.0000000 0
3227.0000000 0
3225.0000000 0
3223.0000000 0
3221.0000000 0
3219.0000000 0
3217.0000000 0
3215.0000000 0
3213.0000000 0
3211.0000000 0
3209.0000000 0
3207.0000000 0
3205.0000000 0
3203.0000000 0
3201.0000000 0
3199.0000000 0
3197.0000000 0
3195.0000000 0
3193.0000000 0
3191.0000000 0
3189.0000000 0
3187.0000000 0
3185.0000000 0
3183.0000000 0
3181.0000000 0
3179.0000000 0
3177.0000000 0
3175.0000000 0
3173.0000000 0
3171.0000000 0
3169.0000000 0
3167.0000000 0
3165.0000000 0
3163.0000000 0
3161.0000000 0
3159.0000000 0
3157.0000000 0
3155.0000000 0
3153.0000000 0
3151.0000000 0
3149.0000000 0
3147.0000000 0
3145.0000000 0
3143.0000000 0
3141.0000000 0
3139.0000000 0
3137.0000000 0
3135.0000000 0
3133.0000000 0
3131.0000000 0
3129.0000000 0
3127.0000000 0
3125.0000000 0
3123.0000000 0
3121.0000000 0
3119.0000000 0
3117.0000000 0
3115.0000000 0
3113.0000000 0
3111.0000000 0
3109.0000000 0
3107.0000000 0
3105.0000000 0
3103.0000000 0
3101.0000000 0
3099.0000000 0
3097.0000000 0
3095.0000000 0
3093.0000000 0
3091.0000000 0
3089.0000000 0
3087.0000000 0
3085.0000000 0
3083.0000000 0
3081.0000000 0
3079.0000000 0
3077.0000000 0
3075.0000000 0
3073.0000000 0
3071.0000000 0
3069.0000000 0
3067.0000000 0
3065.0000000 0
3063.0000000 0
3061.0000000 0
3059.0000000 0
3057.0000000 0
3055.0000000 0
3053.0000000 0
3051.0000000 0
3049.0000000 0
3047.0000000 0
3045.0000000 0
3043.0000000 0
3041.0000000 0
3039.0000000 0
3037.0000000 0
3035.0000000 0
3033.0000000 0
3031.0000000 0
3029.0000000 0
3027.0000000 0
3025.0000000 0
3023.0000000 0
3021.0000000 0
3019.0000000 0
3017.0000000 0
3015.0000000 0
3013.0000000 0
3011.0000000 0
3009.0000000 0
3007.0000000 0
3005.0000000 0
3003.0000000 0
3001.0000000 0
2999.0000000 0
2997.0000000 0
2995.0000000 0
2993.0000000 0
2991.0000000 0
2989.0000000 0
2987.0000000 0
2985.0000000 0
2983.0000000 0
2981.0000000 0
2979.0000000 0
2977.0000000 0
2975.0000000 0
2973.0000000 0
2971.0000000 0
2969.0000000 0
2967.0000000 0
2965.0000000 0
2963.0000000 0
2961.0000000 0
2959.0000000 0
2957.0000000 0
2955.0000000 0
2953.0000000 0
2951.0000000 0
2949.0000000 0
2947.0000000 0
2945.0000000 0
2943.0000000 0
2941.0000000 0
2939.0000000 0
2937.0000000 0
2935.0000000 0
2933.0000000 0
2931.0000000 0
2929.0000000 0
2927.0000000 0
2925.0000000 0
2923.0000000 0
2921.0000000 0
2919.0000000 0
2917.0000000 0
2915.0000000 0
2913.0000000 0
2911.0000000 0
2909.0000000 0
2907.0000000 0
2905.0000000 0
2903.0000000 0
2901.0000000 0
2899.0000000 0
2897.0000000 0
2895.0000000 0
2893.0000000 0
2891.0000000 0
2889.0000000 0
2887.0000000 0
2885.0000000 0
2883.0000000 0
2881.0000000 0
2879.0000000 0
2877.0000000 0
2875.0000000 0
2873.0000000 0
2871.0000000 0
2869.0000000 0
2867.0000000 0
2865.0000000 0
2863.0000000 0
2861.0000000 0
2859.0000000 0
2857.0000000 0
2855.0000000 0
2853.0000000 0
2851.0000000 0
2849.0000000 0
2847.0000000 0
2845.0000000 0
2843.0000000 0
2841.0000000 0
2839.0000000 0
2837.0000000 0
2835.0000000 0
2833.0000000 0
2831.0000000 0
2829.0000000 0
2827.0000000 0
2825.0000000 0
2823.0000000 0
2821.0000000 0
2819.0000000 0
2817.0000000 0
2815.0000000 0
2813.0000000 0
2811.0000000 0
2809.0000000 0
2807.0000000 0
2805.0000000 0
2803.0000000 0
2801.0000000 0
2799.0000000 0
2797.0000000 0
2795.0000000 0
2793.0000000 0
2791.0000000 0
2789.0000000 0
2787.0000000 0
2785.0000000 0
2783.0000000 0
2781.0000000 0
2779.0000000 0
2777.0000000 0
2775.0000000 0
2773.0000000 0
2771.0000000 0
2769.0000000 0
2767.0000000 0
2765.0000000 0
2763.0000000 0
2761.0000000 0
2759.0000000 0
2757.0000000 0
2755.0000000 0
2753.0000000 0
2751.0000000 0
2749.0000000 0
2747.0000000 0
2745.0000000 0
2743.0000000 0
2741.0000000 0
2739.0000000 0
2737.0000000 0
2735.0000000 0
2733.0000000 0
2731.0000000 0
2729.0000000 0
2727.0000000 0
2725.0000000 0
2723.0000000 0
2721.0000000 0
2719.0000000 0
2717.0000000 0
2715.0000000 0
2713.0000000 0
2711.0000000 0
2709.0000000 0
2707.0000000 0
2705.0000000 0
2703.0000000 0
2701.0000000 0
2699.0000000 0
2697.0000000 0
2695.0000000 0
2693.0000000 0
2691.0000000 0
2689.0000000 0
2687.0000000 0
2685.0000000 0
2683.0000000 0
2681.0000000 0
2679.0000000 0
2677.0000000 0
2675.0000000 0
2673.0000000 0
2671.0000000 0
2669.0000000 0
2667.0000000 0
2665.0000000 0
2663.0000000 0
2661.0000000 0
2659.0000000 0
2657.0000000 0
2655.0000000 0
2653.0000000 0
2651.0000000 0
2649.0000000 0
2647.0000000 0
2645.0000000 0
2643.0000000 0
2641.0000000 0
2639.0000000 0
2637.0000000 0
2635.0000000 0
2633.0000000 0
2631.0000000 0
2629.0000000 0
2627.0000000 0
2625.0000000 0
2623.0000000 0
2621.0000000 0
2619.0000000 0
2617.0000000 0
2615.0000000 0
2613.0000000 0
2611.0000000 0
2609.0000000 0
2607.0000000 0
2605.0000000 0
2603.0000000 0
2601.0000000 0
2599.0000000 0
2597.0000000 0
2595.0000000 0
2593.0000000 0
2591.0000000 0
2589.0000000 0
2587.0000000 0
2585.0000000 0
2583.0000000 0
2581.0000000 0
2579.0000000 0
2577.0000000 0
2575.0000000 0
2573.0000000 0
2571.0000000 0
2569.0000000 0
2567.0000000 0
2565.0000000 0
2563.0000000 0
2561.0000000 0
2559.0000000 0
2557.0000000 0
2555.0000000 0
2553.0000000 0
2551.0000000 0
2549.0000000 0
2547.0000000 0
2545.0000000 0
2543.0000000 0
2541.0000000 0
2539.0000000 0
2537.0000000 0
2535.0000000 0
2533.0000000 0
2531.0000000 0
2529.0000000 0
2527.0000000 0
2525.0000000 0
2523.0000000 0
2521.0000000 0
2519.0000000 0
2517.0000000 0
2515.0000000 0
2513.0000000 0
2511.0000000 0
2509.0000000 0
2507.0000000 0
2505.0000000 0
2503.0000000 0
2501.0000000 0
2499.0000000 0
2497.0000000 0
2495.0000000 0
2493.0000000 0
2491.0000000 0
2489.0000000 0
2487.0000000 0
2485.0000000 0
2483.0000000 0
2481.0000000 0
2479.0000000 0
2477.0000000 0
2475.0000000 0
2473.0000000 0
2471.0000000 0
2469.0000000 0
2467.0000000 0
2465.0000000 0
2463.0000000 0
2461.0000000 0
2459.0000000 0
2457.0000000 0
2455.0000000 0
2453.0000000 0
2451.0000000 0
2449.0000000 0
2447.0000000 0
2445.0000000 0
2443.0000000 0
2441.0000000 0
2439.0000000 0
2437.0000000 0
2435.0000000 0
2433.0000000 0
2431.0000000 0
2429.0000000 0
2427.0000000 0
2425.0000000 0
2423.0000000 0
2421.0000000 0
2419.0000000 0
2417.0000000 0
2415.0000000 0
2413.0000000 0
2411.0000000 0
2409.0000000 0
2407.0000000 0
2405.0000000 0
2403.0000000 0
2401.0000000 0
2399.0000000 0
2397.0000000 0
2395.0000000 0
2393.0000000 0
2391.0000000 0
2389.0000000 0
2387.0000000 0
2385.0000000 0
2383.0000000 0
2381.0000000 0
2379.0000000 0
2377.0000000 0
2375.0000000 0
2373.0000000 0
2371.0000000 0
2369.0000000 0
2367.0000000 0
2365.0000000 0
2363.0000000 0
2361.0000000 0
2359.0000000 0
2357.0000000 0
2355.0000000 0
2353.0000000 0
2351.0000000 0
2349.0000000 0
2347.0000000 0
2345.0000000 0
2343.0000000 0
2341.0000000 0
2339.0000000 0
2337.0000000 0
2335.0000000 0
2333.0000000 0
2331.0000000 0
2329.0000000 0
2327.0000000 0
2325.0000000 0
2323.0000000 0
2321.0000000 0
2319.0000000 0
2317.0000000 0
2315.0000000 0
2313.0000000 0
2311.0000000 0
2309.0000000 0
2307.0000000 0
2305.0000000 0
2303.0000000 0
2301.0000000 0
2299.0000000 0
2297.0000000 0
2295.0000000 0
2293.0000000 0
2291.0000000 0
2289.0000000 0
2287.0000000 0
2285.0000000 0
2283.0000000 0
2281.0000000 0
2279.0000000 0
2277.0000000 0
2275.0000000 0
2273.0000000 0
2271.0000000 0
2269.0000000 0
2267.0000000 0
2265.0000000 0
2263.0000000 0
2261.0000000 0
2259.0000000 0
2257.0000000 0
2255.0000000 0
2253.0000000 0
2251.0000000 0
2249.0000000 0
2247.0000000 0
2245.0000000 0
2243.0000000 0
2241.0000000 0
2239.0000000 0
2237.0000000 0
2235.0000000 0
2233.0000000 0
2231.0000000 0
2229.0000000 0
2227.0000000 0
2225.0000000 0
2223.0000000 0
2221.0000000 0
2219.0000000 0
2217.0000000 0
2215.0000000 0
2213.0000000 0
2211.0000000 0
2209.0000000 0
2207.0000000 0
2205.0000000 0
2203.0000000 0
2201.0000000 0
2199.0000000 0
2197.0000000 0
2195.0000000 0
2193.0000000 0
2191.0000000 0
2189.0000000 0
2187.0000000 0
2185.0000000 0
2183.0000000 0
2181.0000000 0
2179.0000000 0
2177.0000000 0
2175.0000000 0
2173.0000000 0
2171.0000000 0
2169.0000000 0
2167.0000000 0
2165.0000000 0
2163.0000000 0
2161.0000000 0
2159.0000000 0
2157.0000000 0
2155.0000000 0
2153.0000000 0
2151.0000000 0
2149.0000000 0
2147.0000000 0
2145.0000000 0
2143.0000000 0
2141.0000000 0
2139.0000000 0
2137.0000000 0
2135.0000000 0
2133.0000000 0
2131.0000000 0
2129.0000000 0
2127.0000000 0
2125.0000000 0
2123.0000000 0
2121.0000000 0
2119.0000000 0
2117.0000000 0
2115.0000000 0
2113.0000000 0
2111.0000000 0
2109.0000000 0
2107.0000000 0
2105.0000000 0
2103.0000000 0
2101.0000000 0
2099.0000000 0
2097.0000000 0
2095.0000000 0
2093.0000000 0
2091.0000000 0
2089.0000000 0
2087.0000000 0
2085.0000000 0
2083.0000000 0
2081.0000000 0
2079.0000000 0
2077.0000000 0
2075.0000000 0
2073.0000000 0
2071.0000000 0
2069.0000000 0
2067.0000000 0
2065.0000000 0
2063.0000000 0
2061.0000000 0
2059.0000000 0
2057.0000000 0
2055.0000000 0
2053.0000000 0
2051.0000000 0
2049.0000000 0
2047.0000000 0
2045.0000000 0
2043.0000000 0
2041.0000000 0
2039.0000000 0
2037.0000000 0
2035.0000000 0
2033.0000000 0
2031.0000000 0
2029.0000000 0
2027.0000000 0
2025.0000000 0
2023.0000000 0
2021.0000000 0
2019.0000000 0
2017.0000000 0
2015.0000000 0
2013.0000000 0
2011.0000000 0
2009.0000000 0
2007.0000000 0
2005.0000000 0
2003.0000000 0
2001.0000000 0
1999.0000000 0
1997.0000000 0
1995.0000000 0
1993.0000000 0
1991.0000000 0
1989.0000000 0
1987.0000000 0
1985.0000000 0
1983.0000000 0
1981.0000000 0
1979.0000000 0
1977.0000000 0
1975.0000000 0
1973.0000000 0
1971.0000000 0
1969.0000000 0
1967.0000000 0
1965.0000000 0
1963.0000000 0
1961.0000000 0
1959.0000000 0
1957.0000000 0
1955.0000000 0
1953.0000000 0
1951.0000000 0
1949.0000000 0
1947.0000000 0
1945.0000000 0
1943.0000000 0
1941.0000000 0
1939.0000000 0
1937.0000000 0
1935.0000000 0
1933.0000000 0
1931.0000000 0
1929.0000000 0
1927.0000000 0
1925.0000000 0
1923.0000000 0
1921.0000000 0
1919.0000000 0
1917.0000000 0
1915.0000000 0
1913.0000000 0
1911.0000000 0
1909.0000000 0
1907.0000000 0
1905.0000000 0
1903.0000000 0
1901.0000000 0
1899.0000000 0
1897.0000000 0
1895.0000000 0
1893.0000000 0
1891.0000000 0
1889.0000000 0
1887.0000000 0
1885.0000000 0
1883.0000000 0
1881.0000000 0
1879.0000000 0
1877.0000000 0
1875.0000000 0
1873.0000000 0
1871.0000000 0
1869.0000000 0
1867.0000000 0
1865.0000000 0
1863.0000000 0
1861.0000000 0
1859.0000000 0
1857.0000000 0
1855.0000000 0
1853.0000000 0
1851.0000000 0
1849.0000000 0
1847.0000000 0
1845.0000000 0
1843.0000000 0
1841.0000000 0
1839.0000000 0
1837.0000000 0
1835.0000000 0
1833.0000000 0
1831.0000000 0
1829.0000000 0
1827.0000000 0
1825.0000000 0
1823.0000000 0
1821.0000000 0
1819.0000000 0
1817.0000000 0
1815.0000000 0
1813.0000000 0
1811.0000000 0
1809.0000000 0
1807.0000000 0
1805.0000000 0
1803.0000000 0
1801.0000000 0
1799.0000000 0
1797.0000000 0
1795.0000000 0
1793.0000000 0
1791.0000000 0
1789.0000000 0
1787.0000000 0
1785.0000000 0
1783.0000000 0
1781.0000000 0
1779.0000000 0
1777.0000000 0
1775.0000000 0
1773.0000000 0
1771.0000000 0
1769.0000000 0
1767.0000000 0
1765.0000000 0
1763.0000000 0
1761.0000000 0
1759.0000000 0
1757.0000000 0
1755.0000000 0
1753.0000000 0
1751.0000000 0
1749.0000000 0
1747.0000000 0
1745.0000000 0
1743.0000000 0
1741.0000000 0
1739.0000000 0
1737.0000000 0
1735.0000000 0
1733.0000000 0
1731.0000000 0
1729.0000000 0
1727.0000000 0
1725.0000000 0
1723.0000000 0
1721.0000000 0
1719.0000000 0
1717.0000000 0
1715.0000000 0
1713.0000000 0
1711.0000000 0
1709.0000000 0
1707.0000000 0
1705.0000000 0
1703.0000000 0
1701.0000000 0
1699.0000000 0
1697.0000000 0
1695.0000000 0
1693.0000000 0
1691.0000000 0
1689.0000000 0
1687.0000000 0
1685.0000000 0
1683.0000000 0
1681.0000000 0
1679.0000000 0
1677.0000000 0
1675.0000000 0
1673.0000000 0
1671.0000000 0
1669.0000000 0
1667.0000000 0
1665.0000000 0
1663.0000000 0
1661.0000000 0
1659.0000000 0
1657.0000000 0
1655.0000000 0
1653.0000000 0
1651.0000000 0
1649.0000000 0
1647.0000000 0
1645.0000000 0
1643.0000000 0
1641.0000000 0
1639.0000000 0
1637.0000000 0
1635.0000000 0
1633.0000000 0
1631.0000000 0
1629.0000000 0
1627.0000000 0
1625.0000000 0
1623.0000000 0
1621.0000000 0
1619.0000000 0
1617.0000000 0
1615.0000000 0
1613.0000000 0
1611.0000000 0
1609.0000000 0
1607.0000000 0
1605.0000000 0
1603.0000000 0
1601.0000000 0
1599.0000000 0
1597.0000000 0
1595.0000000 0
1593.0000000 0
1591.0000000 0
1589.0000000 0
1587.0000000 0
1585.0000000 0
1583.0000000 0
1581.0000000 0
1579.0000000 0
1577.0000000 0
1575.0000000 0
1573.0000000 0
1571.0000000 0
1569.0000000 0
1567.0000000 0
1565.0000000 0
1563.0000000 0
1561.0000000 0
1559.0000000 0
1557.0000000 0
1555.0000000 0
1553.0000000 0
1551.0000000 0
1549.0000000 0
1547.0000000 0
1545.0000000 0
1543.0000000 0
1541.0000000 0
1539.0000000 0
1537.0000000 0
1535.0000000 0
1533.0000000 0
1531.0000000 0
1529.0000000 0
1527.0000000 0
1525.0000000 0
1523.0000000 0
1521.0000000 0
1519.0000000 0
1517.0000000 0
1515.0000000 0
1513.0000000 0
1511.0000000 0
1509.0000000 0
1507.0000000 0
1505.0000000 0
1503.0000000 0
1501.0000000 0
1499.0000000 0
1497.0000000 0
1495.0000000 0
1493.0000000 0
1491.0000000 0
1489.0000000 0
1487.0000000 0
1485.0000000 0
1483.0000000 0
1481.0000000 0
1479.0000000 0
1477.0000000 0
1475.0000000 0
1473.0000000 0
1471.0000000 0
1469.0000000 0
1467.0000000 0
1465.0000000 0
1463.0000000 0
1461.0000000 0
1459.0000000 0
1457.0000000 0
1455.0000000 0
1453.0000000 0
1451.0000000 0
1449.0000000 0
1447.0000000 0
1445.0000000 0
1443.0000000 0
1441.0000000 0
1439.0000000 0
1437.0000000 0
1435.0000000 0
1433.0000000 0
1431.0000000 0
1429.0000000 0
1427.0000000 0
1425.0000000 0
1423.0000000 0
1421.0000000 0
1419.0000000 0
1417.0000000 0
1415.0000000 0
1413.0000000 0
1411.0000000 0
1409.0000000 0
1407.0000000 0
1405.0000000 0
1403.0000000 0
1401.0000000 0
1399.0000000 0
1397.0000000 0
1395.0000000 0
1393.0000000 0
1391.0000000 0
1389.0000000 0
1387.0000000 0
1385.0000000 0
1383.0000000 0
1381.0000000 0
1379.0000000 0
1377.0000000 0
1375.0000000 0
1373.0000000 0
1371.0000000 0
1369.0000000 0
1367.0000000 0
1365.0000000 0
1363.0000000 0
1361.0000000 0
1359.0000000 0
1357.0000000 0
1355.0000000 0
1353.0000000 0
1351.0000000 0
1349.0000000 0
1347.0000000 0
1345.0000000 0
1343.0000000 0
1341.0000000 0
1339.0000000 0
1337.0000000 0
1335.0000000 0
1333.0000000 0
1331.0000000 0
1329.0000000 0
1327.0000000 0
1325.0000000 0
1323.0000000 0
1321.0000000 0
1319.0000000 0
1317.0000000 0
1315.0000000 0
1313.0000000 0
1311.0000000 0
1309.0000000 0
1307.0000000 0
1305.0000000 0
1303.0000000 0
1301.0000000 0
1299.0000000 0
1297.0000000 0
1295.0000000 0
1293.0000000 0
1291.0000000 0
1289.0000000 0
1287.0000000 0
1285.0000000 0
1283.0000000 0
1281.0000000 0
1279.0000000 0
1277.0000000 0
1275.0000000 0
1273.0000000 0
1271.0000000 0
1269.0000000 0
1267.0000000 0
1265.0000000 0
1263.0000000 0
1261.0000000 0
1259.0000000 0
1257.0000000 0
1255.0000000 0
1253.0000000 0
1251.0000000 0
1249.0000000 0
1247.0000000 0
1245.0000000 0
1243.0000000 0
1241.0000000 0
1239.0000000 0
1237.0000000 0
1235.0000000 0
1233.0000000 0
1231.0000000 0
1229.0000000 0
1227.0000000 0
1225.0000000 0
1223.0000000 0
1221.0000000 3.50445
1219.0000000 3.50498
1217.0000000 3.50551
1215.0000000 3.50605
1213.0000000 3.50658
1211.0000000 3.50711
1209.0000000 3.50764
1207.0000000 3.50817
1205.0000000 3.5087
1203.0000000 3.50923
1201.0000000 3.50975
1199.0000000 3.51028
1197.0000000 3.5108
1195.0000000 3.51133
1193.0000000 3.51185
1191.0000000 3.51237
1189.0000000 3.5129
1187.0000000 3.51342
1185.0000000 3.51394
1183.0000000 3.51445
1181.0000000 3.51497
1179.0000000 3.51549
1177.0000000 3.51601
1175.0000000 3.51652
1173.0000000 3.51704
1171.0000000 3.51755
1169.0000000 3.51806
1167.0000000 3.51857
1165.0000000 3.51909
1163.0000000 3.5196
1161.0000000 3.52011
1159.0000000 3.52061
1157.0000000 3.52112
1155.0000000 3.52163
1153.0000000 3.52213
1151.0000000 3.52264
1149.0000000 3.52314
1147.0000000 3.52365
1145.0000000 3.52415
1143.0000000 3.52465
1141.0000000 3.52515
1139.0000000 3.52565
1137.0000000 3.52615
1135.0000000 3.52665
1133.0000000 3.52714
1131.0000000 3.52764
1129.0000000 3.52813
1127.0000000 3.52863
1125.0000000 3.52912
1123.0000000 3.52962
1121.0000000 3.53011
1119.0000000 3.5306
1117.0000000 3.53109
1115.0000000 3.53158
1113.0000000 3.53207
1111.0000000 3.53255
1109.0000000 3.53304
1107.0000000 3.53352
1105.0000000 3.53401
1103.0000000 3.53449
1101.0000000 3.53498
1099.0000000 3.53546
1097.0000000 3.53594
1095.0000000 3.53642
1093.0000000 3.5369
1091.0000000 3.53738
1089.0000000 3.53786
1087.0000000 3.53833
1085.0000000 3.53881
1083.0000000 3.53928
1081.0000000 3.53976
1079.0000000 3.54023
1077.0000000 3.5407
1075.0000000 3.54118
1073.0000000 3.54165
1071.0000000 3.54212
1069.0000000 3.54259
1067.0000000 3.54305
1065.0000000 3.54352
1063.0000000 3.54399
1061.0000000 3.54445
1059.0000000 3.54492
1057.0000000 3.54538
1055.0000000 3.54584
1053.0000000 3.54631
1051.0000000 3.54677
1049.0000000 3.54723
1047.0000000 3.54769
1045.0000000 3.54814
1043.0000000 3.5486
1041.0000000 3.54906
1039.0000000 3.54951
1037.0000000 3.54997
1035.0000000 3.55042
1033.0000000 3.55088
1031.0000000 3.55133
1029.0000000 3.55178
1027.0000000 3.55223
1025.0000000 3.55268
1023.0000000 3.55313
1021.0000000 3.55358
1019.0000000 3.55402
1017.0000000 3.55447
1015.0000000 3.55492
1013.0000000 3.55536
1011.0000000 3.5558
1009.0000000 3.55625
1007.0000000 3.55669
1005.0000000 3.55713
1003.0000000 3.55757
1001.0000000 3.55801
999.0000000 3.55845
997.0000000 3.55888
995.0000000 3.55932
993.0000000 3.55976
991.0000000 3.56019
989.0000000 3.56063
987.0000000 3.56106
985.0000000 3.56149
983.0000000 3.56192
981.0000000 3.56235
979.0000000 3.56278
977.0000000 3.56321
975.0000000 3.56364
973.0000000 3.56406
971.0000000 3.56449
969.0000000 3.56492
967.0000000 3.56534
965.0000000 3.56576
963.0000000 3.56619
961.0000000 3.56661
959.0000000 3.56703
957.0000000 3.56745
955.0000000 3.56787
953.0000000 3.56829
951.0000000 3.5687
949.0000000 3.56912
947.0000000 3.56953
945.0000000 3.56995
943.0000000 3.57036
941.0000000 3.57078
939.0000000 3.57119
937.0000000 3.5716
935.0000000 3.57201
933.0000000 3.57242
931.0000000 3.57283
929.0000000 3.57323
927.0000000 3.57364
925.0000000 3.57405
923.0000000 3.57445
921.0000000 3.57486
919.0000000 3.57526
917.0000000 3.57566
915.0000000 3.57606
913.0000000 3.57646
911.0000000 3.57686
909.0000000 3.57726
907.0000000 3.57766
905.0000000 3.57806
903.0000000 3.57845
901.0000000 3.57885
899.0000000 3.57924
897.0000000 3.57964
895.0000000 3.58003
893.0000000 3.58042
891.0000000 3.58081
889.0000000 3.5812
887.0000000 3.58159
885.0000000 3.58198
883.0000000 3.58237
881.0000000 3.58275
879.0000000 3.58314
877.0000000 3.58352
875.0000000 3.58391
873.0000000 3.58429
871.0000000 3.58467
869.0000000 3.58506
867.0000000 3.58544
865.0000000 3.58582
863.0000000 3.58619
861.0000000 3.58657
859.0000000 3.58695
857.0000000 3.58732
855.0000000 3.5877
853.0000000 3.58807
851.0000000 3.58845
849.0000000 3.58882
847.0000000 3.58919
845.0000000 3.58956
843.0000000 3.58993
841.0000000 3.5903
839.0000000 3.59067
837.0000000 3.59104
835.0000000 3.5914
833.0000000 3.59177
831.0000000 3.59213
829.0000000 3.5925
827.0000000 3.59286
825.0000000 3.59322
823.0000000 3.59358
821.0000000 3.59394
819.0000000 3.5943
817.0000000 3.59466
815.0000000 3.59502
813.0000000 3.59538
811.0000000 3.59573
809.0000000 3.59609
807.0000000 3.59644
805.0000000 3.59679
803.0000000 3.59715
801.0000000 3.5975
799.0000000 3.59785
797.0000000 3.5982
795.0000000 3.59855
793.0000000 3.5989
791.0000000 3.59924
789.0000000 3.59959
787.0000000 3.59993
785.0000000 3.60028
783.0000000 3.60062
781.0000000 3.60097
779.0000000 3.60131
777.0000000 3.60165
775.0000000 3.60199
773.0000000 3.60233
771.0000000 3.60267
769.0000000 3.603
767.0000000 3.60334
765.0000000 3.60368
763.0000000 3.60401
761.0000000 3.60434
759.0000000 3.60468
757.0000000 3.60501
755.0000000 3.60534
753.0000000 3.60567
751.0000000 3.606
749.0000000 3.60633
747.0000000 3.60666
745.0000000 3.60698
743.0000000 3.60731
741.0000000 3.60764
739.0000000 3.60796
737.0000000 3.60828
735.0000000 3.60861
733.0000000 3.60893
731.0000000 3.60925
729.0000000 3.60957
727.0000000 3.60989
725.0000000 3.61021
723.0000000 3.61052
721.0000000 3.61084
719.0000000 3.61116
717.0000000 3.61147
715.0000000 3.61178
713.0000000 3.6121
711.0000000 3.61241
709.0000000 3.61272
707.0000000 3.61303
705.0000000 3.61334
703.0000000 3.61365
701.0000000 3.61396
699.0000000 3.61426
697.0000000 3.61457
695.0000000 3.61487
693.0000000 3.61518
691.0000000 3.61548
689.0000000 3.61578
687.0000000 3.61609
685.0000000 3.61639
683.0000000 3.61669
681.0000000 3.61698
679.0000000 3.61728
677.0000000 3.61758
675.0000000 3.61788
673.0000000 3.61817
671.0000000 3.61847
669.0000000 3.61876
667.0000000 3.61905
665.0000000 3.61934
663.0000000 3.61964
661.0000000 3.61993
659.0000000 3.62021
657.0000000 3.6205
655.0000000 3.62079
653.0000000 3.62108
651.0000000 3.62136
649.0000000 3.62165
647.0000000 3.62193
645.0000000 3.62222
643.0000000 3.6225
641.0000000 3.62278
639.0000000 3.62306
637.0000000 3.62334
635.0000000 3.62362
633.0000000 3.6239
631.0000000 3.62417
629.0000000 3.62445
627.0000000 3.62472
625.0000000 3.625
623.0000000 3.62527
621.0000000 3.62554
619.0000000 3.62582
617.0000000 3.62609
615.0000000 3.62636
613.0000000 3.62663
611.0000000 3.62689
609.0000000 3.62716
607.0000000 3.62743
605.0000000 3.62769
603.0000000 3.62796
601.0000000 3.62822
599.0000000 3.62849
597.0000000 3.62875
595.0000000 3.62901
593.0000000 3.62927
591.0000000 3.62953
589.0000000 3.62979
587.0000000 3.63004
585.0000000 3.6303
583.0000000 3.63056
581.0000000 3.63081
579.0000000 3.63107
577.0000000 3.63132
575.0000000 3.63157
573.0000000 3.63182
571.0000000 3.63207
569.0000000 3.63232
567.0000000 3.63257
565.0000000 3.63282
563.0000000 3.63307
561.0000000 3.63332
559.0000000 3.63356
557.0000000 3.63381
555.0000000 3.63405
553.0000000 3.63429
551.0000000 3.63453
549.0000000 3.63477
547.0000000 3.63501
545.0000000 3.63525
543.0000000 3.63549
541.0000000 3.63573
539.0000000 3.63597
537.0000000 3.6362
535.0000000 3.63644
533.0000000 3.63667
531.0000000 3.6369
529.0000000 3.63714
527.0000000 3.63737
525.0000000 3.6376
523.0000000 3.63783
521.0000000 3.63806
519.0000000 3.63829
517.0000000 3.63851
515.0000000 3.63874
513.0000000 3.63896
511.0000000 3.63919
509.0000000 3.63941
507.0000000 3.63963
505.0000000 3.63986
503.0000000 3.64008
501.0000000 3.6403
499.0000000 3.64052
497.0000000 3.64073
495.0000000 3.64095
493.0000000 3.64117
491.0000000 3.64138
489.0000000 3.6416
487.0000000 3.64181
485.0000000 3.64203
483.0000000 3.64224
481.0000000 3.64245
479.0000000 3.64266
477.0000000 3.64287
475.0000000 3.64308
473.0000000 3.64329
471.0000000 3.64349
469.0000000 3.6437
467.0000000 3.6439
465.0000000 3.64411
463.0000000 3.64431
461.0000000 3.64451
459.0000000 3.64472
457.0000000 3.64492
455.0000000 3.64512
453.0000000 3.64531
451.0000000 3.64551
449.0000000 3.64571
447.0000000 3.64591
445.0000000 3.6461
443.0000000 3.6463
441.0000000 3.64649
439.0000000 3.64668
437.0000000 3.64688
435.0000000 3.64707
433.0000000 3.64726
431.0000000 3.64745
429.0000000 3.64763
427.0000000 3.64782
425.0000000 3.64801
423.0000000 3.64819
421.0000000 3.64838
419.0000000 3.64856
417.0000000 3.64875
415.0000000 3.64893
413.0000000 3.64911
411.0000000 3.64929
409.0000000 3.64947
407.0000000 3.64965
405.0000000 3.64983
403.0000000 3.65
401.0000000 3.65018
399.0000000 3.65036
397.0000000 3.65053
395.0000000 3.6507
393.0000000 3.65088
391.0000000 3.65105
389.0000000 3.65122
387.0000000 3.65139
385.0000000 3.65156
383.0000000 3.65173
381.0000000 3.65189
379.0000000 3.65206
377.0000000 3.65223
375.0000000 3.65239
373.0000000 3.65256
371.0000000 3.65272
369.0000000 3.65288
367.0000000 3.65304
365.0000000 3.6532
363.0000000 3.65336
361.0000000 3.65352
359.0000000 3.65368
357.0000000 3.65384
355.0000000 3.65399
353.0000000 3.65415
351.0000000 3.6543
349.0000000 3.65445
347.0000000 3.65461
345.0000000 3.65476
343.0000000 3.65491
341.0000000 3.65506
339.0000000 3.65521
337.0000000 3.65536
335.0000000 3.6555
333.0000000 3.65565
331.0000000 3.6558
329.0000000 3.65594
327.0000000 3.65608
325.0000000 3.65623
323.0000000 3.65637
321.0000000 3.65651
319.0000000 3.65665
317.0000000 3.65679
315.0000000 3.65693
313.0000000 3.65707
311.0000000 3.6572
309.0000000 3.65734
307.0000000 3.65747
305.0000000 3.65761
303.0000000 3.65774
301.0000000 3.65787
299.0000000 3.658
297.0000000 3.65813
295.0000000 3.65826
293.0000000 3.65839
291.0000000 3.65852
289.0000000 3.65865
287.0000000 3.65877
285.0000000 3.6589
283.0000000 3.65902
281.0000000 3.65915
279.0000000 3.65927
277.0000000 3.65939
275.0000000 3.65951
273.0000000 3.65963
271.0000000 3.65975
269.0000000 3.65987
267.0000000 3.65999
265.0000000 3.66011
263.0000000 3.66022
261.0000000 3.66034
259.0000000 3.66045
257.0000000 3.66056
255.0000000 3.66068
253.0000000 3.66079
251.0000000 3.6609
249.0000000 3.66101
247.0000000 3.66112
245.0000000 3.66122
243.0000000 3.66133
241.0000000 3.66144
239.0000000 3.66154
237.0000000 3.66165
235.0000000 3.66175
233.0000000 3.66185
231.0000000 3.66195
229.0000000 3.66205
227.0000000 3.66215
225.0000000 3.66225
223.0000000 3.66235
221.0000000 3.66245
219.0000000 3.66254
217.0000000 3.66264
215.0000000 3.66274
213.0000000 3.66283
211.0000000 3.66292
209.0000000 3.66301
207.0000000 3.6631
205.0000000 3.6632
203.0000000 3.66328
201.0000000 3.66337
199.0000000 3.66346
197.0000000 3.66355
195.0000000 3.66363
193.0000000 3.66372
191.0000000 3.6638
189.0000000 3.66389
187.0000000 3.66397
185.0000000 3.66405
183.0000000 3.66413
181.0000000 3.66421
179.0000000 3.66429
177.0000000 3.66437
175.0000000 3.66444
173.0000000 3.66452
171.0000000 3.6646
169.0000000 3.66467
167.0000000 3.66474
165.0000000 3.66482
163.0000000 3.66489
161.0000000 3.66496
159.0000000 3.66503
157.0000000 3.6651
155.0000000 3.66517
153.0000000 3.66524
151.0000000 3.6653
149.0000000 3.66537
147.0000000 3.66543
145.0000000 3.6655
143.0000000 3.66556
141.0000000 3.66562
139.0000000 3.66568
137.0000000 3.66574
135.0000000 3.6658
133.0000000 3.66586
131.0000000 3.66592
129.0000000 3.66598
127.0000000 3.66603
125.0000000 3.66609
123.0000000 3.66614
121.0000000 3.6662
119.0000000 3.66625
117.0000000 3.6663
115.0000000 3.66635
113.0000000 3.6664
111.0000000 3.66645
109.0000000 3.6665
107.0000000 3.66655
105.0000000 3.66659
103.0000000 3.66664
101.0000000 3.66668
99.0000000 3.66673
97.0000000 3.66677
95.0000000 3.66681
93.0000000 3.66685
91.0000000 3.66689
89.0000000 3.66693
87.0000000 3.66697
85.0000000 3.66701
83.0000000 3.66705
81.0000000 3.66708
79.0000000 3.66712
77.0000000 3.66715
75.0000000 3.66718
73.0000000 3.66722
71.0000000 3.66725
69.0000000 3.66728
67.0000000 3.66731
65.0000000 3.66734
63.0000000 3.66737
61.0000000 3.66739
59.0000000 3.66742
57.0000000 3.66744
55.0000000 3.66747
53.0000000 3.66749
51.0000000 3.66752
49.0000000 3.66754
47.0000000 3.66756
45.0000000 3.66758
43.0000000 3.6676
41.0000000 3.66762
39.0000000 3.66763
37.0000000 3.66765
35.0000000 3.66767
33.0000000 3.66768
31.0000000 3.66769
29.0000000 3.66771
27.0000000 3.66772
25.0000000 3.66773
23.0000000 3.66774
21.0000000 3.66775
19.0000000 3.66776
17.0000000 3.66777
15.0000000 3.66778
13.0000000 3.66778
11.0000000 3.66779
9.0000000 3.66779
7.0000000 3.66779
5.0000000 3.6678
3.0000000 3.6678
1.0000000 3.6678
