6371.0000000 5.8
6369.0000000 5.8
6367.0000000 5.8
6365.0000000 5.8
6363.0000000 5.8
6361.0000000 5.8
6359.0000000 5.8
6357.0000000 5.8
6355.0000000 6.8
6353.0000000 6.8
6351.0000000 6.8
6349.0000000 6.8
6347.0000000 6.8
6345.0000000 8.15565
6343.0000000 8.15404
6341.0000000 8.15243
6339.0000000 8.15082
6337.0000000 8.14921
6335.0000000 8.1476
6333.0000000 8.14599
6331.0000000 8.14438
6329.0000000 8.14278
6327.0000000 8.14117
6325.0000000 8.13956
6323.0000000 8.13795
6321.0000000 8.13634
6319.0000000 8.13473
6317.0000000 8.13312
6315.0000000 8.13151
6313.0000000 8.1299
6311.0000000 8.12829
6309.0000000 8.12668
6307.0000000 8.12507
6305.0000000 8.12346
6303.0000000 8.12185
6301.0000000 8.12024
6299.0000000 8.11863
6297.0000000 8.11702
6295.0000000 8.11541
6293.0000000 8.1138
6291.0000000 8.11219
6289.0000000 8.11058
6287.0000000 8.10897
6285.0000000 8.10736
6283.0000000 8.10575
6281.0000000 8.10414
6279.0000000 8.10253
6277.0000000 8.10092
6275.0000000 8.09931
6273.0000000 8.0977
6271.0000000 8.0961
6269.0000000 8.09449
6267.0000000 8.09288
6265.0000000 8.09127
6263.0000000 8.08966
6261.0000000 8.08805
6259.0000000 8.08644
6257.0000000 8.08483
6255.0000000 8.08322
6253.0000000 8.08161
6251.0000000 8.08
6249.0000000 8.07839
6247.0000000 8.07678
6245.0000000 8.07517
6243.0000000 8.07356
6241.0000000 8.07196
6239.0000000 8.07035
6237.0000000 8.06874
6235.0000000 8.06713
6233.0000000 8.06552
6231.0000000 8.06391
6229.0000000 8.0623
6227.0000000 8.06069
6225.0000000 8.05908
6223.0000000 8.05747
6221.0000000 8.05586
6219.0000000 8.05425
6217.0000000 8.05265
6215.0000000 8.05104
6213.0000000 8.04943
6211.0000000 8.04782
6209.0000000 8.04621
6207.0000000 8.0446
6205.0000000 8.04299
6203.0000000 8.04138
6201.0000000 8.03977
6199.0000000 8.03816
6197.0000000 8.03656
6195.0000000 8.03495
6193.0000000 8.03334
6191.0000000 8.03173
6189.0000000 8.03012
6187.0000000 8.02851
6185.0000000 8.0269
6183.0000000 8.02529
6181.0000000 8.02369
6179.0000000 8.02208
6177.0000000 8.02047
6175.0000000 8.01886
6173.0000000 8.01725
6171.0000000 8.01564
6169.0000000 8.01403
6167.0000000 8.01242
6165.0000000 8.01082
6163.0000000 8.00921
6161.0000000 8.0076
6159.0000000 8.00599
6157.0000000 8.00438
6155.0000000 8.00277
6153.0000000 8.00116
6151.0000000 8.55895
6149.0000000 8.5628
6147.0000000 8.56664
6145.0000000 8.57049
6143.0000000 8.57434
6141.0000000 8.57819
6139.0000000 8.58204
6137.0000000 8.58588
6135.0000000 8.58973
6133.0000000 8.59358
6131.0000000 8.59743
6129.0000000 8.60127
6127.0000000 8.60512
6125.0000000 8.60897
6123.0000000 8.61282
6121.0000000 8.61666
6119.0000000 8.62051
6117.0000000 8.62436
6115.0000000 8.62821
6113.0000000 8.63206
6111.0000000 8.6359
6109.0000000 8.63975
6107.0000000 8.6436
6105.0000000 8.64745
6103.0000000 8.65129
6101.0000000 8.65514
6099.0000000 8.65899
6097.0000000 8.66284
6095.0000000 8.66668
6093.0000000 8.67053
6091.0000000 8.67438
6089.0000000 8.67823
6087.0000000 8.68208
6085.0000000 8.68592
6083.0000000 8.68977
6081.0000000 8.69362
6079.0000000 8.69747
6077.0000000 8.70131
6075.0000000 8.70516
6073.0000000 8.70901
6071.0000000 8.71286
6069.0000000 8.71671
6067.0000000 8.72055
6065.0000000 8.7244
6063.0000000 8.72825
6061.0000000 8.7321
6059.0000000 8.73594
6057.0000000 8.73979
6055.0000000 8.74364
6053.0000000 8.74749
6051.0000000 8.75133
6049.0000000 8.75518
6047.0000000 8.75903
6045.0000000 8.76288
6043.0000000 8.76673
6041.0000000 8.77057
6039.0000000 8.77442
6037.0000000 8.77827
6035.0000000 8.78212
6033.0000000 8.78596
6031.0000000 8.78981
6029.0000000 8.79366
6027.0000000 8.79751
6025.0000000 8.80135
6023.0000000 8.8052
6021.0000000 8.80905
6019.0000000 8.8129
6017.0000000 8.81675
6015.0000000 8.82059
6013.0000000 8.82444
6011.0000000 8.82829
6009.0000000 8.83214
6007.0000000 8.83598
6005.0000000 8.83983
6003.0000000 8.84368
6001.0000000 8.84753
5999.0000000 8.85138
5997.0000000 8.85522
5995.0000000 8.85907
5993.0000000 8.86292
5991.0000000 8.86677
5989.0000000 8.87061
5987.0000000 8.87446
5985.0000000 8.87831
5983.0000000 8.88216
5981.0000000 8.886
5979.0000000 8.88985
5977.0000000 8.8937
5975.0000000 8.89755
5973.0000000 8.9014
5971.0000000 9.13392
5969.0000000 9.14416
5967.0000000 9.15439
5965.0000000 9.16463
5963.0000000 9.17487
5961.0000000 9.18511
5959.0000000 9.19535
5957.0000000 9.20559
5955.0000000 9.21583
5953.0000000 9.22607
5951.0000000 9.23631
5949.0000000 9.24655
5947.0000000 9.25679
5945.0000000 9.26702
5943.0000000 9.27726
5941.0000000 9.2875
5939.0000000 9.29774
5937.0000000 9.30798
5935.0000000 9.31822
5933.0000000 9.32846
5931.0000000 9.3387
5929.0000000 9.34894
5927.0000000 9.35918
5925.0000000 9.36942
5923.0000000 9.37965
5921.0000000 9.38989
5919.0000000 9.40013
5917.0000000 9.41037
5915.0000000 9.42061
5913.0000000 9.43085
5911.0000000 9.44109
5909.0000000 9.45133
5907.0000000 9.46157
5905.0000000 9.47181
5903.0000000 9.48205
5901.0000000 9.49228
5899.0000000 9.50252
5897.0000000 9.51276
5895.0000000 9.523
5893.0000000 9.53324
5891.0000000 9.54348
5889.0000000 9.55372
5887.0000000 9.56396
5885.0000000 9.5742
5883.0000000 9.58444
5881.0000000 9.59468
5879.0000000 9.60491
5877.0000000 9.61515
5875.0000000 9.62539
5873.0000000 9.63563
5871.0000000 9.64587
5869.0000000 9.65611
5867.0000000 9.66635
5865.0000000 9.67659
5863.0000000 9.68683
5861.0000000 9.69707
5859.0000000 9.70731
5857.0000000 9.71754
5855.0000000 9.72778
5853.0000000 9.73802
5851.0000000 9.74826
5849.0000000 9.7585
5847.0000000 9.76874
5845.0000000 9.77898
5843.0000000 9.78922
5841.0000000 9.79946
5839.0000000 9.8097
5837.0000000 9.81994
5835.0000000 9.83017
5833.0000000 9.84041
5831.0000000 9.85065
5829.0000000 9.86089
5827.0000000 9.87113
5825.0000000 9.88137
5823.0000000 9.89161
5821.0000000 9.90185
5819.0000000 9.91209
5817.0000000 9.92233
5815.0000000 9.93257
5813.0000000 9.9428
5811.0000000 9.95304
5809.0000000 9.96328
5807.0000000 9.97352
5805.0000000 9.98376
5803.0000000 9.994
5801.0000000 10.0042
5799.0000000 10.0145
5797.0000000 10.0247
5795.0000000 10.035
5793.0000000 10.0452
5791.0000000 10.0554
5789.0000000 10.0657
5787.0000000 10.0759
5785.0000000 10.0862
5783.0000000 10.0964
5781.0000000 10.1066
5779.0000000 10.1169
5777.0000000 10.1271
5775.0000000 10.1373
5773.0000000 10.1476
5771.0000000 10.1578
5769.0000000 10.1609
5767.0000000 10.164
5765.0000000 10.1671
5763.0000000 10.1702
5761.0000000 10.1732
5759.0000000 10.1763
5757.0000000 10.1794
5755.0000000 10.1825
5753.0000000 10.1856
5751.0000000 10.1887
5749.0000000 10.1918
5747.0000000 10.1949
5745.0000000 10.198
5743.0000000 10.2011
5741.0000000 10.2042
5739.0000000 10.2073
5737.0000000 10.2104
5735.0000000 10.2135
5733.0000000 10.2166
5731.0000000 10.2197
5729.0000000 10.2228
5727.0000000 10.2259
5725.0000000 10.229
5723.0000000 10.2321
5721.0000000 10.2352
5719.0000000 10.2383
5717.0000000 10.2414
5715.0000000 10.2445
5713.0000000 10.2476
5711.0000000 10.2507
5709.0000000 10.2538
5707.0000000 10.2569
5705.0000000 10.26
5703.0000000 10.2631
5701.0000000 10.7513
5699.0000000 10.7575
5697.0000000 10.7638
5695.0000000 10.77
5693.0000000 10.7762
5691.0000000 10.7825
5689.0000000 10.7887
5687.0000000 10.7949
5685.0000000 10.8011
5683.0000000 10.8074
5681.0000000 10.8136
5679.0000000 10.8198
5677.0000000 10.8261
5675.0000000 10.8323
5673.0000000 10.8385
5671.0000000 10.8447
5669.0000000 10.851
5667.0000000 10.8572
5665.0000000 10.8634
5663.0000000 10.8696
5661.0000000 10.8759
5659.0000000 10.8821
5657.0000000 10.8883
5655.0000000 10.8945
5653.0000000 10.9008
5651.0000000 10.907
5649.0000000 10.9132
5647.0000000 10.9194
5645.0000000 10.9257
5643.0000000 10.9319
5641.0000000 10.9381
5639.0000000 10.9443
5637.0000000 10.9505
5635.0000000 10.9568
5633.0000000 10.963
5631.0000000 10.9692
5629.0000000 10.9754
5627.0000000 10.9816
5625.0000000 10.9879
5623.0000000 10.9941
5621.0000000 11.0003
5619.0000000 11.0065
5617.0000000 11.0127
5615.0000000 11.019
5613.0000000 11.0252
5611.0000000 11.0314
5609.0000000 11.0376
5607.0000000 11.0438
5605.0000000 11.0501
5603.0000000 11.0563
5601.0000000 11.0625
5599.0000000 11.0674
5597.0000000 11.0711
5595.0000000 11.0748
5593.0000000 11.0784
5591.0000000 11.0821
5589.0000000 11.0858
5587.0000000 11.0894
5585.0000000 11.0931
5583.0000000 11.0967
5581.0000000 11.1004
5579.0000000 11.104
5577.0000000 11.1076
5575.0000000 11.1113
5573.0000000 11.1149
5571.0000000 11.1185
5569.0000000 11.1221
5567.0000000 11.1258
5565.0000000 11.1294
5563.0000000 11.133
5561.0000000 11.1366
5559.0000000 11.1402
5557.0000000 11.1438
5555.0000000 11.1474
5553.0000000 11.151
5551.0000000 11.1546
5549.0000000 11.1582
5547.0000000 11.1617
5545.0000000 11.1653
5543.0000000 11.1689
5541.0000000 11.1725
5539.0000000 11.176
5537.0000000 11.1796
5535.0000000 11.1832
5533.0000000 11.1867
5531.0000000 11.1903
5529.0000000 11.1938
5527.0000000 11.1974
5525.0000000 11.2009
5523.0000000 11.2045
5521.0000000 11.208
5519.0000000 11.2115
5517.0000000 11.2151
5515.0000000 11.2186
5513.0000000 11.2221
5511.0000000 11.2256
5509.0000000 11.2291
5507.0000000 11.2327
5505.0000000 11.2362
5503.0000000 11.2397
5501.0000000 11.2432
5499.0000000 11.2467
5497.0000000 11.2502
5495.0000000 11.2537
5493.0000000 11.2571
5491.0000000 11.2606
5489.0000000 11.2641
5487.0000000 11.2676
5485.0000000 11.2711
5483.0000000 11.2745
5481.0000000 11.278
5479.0000000 11.2815
5477.0000000 11.2849
5475.0000000 11.2884
5473.0000000 11.2918
5471.0000000 11.2953
5469.0000000 11.2987
5467.0000000 11.3022
5465.0000000 11.3056
5463.0000000 11.309
5461.0000000 11.3125
5459.0000000 11.3159
5457.0000000 11.3193
5455.0000000 11.3228
5453.0000000 11.3262
5451.0000000 11.3296
5449.0000000 11.333
5447.0000000 11.3364
5445.0000000 11.3398
5443.0000000 11.3432
5441.0000000 11.3466
5439.0000000 11.35
5437.0000000 11.3534
5435.0000000 11.3568
5433.0000000 11.3602
5431.0000000 11.3636
5429.0000000 11.367
5427.0000000 11.3703
5425.0000000 11.3737
5423.0000000 11.3771
5421.0000000 11.3805
5419.0000000 11.3838
5417.0000000 11.3872
5415.0000000 11.3905
5413.0000000 11.3939
5411.0000000 11.3972
5409.0000000 11.4006
5407.0000000 11.4039
5405.0000000 11.4073
5403.0000000 11.4106
5401.0000000 11.4139
5399.0000000 11.4173
5397.0000000 11.4206
5395.0000000 11.4239
5393.0000000 11.4273
5391.0000000 11.4306
5389.0000000 11.4339
5387.0000000 11.4372
5385.0000000 11.4405
5383.0000000 11.4438
5381.0000000 11.4471
5379.0000000 11.4504
5377.0000000 11.4537
5375.0000000 11.457
5373.0000000 11.4603
5371.0000000 11.4636
5369.0000000 11.4669
5367.0000000 11.4702
5365.0000000 11.4734
5363.0000000 11.4767
5361.0000000 11.48
5359.0000000 11.4833
5357.0000000 11.4865
5355.0000000 11.4898
5353.0000000 11.493
5351.0000000 11.4963
5349.0000000 11.4995
5347.0000000 11.5028
5345.0000000 11.506
5343.0000000 11.5093
5341.0000000 11.5125
5339.0000000 11.5158
5337.0000000 11.519
5335.0000000 11.5222
5333.0000000 11.5255
5331.0000000 11.5287
5329.0000000 11.5319
5327.0000000 11.5351
5325.0000000 11.5383
5323.0000000 11.5416
5321.0000000 11.5448
5319.0000000 11.548
5317.0000000 11.5512
5315.0000000 11.5544
5313.0000000 11.5576
5311.0000000 11.5608
5309.0000000 11.564
5307.0000000 11.5672
5305.0000000 11.5703
5303.0000000 11.5735
5301.0000000 11.5767
5299.0000000 11.5799
5297.0000000 11.5831
5295.0000000 11.5862
5293.0000000 11.5894
5291.0000000 11.5926
5289.0000000 11.5957
5287.0000000 11.5989
5285.0000000 11.6021
5283.0000000 11.6052
5281.0000000 11.6084
5279.0000000 11.6115
5277.0000000 11.6147
5275.0000000 11.6178
5273.0000000 11.6209
5271.0000000 11.6241
5269.0000000 11.6272
5267.0000000 11.6303
5265.0000000 11.6335
5263.0000000 11.6366
5261.0000000 11.6397
5259.0000000 11.6428
5257.0000000 11.6459
5255.0000000 11.6491
5253.0000000 11.6522
5251.0000000 11.6553
5249.0000000 11.6584
5247.0000000 11.6615
5245.0000000 11.6646
5243.0000000 11.6677
5241.0000000 11.6708
5239.0000000 11.6739
5237.0000000 11.677
5235.0000000 11.68
5233.0000000 11.6831
5231.0000000 11.6862
5229.0000000 11.6893
5227.0000000 11.6924
5225.0000000 11.6954
5223.0000000 11.6985
5221.0000000 11.7016
5219.0000000 11.7046
5217.0000000 11.7077
5215.0000000 11.7107
5213.0000000 11.7138
5211.0000000 11.7169
5209.0000000 11.7199
5207.0000000 11.723
5205.0000000 11.726
5203.0000000 11.729
5201.0000000 11.7321
5199.0000000 11.7351
5197.0000000 11.7381
5195.0000000 11.7412
5193.0000000 11.7442
5191.0000000 11.7472
5189.0000000 11.7502
5187.0000000 11.7533
5185.0000000 11.7563
5183.0000000 11.7593
5181.0000000 11.7623
5179.0000000 11.7653
5177.0000000 11.7683
5175.0000000 11.7713
5173.0000000 11.7743
5171.0000000 11.7773
5169.0000000 11.7803
5167.0000000 11.7833
5165.0000000 11.7863
5163.0000000 11.7893
5161.0000000 11.7923
5159.0000000 11.7953
5157.0000000 11.7982
5155.0000000 11.8012
5153.0000000 11.8042
5151.0000000 11.8072
5149.0000000 11.8101
5147.0000000 11.8131
5145.0000000 11.8161
5143.0000000 11.819
5141.0000000 11.822
5139.0000000 11.825
5137.0000000 11.8279
5135.0000000 11.8309
5133.0000000 11.8338
5131.0000000 11.8368
5129.0000000 11.8397
5127.0000000 11.8426
5125.0000000 11.8456
5123.0000000 11.8485
5121.0000000 11.8515
5119.0000000 11.8544
5117.0000000 11.8573
5115.0000000 11.8602
5113.0000000 11.8632
5111.0000000 11.8661
5109.0000000 11.869
5107.0000000 11.8719
5105.0000000 11.8748
5103.0000000 11.8777
5101.0000000 11.8807
5099.0000000 11.8836
5097.0000000 11.8865
5095.0000000 11.8894
5093.0000000 11.8923
5091.0000000 11.8952
5089.0000000 11.8981
5087.0000000 11.9009
5085.0000000 11.9038
5083.0000000 11.9067
5081.0000000 11.9096
5079.0000000 11.9125
5077.0000000 11.9154
5075.0000000 11.9183
5073.0000000 11.9211
5071.0000000 11.924
5069.0000000 11.9269
5067.0000000 11.9297
5065.0000000 11.9326
5063.0000000 11.9355
5061.0000000 11.9383
5059.0000000 11.9412
5057.0000000 11.944
5055.0000000 11.9469
5053.0000000 11.9497
5051.0000000 11.9526
5049.0000000 11.9554
5047.0000000 11.9583
5045.0000000 11.9611
5043.0000000 11.964
5041.0000000 11.9668
5039.0000000 11.9696
5037.0000000 11.9725
5035.0000000 11.9753
5033.0000000 11.9781
5031.0000000 11.981
5029.0000000 11.9838
5027.0000000 11.9866
5025.0000000 11.9894
5023.0000000 11.9922
5021.0000000 11.995
5019.0000000 11.9979
5017.0000000 12.0007
5015.0000000 12.0035
5013.0000000 12.0063
5011.0000000 12.0091
5009.0000000 12.0119
5007.0000000 12.0147
5005.0000000 12.0175
5003.0000000 12.0203
5001.0000000 12.0231
4999.0000000 12.0259
4997.0000000 12.0286
4995.0000000 12.0314
4993.0000000 12.0342
4991.0000000 12.037
4989.0000000 12.0398
4987.0000000 12.0426
4985.0000000 12.0453
4983.0000000 12.0481
4981.0000000 12.0509
4979.0000000 12.0536
4977.0000000 12.0564
4975.0000000 12.0592
4973.0000000 12.0619
4971.0000000 12.0647
4969.0000000 12.0674
4967.0000000 12.0702
4965.0000000 12.0729
4963.0000000 12.0757
4961.0000000 12.0784
4959.0000000 12.0812
4957.0000000 12.0839
4955.0000000 12.0867
4953.0000000 12.0894
4951.0000000 12.0922
4949.0000000 12.0949
4947.0000000 12.0976
4945.0000000 12.1004
4943.0000000 12.1031
4941.0000000 12.1058
4939.0000000 12.1085
4937.0000000 12.1113
4935.0000000 12.114
4933.0000000 12.1167
4931.0000000 12.1194
4929.0000000 12.1221
4927.0000000 12.1249
4925.0000000 12.1276
4923.0000000 12.1303
4921.0000000 12.133
4919.0000000 12.1357
4917.0000000 12.1384
4915.0000000 12.1411
4913.0000000 12.1438
4911.0000000 12.1465
4909.0000000 12.1492
4907.0000000 12.1519
4905.0000000 12.1546
4903.0000000 12.1573
4901.0000000 12.1599
4899.0000000 12.1626
4897.0000000 12.1653
4895.0000000 12.168
4893.0000000 12.1707
4891.0000000 12.1733
4889.0000000 12.176
4887.0000000 12.1787
4885.0000000 12.1814
4883.0000000 12.184
4881.0000000 12.1867
4879.0000000 12.1894
4877.0000000 12.192
4875.0000000 12.1947
4873.0000000 12.1974
4871.0000000 12.2
4869.0000000 12.2027
4867.0000000 12.2053
4865.0000000 12.208
4863.0000000 12.2106
4861.0000000 12.2133
4859.0000000 12.2159
4857.0000000 12.2186
4855.0000000 12.2212
4853.0000000 12.2238
4851.0000000 12.2265
4849.0000000 12.2291
4847.0000000 12.2318
4845.0000000 12.2344
4843.0000000 12.237
4841.0000000 12.2397
4839.0000000 12.2423
4837.0000000 12.2449
4835.0000000 12.2475
4833.0000000 12.2502
4831.0000000 12.2528
4829.0000000 12.2554
4827.0000000 12.258
4825.0000000 12.2606
4823.0000000 12.2632
4821.0000000 12.2659
4819.0000000 12.2685
4817.0000000 12.2711
4815.0000000 12.2737
4813.0000000 12.2763
4811.0000000 12.2789
4809.0000000 12.2815
4807.0000000 12.2841
4805.0000000 12.2867
4803.0000000 12.2893
4801.0000000 12.2919
4799.0000000 12.2945
4797.0000000 12.2971
4795.0000000 12.2997
4793.0000000 12.3022
4791.0000000 12.3048
4789.0000000 12.3074
4787.0000000 12.31
4785.0000000 12.3126
4783.0000000 12.3152
4781.0000000 12.3177
4779.0000000 12.3203
4777.0000000 12.3229
4775.0000000 12.3255
4773.0000000 12.328
4771.0000000 12.3306
4769.0000000 12.3332
4767.0000000 12.3357
4765.0000000 12.3383
4763.0000000 12.3409
4761.0000000 12.3434
4759.0000000 12.346
4757.0000000 12.3485
4755.0000000 12.3511
4753.0000000 12.3536
4751.0000000 12.3562
4749.0000000 12.3587
4747.0000000 12.3613
4745.0000000 12.3638
4743.0000000 12.3664
4741.0000000 12.3689
4739.0000000 12.3715
4737.0000000 12.374
4735.0000000 12.3766
4733.0000000 12.3791
4731.0000000 12.3816
4729.0000000 12.3842
4727.0000000 12.3867
4725.0000000 12.3892
4723.0000000 12.3918
4721.0000000 12.3943
4719.0000000 12.3968
4717.0000000 12.3994
4715.0000000 12.4019
4713.0000000 12.4044
4711.0000000 12.4069
4709.0000000 12.4094
4707.0000000 12.412
4705.0000000 12.4145
4703.0000000 12.417
4701.0000000 12.4195
4699.0000000 12.422
4697.0000000 12.4245
4695.0000000 12.427
4693.0000000 12.4296
4691.0000000 12.4321
4689.0000000 12.4346
4687.0000000 12.4371
4685.0000000 12.4396
4683.0000000 12.4421
4681.0000000 12.4446
4679.0000000 12.4471
4677.0000000 12.4496
4675.0000000 12.4521
4673.0000000 12.4546
4671.0000000 12.4571
4669.0000000 12.4595
4667.0000000 12.462
4665.0000000 12.4645
4663.0000000 12.467
4661.0000000 12.4695
4659.0000000 12.472
4657.0000000 12.4745
4655.0000000 12.4769
4653.0000000 12.4794
4651.0000000 12.4819
4649.0000000 12.4844
4647.0000000 12.4869
4645.0000000 12.4893
4643.0000000 12.4918
4641.0000000 12.4943
4639.0000000 12.4968
4637.0000000 12.4992
4635.0000000 12.5017
4633.0000000 12.5042
4631.0000000 12.5066
4629.0000000 12.5091
4627.0000000 12.5115
4625.0000000 12.514
4623.0000000 12.5165
4621.0000000 12.5189
4619.0000000 12.5214
4617.0000000 12.5238
4615.0000000 12.5263
4613.0000000 12.5288
4611.0000000 12.5312
4609.0000000 12.5337
4607.0000000 12.5361
4605.0000000 12.5386
4603.0000000 12.541
4601.0000000 12.5435
4599.0000000 12.5459
4597.0000000 12.5483
4595.0000000 12.5508
4593.0000000 12.5532
4591.0000000 12.5557
4589.0000000 12.5581
4587.0000000 12.5605
4585.0000000 12.563
4583.0000000 12.5654
4581.0000000 12.5679
4579.0000000 12.5703
4577.0000000 12.5727
4575.0000000 12.5751
4573.0000000 12.5776
4571.0000000 12.58
4569.0000000 12.5824
4567.0000000 12.5849
4565.0000000 12.5873
4563.0000000 12.5897
4561.0000000 12.5921
4559.0000000 12.5946
4557.0000000 12.597
4555.0000000 12.5994
4553.0000000 12.6018
4551.0000000 12.6042
4549.0000000 12.6066
4547.0000000 12.6091
4545.0000000 12.6115
4543.0000000 12.6139
4541.0000000 12.6163
4539.0000000 12.6187
4537.0000000 12.6211
4535.0000000 12.6235
4533.0000000 12.6259
4531.0000000 12.6283
4529.0000000 12.6308
4527.0000000 12.6332
4525.0000000 12.6356
4523.0000000 12.638
4521.0000000 12.6404
4519.0000000 12.6428
4517.0000000 12.6452
4515.0000000 12.6476
4513.0000000 12.65
4511.0000000 12.6524
4509.0000000 12.6547
4507.0000000 12.6571
4505.0000000 12.6595
4503.0000000 12.6619
4501.0000000 12.6643
4499.0000000 12.6667
4497.0000000 12.6691
4495.0000000 12.6715
4493.0000000 12.6739
4491.0000000 12.6763
4489.0000000 12.6786
4487.0000000 12.681
4485.0000000 12.6834
4483.0000000 12.6858
4481.0000000 12.6882
4479.0000000 12.6906
4477.0000000 12.6929
4475.0000000 12.6953
4473.0000000 12.6977
4471.0000000 12.7001
4469.0000000 12.7024
4467.0000000 12.7048
4465.0000000 12.7072
4463.0000000 12.7096
4461.0000000 12.7119
4459.0000000 12.7143
4457.0000000 12.7167
4455.0000000 12.7191
4453.0000000 12.7214
4451.0000000 12.7238
4449.0000000 12.7262
4447.0000000 12.7285
4445.0000000 12.7309
4443.0000000 12.7333
4441.0000000 12.7356
4439.0000000 12.738
4437.0000000 12.7403
4435.0000000 12.7427
4433.0000000 12.7451
4431.0000000 12.7474
4429.0000000 12.7498
4427.0000000 12.7521
4425.0000000 12.7545
4423.0000000 12.7569
4421.0000000 12.7592
4419.0000000 12.7616
4417.0000000 12.7639
4415.0000000 12.7663
4413.0000000 12.7686
4411.0000000 12.771
4409.0000000 12.7733
4407.0000000 12.7757
4405.0000000 12.778
4403.0000000 12.7804
4401.0000000 12.7827
4399.0000000 12.7851
4397.0000000 12.7874
4395.0000000 12.7898
4393.0000000 12.7921
4391.0000000 12.7945
4389.0000000 12.7968
4387.0000000 12.7991
4385.0000000 12.8015
4383.0000000 12.8038
4381.0000000 12.8062
4379.0000000 12.8085
4377.0000000 12.8109
4375.0000000 12.8132
4373.0000000 12.8155
4371.0000000 12.8179
4369.0000000 12.8202
4367.0000000 12.8225
4365.0000000 12.8249
4363.0000000 12.8272
4361.0000000 12.8295
4359.0000000 12.8319
4357.0000000 12.8342
4355.0000000 12.8365
4353.0000000 12.8389
4351.0000000 12.8412
4349.0000000 12.8435
4347.0000000 12.8459
4345.0000000 12.8482
4343.0000000 12.8505
4341.0000000 12.8529
4339.0000000 12.8552
4337.0000000 12.8575
4335.0000000 12.8598
4333.0000000 12.8622
4331.0000000 12.8645
4329.0000000 12.8668
4327.0000000 12.8691
4325.0000000 12.8715
4323.0000000 12.8738
4321.0000000 12.8761
4319.0000000 12.8784
4317.0000000 12.8808
4315.0000000 12.8831
4313.0000000 12.8854
4311.0000000 12.8877
4309.0000000 12.89
4307.0000000 12.8924
4305.0000000 12.8947
4303.0000000 12.897
4301.0000000 12.8993
4299.0000000 12.9016
4297.0000000 12.9039
4295.0000000 12.9063
4293.0000000 12.9086
4291.0000000 12.9109
4289.0000000 12.9132
4287.0000000 12.9155
4285.0000000 12.9178
4283.0000000 12.9201
4281.0000000 12.9225
4279.0000000 12.9248
4277.0000000 12.9271
4275.0000000 12.9294
4273.0000000 12.9317
4271.0000000 12.934
4269.0000000 12.9363
4267.0000000 12.9386
4265.0000000 12.9409
4263.0000000 12.9433
4261.0000000 12.9456
4259.0000000 12.9479
4257.0000000 12.9502
4255.0000000 12.9525
4253.0000000 12.9548
4251.0000000 12.9571
4249.0000000 12.9594
4247.0000000 12.9617
4245.0000000 12.964
4243.0000000 12.9663
4241.0000000 12.9686
4239.0000000 12.9709
4237.0000000 12.9732
4235.0000000 12.9755
4233.0000000 12.9778
4231.0000000 12.9801
4229.0000000 12.9824
4227.0000000 12.9848
4225.0000000 12.9871
4223.0000000 12.9894
4221.0000000 12.9917
4219.0000000 12.994
4217.0000000 12.9963
4215.0000000 12.9986
4213.0000000 13.0009
4211.0000000 13.0032
4209.0000000 13.0055
4207.0000000 13.0078
4205.0000000 13.0101
4203.0000000 13.0124
4201.0000000 13.0147
4199.0000000 13.017
4197.0000000 13.0193
4195.0000000 13.0216
4193.0000000 13.0239
4191.0000000 13.0262
4189.0000000 13.0285
4187.0000000 13.0307
4185.0000000 13.033
4183.0000000 13.0353
4181.0000000 13.0376
4179.0000000 13.0399
4177.0000000 13.0422
4175.0000000 13.0445
4173.0000000 13.0468
4171.0000000 13.0491
4169.0000000 13.0514
4167.0000000 13.0537
4165.0000000 13.056
4163.0000000 13.0583
4161.0000000 13.0606
4159.0000000 13.0629
4157.0000000 13.0652
4155.0000000 13.0675
4153.0000000 13.0698
4151.0000000 13.0721
4149.0000000 13.0744
4147.0000000 13.0767
4145.0000000 13.079
4143.0000000 13.0813
4141.0000000 13.0835
4139.0000000 13.0858
4137.0000000 13.0881
4135.0000000 13.0904
4133.0000000 13.0927
4131.0000000 13.095
4129.0000000 13.0973
4127.0000000 13.0996
4125.0000000 13.1019
4123.0000000 13.1042
4121.0000000 13.1065
4119.0000000 13.1088
4117.0000000 13.1111
4115.0000000 13.1134
4113.0000000 13.1157
4111.0000000 13.118
4109.0000000 13.1202
4107.0000000 13.1225
4105.0000000 13.1248
4103.0000000 13.1271
4101.0000000 13.1294
4099.0000000 13.1317
4097.0000000 13.134
4095.0000000 13.1363
4093.0000000 13.1386
4091.0000000 13.1409
4089.0000000 13.1432
4087.0000000 13.1455
4085.0000000 13.1478
4083.0000000 13.1501
4081.0000000 13.1523
4079.0000000 13.1546
4077.0000000 13.1569
4075.0000000 13.1592
4073.0000000 13.1615
4071.0000000 13.1638
4069.0000000 13.1661
4067.0000000 13.1684
4065.0000000 13.1707
4063.0000000 13.173
4061.0000000 13.1753
4059.0000000 13.1776
4057.0000000 13.1799
4055.0000000 13.1822
4053.0000000 13.1845
4051.0000000 13.1868
4049.0000000 13.1891
4047.0000000 13.1914
4045.0000000 13.1936
4043.0000000 13.1959
4041.0000000 13.1982
4039.0000000 13.2005
4037.0000000 13.2028
4035.0000000 13.2051
4033.0000000 13.2074
4031.0000000 13.2097
4029.0000000 13.212
4027.0000000 13.2143
4025.0000000 13.2166
4023.0000000 13.2189
4021.0000000 13.2212
4019.0000000 13.2235
4017.0000000 13.2258
4015.0000000 13.2281
4013.0000000 13.2304
4011.0000000 13.2327
4009.0000000 13.235
4007.0000000 13.2373
4005.0000000 13.2396
4003.0000000 13.2419
4001.0000000 13.2442
3999.0000000 13.2465
3997.0000000 13.2488
3995.0000000 13.2511
3993.0000000 13.2534
3991.0000000 13.2557
3989.0000000 13.258
3987.0000000 13.2603
3985.0000000 13.2626
3983.0000000 13.2649
3981.0000000 13.2672
3979.0000000 13.2695
3977.0000000 13.2718
3975.0000000 13.2741
3973.0000000 13.2764
3971.0000000 13.2787
3969.0000000 13.281
3967.0000000 13.2833
3965.0000000 13.2856
3963.0000000 13.2879
3961.0000000 13.2902
3959.0000000 13.2925
3957.0000000 13.2949
3955.0000000 13.2972
3953.0000000 13.2995
3951.0000000 13.3018
3949.0000000 13.3041
3947.0000000 13.3064
3945.0000000 13.3087
3943.0000000 13.311
3941.0000000 13.3133
3939.0000000 13.3156
3937.0000000 13.3179
3935.0000000 13.3202
3933.0000000 13.3226
3931.0000000 13.3249
3929.0000000 13.3272
3927.0000000 13.3295
3925.0000000 13.3318
3923.0000000 13.3341
3921.0000000 13.3364
3919.0000000 13.3387
3917.0000000 13.3411
3915.0000000 13.3434
3913.0000000 13.3457
3911.0000000 13.348
3909.0000000 13.3503
3907.0000000 13.3526
3905.0000000 13.355
3903.0000000 13.3573
3901.0000000 13.3596
3899.0000000 13.3619
3897.0000000 13.3642
3895.0000000 13.3666
3893.0000000 13.3689
3891.0000000 13.3712
3889.0000000 13.3735
3887.0000000 13.3758
3885.0000000 13.3782
3883.0000000 13.3805
3881.0000000 13.3828
3879.0000000 13.3851
3877.0000000 13.3875
3875.0000000 13.3898
3873.0000000 13.3921
3871.0000000 13.3944
3869.0000000 13.3968
3867.0000000 13.3991
3865.0000000 13.4014
3863.0000000 13.4037
3861.0000000 13.4061
3859.0000000 13.4084
3857.0000000 13.4107
3855.0000000 13.4131
3853.0000000 13.4154
3851.0000000 13.4177
3849.0000000 13.4201
3847.0000000 13.4224
3845.0000000 13.4247
3843.0000000 13.4271
3841.0000000 13.4294
3839.0000000 13.4317
3837.0000000 13.4341
3835.0000000 13.4364
3833.0000000 13.4388
3831.0000000 13.4411
3829.0000000 13.4434
3827.0000000 13.4458
3825.0000000 13.4481
3823.0000000 13.4505
3821.0000000 13.4528
3819.0000000 13.4551
3817.0000000 13.4575
3815.0000000 13.4598
3813.0000000 13.4622
3811.0000000 13.4645
3809.0000000 13.4669
3807.0000000 13.4692
3805.0000000 13.4716
3803.0000000 13.4739
3801.0000000 13.4763
3799.0000000 13.4786
3797.0000000 13.481
3795.0000000 13.4833
3793.0000000 13.4857
3791.0000000 13.488
3789.0000000 13.4904
3787.0000000 13.4927
3785.0000000 13.4951
3783.0000000 13.4974
3781.0000000 13.4998
3779.0000000 13.5022
3777.0000000 13.5045
3775.0000000 13.5069
3773.0000000 13.5092
3771.0000000 13.5116
3769.0000000 13.514
3767.0000000 13.5163
3765.0000000 13.5187
3763.0000000 13.521
3761.0000000 13.5234
3759.0000000 13.5258
3757.0000000 13.5281
3755.0000000 13.5305
3753.0000000 13.5329
3751.0000000 13.5353
3749.0000000 13.5376
3747.0000000 13.54
3745.0000000 13.5424
3743.0000000 13.5447
3741.0000000 13.5471
3739.0000000 13.5495
3737.0000000 13.5519
3735.0000000 13.5542
3733.0000000 13.5566
3731.0000000 13.559
3729.0000000 13.5614
3727.0000000 13.5638
3725.0000000 13.5661
3723.0000000 13.5685
3721.0000000 13.5709
3719.0000000 13.5733
3717.0000000 13.5757
3715.0000000 13.5781
3713.0000000 13.5804
3711.0000000 13.5828
3709.0000000 13.5852
3707.0000000 13.5876
3705.0000000 13.59
3703.0000000 13.5924
3701.0000000 13.5948
3699.0000000 13.5972
3697.0000000 13.5996
3695.0000000 13.602
3693.0000000 13.6044
3691.0000000 13.6068
3689.0000000 13.6092
3687.0000000 13.6116
3685.0000000 13.614
3683.0000000 13.6164
3681.0000000 13.6188
3679.0000000 13.6212
3677.0000000 13.6236
3675.0000000 13.626
3673.0000000 13.6284
3671.0000000 13.6308
3669.0000000 13.6332
3667.0000000 13.6356
3665.0000000 13.638
3663.0000000 13.6405
3661.0000000 13.6429
3659.0000000 13.6453
3657.0000000 13.6477
3655.0000000 13.6501
3653.0000000 13.6525
3651.0000000 13.655
3649.0000000 13.6574
3647.0000000 13.6598
3645.0000000 13.6622
3643.0000000 13.6646
3641.0000000 13.6671
3639.0000000 13.6695
3637.0000000 13.6719
3635.0000000 13.6743
3633.0000000 13.6768
3631.0000000 13.6792
3629.0000000 13.6807
3627.0000000 13.6812
3625.0000000 13.6816
3623.0000000 13.6821
3621.0000000 13.6826
3619.0000000 13.683
3617.0000000 13.6835
3615.0000000 13.684
3613.0000000 13.6845
3611.0000000 13.6849
3609.0000000 13.6854
3607.0000000 13.6859
3605.0000000 13.6864
3603.0000000 13.6869
3601.0000000 13.6873
3599.0000000 13.6878
3597.0000000 13.6883
3595.0000000 13.6888
3593.0000000 13.6892
3591.0000000 13.6897
3589.0000000 13.6902
3587.0000000 13.6907
3585.0000000 13.6912
3583.0000000 13.6916
3581.0000000 13.6921
3579.0000000 13.6926
3577.0000000 13.6931
3575.0000000 13.6935
3573.0000000 13.694
3571.0000000 13.6945
3569.0000000 13.695
3567.0000000 13.6955
3565.0000000 13.696
3563.0000000 13.6964
3561.0000000 13.6969
3559.0000000 13.6974
3557.0000000 13.6979
3555.0000000 13.6984
3553.0000000 13.6988
3551.0000000 13.6993
3549.0000000 13.6998
3547.0000000 13.7003
3545.0000000 13.7008
3543.0000000 13.7013
3541.0000000 13.7017
3539.0000000 13.7022
3537.0000000 13.7027
3535.0000000 13.7032
3533.0000000 13.7037
3531.0000000 13.7042
3529.0000000 13.7046
3527.0000000 13.7051
3525.0000000 13.7056
3523.0000000 13.7061
3521.0000000 13.7066
3519.0000000 13.7071
3517.0000000 13.7076
3515.0000000 13.7081
3513.0000000 13.7085
3511.0000000 13.709
3509.0000000 13.7095
3507.0000000 13.71
3505.0000000 13.7105
3503.0000000 13.711
3501.0000000 13.7115
3499.0000000 13.712
3497.0000000 13.7125
3495.0000000 13.7129
3493.0000000 13.7134
3491.0000000 13.7139
3489.0000000 13.7144
3487.0000000 13.7149
3485.0000000 13.7154
3483.0000000 13.7159
3481.0000000 13.7164
3479.0000000 8.0665
3477.0000000 8.06994
3475.0000000 8.07336
3473.0000000 8.07679
3471.0000000 8.08021
3469.0000000 8.08362
3467.0000000 8.08704
3465.0000000 8.09045
3463.0000000 8.09385
3461.0000000 8.09726
3459.0000000 8.10066
3457.0000000 8.10405
3455.0000000 8.10745
3453.0000000 8.11084
3451.0000000 8.11422
3449.0000000 8.1176
3447.0000000 8.12098
3445.0000000 8.12436
3443.0000000 8.12773
3441.0000000 8.1311
3439.0000000 8.13447
3437.0000000 8.13783
3435.0000000 8.14119
3433.0000000 8.14454
3431.0000000 8.1479
3429.0000000 8.15125
3427.0000000 8.15459
3425.0000000 8.15793
3423.0000000 8.16127
3421.0000000 8.16461
3419.0000000 8.16794
3417.0000000 8.17127
3415.0000000 8.17459
3413.0000000 8.17792
3411.0000000 8.18123
3409.0000000 8.18455
3407.0000000 8.18786
3405.0000000 8.19117
3403.0000000 8.19447
3401.0000000 8.19778
3399.0000000 8.20108
3397.0000000 8.20437
3395.0000000 8.20766
3393.0000000 8.21095
3391.0000000 8.21424
3389.0000000 8.21752
3387.0000000 8.2208
3385.0000000 8.22407
3383.0000000 8.22734
3381.0000000 8.23061
3379.0000000 8.23388
3377.0000000 8.23714
3375.0000000 8.2404
3373.0000000 8.24365
3371.0000000 8.24691
3369.0000000 8.25015
3367.0000000 8.2534
3365.0000000 8.25664
3363.0000000 8.25988
3361.0000000 8.26312
3359.0000000 8.26635
3357.0000000 8.26958
3355.0000000 8.2728
3353.0000000 8.27603
3351.0000000 8.27925
3349.0000000 8.28246
3347.0000000 8.28567
3345.0000000 8.28888
3343.0000000 8.29209
3341.0000000 8.29529
3339.0000000 8.29849
3337.0000000 8.30169
3335.0000000 8.30488
3333.0000000 8.30807
3331.0000000 8.31126
3329.0000000 8.31444
3327.0000000 8.31762
3325.0000000 8.3208
3323.0000000 8.32397
3321.0000000 8.32714
3319.0000000 8.33031
3317.0000000 8.33347
3315.0000000 8.33663
3313.0000000 8.33979
3311.0000000 8.34295
3309.0000000 8.3461
3307.0000000 8.34924
3305.0000000 8.35239
3303.0000000 8.35553
3301.0000000 8.35867
3299.0000000 8.3618
3297.0000000 8.36493
3295.0000000 8.36806
3293.0000000 8.37119
3291.0000000 8.37431
3289.0000000 8.37743
3287.0000000 8.38054
3285.0000000 8.38366
3283.0000000 8.38677
3281.0000000 8.38987
3279.0000000 8.39298
3277.0000000 8.39608
3275.0000000 8.39917
3273.0000000 8.40227
3271.0000000 8.40536
3269.0000000 8.40844
3267.0000000 8.41153
3265.0000000 8.41461
3263.0000000 8.41768
3261.0000000 8.42076
3259.0000000 8.42383
3257.0000000 8.4269
3255.0000000 8.42996
3253.0000000 8.43302
3251.0000000 8.43608
3249.0000000 8.43914
3247.0000000 8.44219
3245.0000000 8.44524
3243.0000000 8.44829
3241.0000000 8.45133
3239.0000000 8.45437
3237.0000000 8.4574
3235.0000000 8.46044
3233.0000000 8.46347
3231.0000000 8.4665
3229.0000000 8.46952
3227.0000000 8.47254
3225.0000000 8.47556
3223.0000000 8.47857
3221.0000000 8.48158
3219.0000000 8.48459
3217.0000000 8.4876
3215.0000000 8.4906
3213.0000000 8.4936
3211.0000000 8.4966
3209.0000000 8.49959
3207.0000000 8.50258
3205.0000000 8.50557
3203.0000000 8.50855
3201.0000000 8.51153
3199.0000000 8.51451
3197.0000000 8.51748
3195.0000000 8.52045
3193.0000000 8.52342
3191.0000000 8.52639
3189.0000000 8.52935
3187.0000000 8.53231
3185.0000000 8.53526
3183.0000000 8.53822
3181.0000000 8.54117
3179.0000000 8.54411
3177.0000000 8.54706
3175.0000000 8.55
3173.0000000 8.55294
3171.0000000 8.55587
3169.0000000 8.5588
3167.0000000 8.56173
3165.0000000 8.56466
3163.0000000 8.56758
3161.0000000 8.5705
3159.0000000 8.57341
3157.0000000 8.57633
3155.0000000 8.57924
3153.0000000 8.58214
3151.0000000 8.58505
3149.0000000 8.58795
3147.0000000 8.59085
3145.0000000 8.59374
3143.0000000 8.59663
3141.0000000 8.59952
3139.0000000 8.60241
3137.0000000 8.60529
3135.0000000 8.60817
3133.0000000 8.61105
3131.0000000 8.61392
3129.0000000 8.6168
3127.0000000 8.61966
3125.0000000 8.62253
3123.0000000 8.62539
3121.0000000 8.62825
3119.0000000 8.63111
3117.0000000 8.63396
3115.0000000 8.63681
3113.0000000 8.63966
3111.0000000 8.6425
3109.0000000 8.64534
3107.0000000 8.64818
3105.0000000 8.65102
3103.0000000 8.65385
3101.0000000 8.65668
3099.0000000 8.6595
3097.0000000 8.66233
3095.0000000 8.66515
3093.0000000 8.66797
3091.0000000 8.67078
3089.0000000 8.67359
3087.0000000 8.6764
3085.0000000 8.67921
3083.0000000 8.68201
3081.0000000 8.68481
3079.0000000 8.68761
3077.0000000 8.6904
3075.0000000 8.69319
3073.0000000 8.69598
3071.0000000 8.69876
3069.0000000 8.70155
3067.0000000 8.70433
3065.0000000 8.7071
3063.0000000 8.70988
3061.0000000 8.71265
3059.0000000 8.71541
3057.0000000 8.71818
3055.0000000 8.72094
3053.0000000 8.7237
3051.0000000 8.72646
3049.0000000 8.72921
3047.0000000 8.73196
3045.0000000 8.73471
3043.0000000 8.73745
3041.0000000 8.74019
3039.0000000 8.74293
3037.0000000 8.74567
3035.0000000 8.7484
3033.0000000 8.75113
3031.0000000 8.75386
3029.0000000 8.75658
3027.0000000 8.7593
3025.0000000 8.76202
3023.0000000 8.76474
3021.0000000 8.76745
3019.0000000 8.77016
3017.0000000 8.77287
3015.0000000 8.77557
3013.0000000 8.77828
3011.0000000 8.78097
3009.0000000 8.78367
3007.0000000 8.78636
3005.0000000 8.78905
3003.0000000 8.79174
3001.0000000 8.79442
2999.0000000 8.79711
2997.0000000 8.79979
2995.0000000 8.80246
2993.0000000 8.80513
2991.0000000 8.8078
2989.0000000 8.81047
2987.0000000 8.81314
2985.0000000 8.8158
2983.0000000 8.81846
2981.0000000 8.82111
2979.0000000 8.82377
2977.0000000 8.82642
2975.0000000 8.82907
2973.0000000 8.83171
2971.0000000 8.83435
2969.0000000 8.83699
2967.0000000 8.83963
2965.0000000 8.84226
2963.0000000 8.84489
2961.0000000 8.84752
2959.0000000 8.85015
2957.0000000 8.85277
2955.0000000 8.85539
2953.0000000 8.85801
2951.0000000 8.86062
2949.0000000 8.86323
2947.0000000 8.86584
2945.0000000 8.86845
2943.0000000 8.87105
2941.0000000 8.87365
2939.0000000 8.87625
2937.0000000 8.87885
2935.0000000 8.88144
2933.0000000 8.88403
2931.0000000 8.88661
2929.0000000 8.8892
2927.0000000 8.89178
2925.0000000 8.89436
2923.0000000 8.89693
2921.0000000 8.89951
2919.0000000 8.90208
2917.0000000 8.90464
2915.0000000 8.90721
2913.0000000 8.90977
2911.0000000 8.91233
2909.0000000 8.91489
2907.0000000 8.91744
2905.0000000 8.91999
2903.0000000 8.92254
2901.0000000 8.92509
2899.0000000 8.92763
2897.0000000 8.93017
2895.0000000 8.93271
2893.0000000 8.93524
2891.0000000 8.93778
2889.0000000 8.94031
2887.0000000 8.94283
2885.0000000 8.94536
2883.0000000 8.94788
2881.0000000 8.9504
2879.0000000 8.95291
2877.0000000 8.95543
2875.0000000 8.95794
2873.0000000 8.96045
2871.0000000 8.96295
2869.0000000 8.96546
2867.0000000 8.96796
2865.0000000 8.97045
2863.0000000 8.97295
2861.0000000 8.97544
2859.0000000 8.97793
2857.0000000 8.98042
2855.0000000 8.9829
2853.0000000 8.98538
2851.0000000 8.98786
2849.0000000 8.99034
2847.0000000 8.99281
2845.0000000 8.99528
2843.0000000 8.99775
2841.0000000 9.00022
2839.0000000 9.00268
2837.0000000 9.00514
2835.0000000 9.0076
2833.0000000 9.01005
2831.0000000 9.01251
2829.0000000 9.01496
2827.0000000 9.0174
2825.0000000 9.01985
2823.0000000 9.02229
2821.0000000 9.02473
2819.0000000 9.02717
2817.0000000 9.0296
2815.0000000 9.03203
2813.0000000 9.03446
2811.0000000 9.03689
2809.0000000 9.03931
2807.0000000 9.04173
2805.0000000 9.04415
2803.0000000 9.04657
2801.0000000 9.04898
2799.0000000 9.05139
2797.0000000 9.0538
2795.0000000 9.05621
2793.0000000 9.05861
2791.0000000 9.06101
2789.0000000 9.06341
2787.0000000 9.0658
2785.0000000 9.0682
2783.0000000 9.07059
2781.0000000 9.07298
2779.0000000 9.07536
2777.0000000 9.07774
2775.0000000 9.08012
2773.0000000 9.0825
2771.0000000 9.08488
2769.0000000 9.08725
2767.0000000 9.08962
2765.0000000 9.09199
2763.0000000 9.09435
2761.0000000 9.09671
2759.0000000 9.09907
2757.0000000 9.10143
2755.0000000 9.10379
2753.0000000 9.10614
2751.0000000 9.10849
2749.0000000 9.11083
2747.0000000 9.11318
2745.0000000 9.11552
2743.0000000 9.11786
2741.0000000 9.1202
2739.0000000 9.12253
2737.0000000 9.12487
2735.0000000 9.1272
2733.0000000 9.12952
2731.0000000 9.13185
2729.0000000 9.13417
2727.0000000 9.13649
2725.0000000 9.13881
2723.0000000 9.14112
2721.0000000 9.14343
2719.0000000 9.14574
2717.0000000 9.14805
2715.0000000 9.15035
2713.0000000 9.15266
2711.0000000 9.15496
2709.0000000 9.15725
2707.0000000 9.15955
2705.0000000 9.16184
2703.0000000 9.16413
2701.0000000 9.16642
2699.0000000 9.1687
2697.0000000 9.17099
2695.0000000 9.17327
2693.0000000 9.17555
2691.0000000 9.17782
2689.0000000 9.18009
2687.0000000 9.18236
2685.0000000 9.18463
2683.0000000 9.1869
2681.0000000 9.18916
2679.0000000 9.19142
2677.0000000 9.19368
2675.0000000 9.19594
2673.0000000 9.19819
2671.0000000 9.20044
2669.0000000 9.20269
2667.0000000 9.20493
2665.0000000 9.20718
2663.0000000 9.20942
2661.0000000 9.21166
2659.0000000 9.21389
2657.0000000 9.21613
2655.0000000 9.21836
2653.0000000 9.22059
2651.0000000 9.22282
2649.0000000 9.22504
2647.0000000 9.22726
2645.0000000 9.22948
2643.0000000 9.2317
2641.0000000 9.23392
2639.0000000 9.23613
2637.0000000 9.23834
2635.0000000 9.24055
2633.0000000 9.24275
2631.0000000 9.24495
2629.0000000 9.24716
2627.0000000 9.24935
2625.0000000 9.25155
2623.0000000 9.25374
2621.0000000 9.25593
2619.0000000 9.25812
2617.0000000 9.26031
2615.0000000 9.26249
2613.0000000 9.26468
2611.0000000 9.26686
2609.0000000 9.26903
2607.0000000 9.27121
2605.0000000 9.27338
2603.0000000 9.27555
2601.0000000 9.27772
2599.0000000 9.27988
2597.0000000 9.28205
2595.0000000 9.28421
2593.0000000 9.28637
2591.0000000 9.28852
2589.0000000 9.29068
2587.0000000 9.29283
2585.0000000 9.29498
2583.0000000 9.29712
2581.0000000 9.29927
2579.0000000 9.30141
2577.0000000 9.30355
2575.0000000 9.30569
2573.0000000 9.30782
2571.0000000 9.30996
2569.0000000 9.31209
2567.0000000 9.31422
2565.0000000 9.31634
2563.0000000 9.31847
2561.0000000 9.32059
2559.0000000 9.32271
2557.0000000 9.32483
2555.0000000 9.32694
2553.0000000 9.32905
2551.0000000 9.33116
2549.0000000 9.33327
2547.0000000 9.33538
2545.0000000 9.33748
2543.0000000 9.33958
2541.0000000 9.34168
2539.0000000 9.34378
2537.0000000 9.34587
2535.0000000 9.34796
2533.0000000 9.35005
2531.0000000 9.35214
2529.0000000 9.35423
2527.0000000 9.35631
2525.0000000 9.35839
2523.0000000 9.36047
2521.0000000 9.36255
2519.0000000 9.36462
2517.0000000 9.36669
2515.0000000 9.36876
2513.0000000 9.37083
2511.0000000 9.3729
2509.0000000 9.37496
2507.0000000 9.37702
2505.0000000 9.37908
2503.0000000 9.38114
2501.0000000 9.38319
2499.0000000 9.38524
2497.0000000 9.38729
2495.0000000 9.38934
2493.0000000 9.39139
2491.0000000 9.39343
2489.0000000 9.39547
2487.0000000 9.39751
2485.0000000 9.39955
2483.0000000 9.40158
2481.0000000 9.40361
2479.0000000 9.40565
2477.0000000 9.40767
2475.0000000 9.4097
2473.0000000 9.41172
2471.0000000 9.41374
2469.0000000 9.41576
2467.0000000 9.41778
2465.0000000 9.4198
2463.0000000 9.42181
2461.0000000 9.42382
2459.0000000 9.42583
2457.0000000 9.42784
2455.0000000 9.42984
2453.0000000 9.43184
2451.0000000 9.43384
2449.0000000 9.43584
2447.0000000 9.43784
2445.0000000 9.43983
2443.0000000 9.44182
2441.0000000 9.44381
2439.0000000 9.4458
2437.0000000 9.44778
2435.0000000 9.44977
2433.0000000 9.45175
2431.0000000 9.45373
2429.0000000 9.4557
2427.0000000 9.45768
2425.0000000 9.45965
2423.0000000 9.46162
2421.0000000 9.46359
2419.0000000 9.46555
2417.0000000 9.46752
2415.0000000 9.46948
2413.0000000 9.47144
2411.0000000 9.4734
2409.0000000 9.47535
2407.0000000 9.47731
2405.0000000 9.47926
2403.0000000 9.48121
2401.0000000 9.48315
2399.0000000 9.4851
2397.0000000 9.48704
2395.0000000 9.48898
2393.0000000 9.49092
2391.0000000 9.49286
2389.0000000 9.4948
2387.0000000 9.49673
2385.0000000 9.49866
2383.0000000 9.50059
2381.0000000 9.50251
2379.0000000 9.50444
2377.0000000 9.50636
2375.0000000 9.50828
2373.0000000 9.5102
2371.0000000 9.51212
2369.0000000 9.51403
2367.0000000 9.51594
2365.0000000 9.51785
2363.0000000 9.51976
2361.0000000 9.52167
2359.0000000 9.52357
2357.0000000 9.52547
2355.0000000 9.52737
2353.0000000 9.52927
2351.0000000 9.53117
2349.0000000 9.53306
2347.0000000 9.53495
2345.0000000 9.53684
2343.0000000 9.53873
2341.0000000 9.54062
2339.0000000 9.5425
2337.0000000 9.54439
2335.0000000 9.54627
2333.0000000 9.54814
2331.0000000 9.55002
2329.0000000 9.55189
2327.0000000 9.55377
2325.0000000 9.55564
2323.0000000 9.5575
2321.0000000 9.55937
2319.0000000 9.56123
2317.0000000 9.5631
2315.0000000 9.56496
2313.0000000 9.56681
2311.0000000 9.56867
2309.0000000 9.57053
2307.0000000 9.57238
2305.0000000 9.57423
2303.0000000 9.57608
2301.0000000 9.57792
2299.0000000 9.57977
2297.0000000 9.58161
2295.0000000 9.58345
2293.0000000 9.58529
2291.0000000 9.58713
2289.0000000 9.58896
2287.0000000 9.59079
2285.0000000 9.59262
2283.0000000 9.59445
2281.0000000 9.59628
2279.0000000 9.59811
2277.0000000 9.59993
2275.0000000 9.60175
2273.0000000 9.60357
2271.0000000 9.60539
2269.0000000 9.6072
2267.0000000 9.60902
2265.0000000 9.61083
2263.0000000 9.61264
2261.0000000 9.61445
2259.0000000 9.61625
2257.0000000 9.61806
2255.0000000 9.61986
2253.0000000 9.62166
2251.0000000 9.62346
2249.0000000 9.62525
2247.0000000 9.62705
2245.0000000 9.62884
2243.0000000 9.63063
2241.0000000 9.63242
2239.0000000 9.63421
2237.0000000 9.63599
2235.0000000 9.63778
2233.0000000 9.63956
2231.0000000 9.64134
2229.0000000 9.64312
2227.0000000 9.64489
2225.0000000 9.64667
2223.0000000 9.64844
2221.0000000 9.65021
2219.0000000 9.65198
2217.0000000 9.65374
2215.0000000 9.65551
2213.0000000 9.65727
2211.0000000 9.65903
2209.0000000 9.66079
2207.0000000 9.66255
2205.0000000 9.66431
2203.0000000 9.66606
2201.0000000 9.66781
2199.0000000 9.66956
2197.0000000 9.67131
2195.0000000 9.67306
2193.0000000 9.6748
2191.0000000 9.67654
2189.0000000 9.67828
2187.0000000 9.68002
2185.0000000 9.68176
2183.0000000 9.6835
2181.0000000 9.68523
2179.0000000 9.68696
2177.0000000 9.68869
2175.0000000 9.69042
2173.0000000 9.69215
2171.0000000 9.69387
2169.0000000 9.6956
2167.0000000 9.69732
2165.0000000 9.69904
2163.0000000 9.70075
2161.0000000 9.70247
2159.0000000 9.70418
2157.0000000 9.7059
2155.0000000 9.70761
2153.0000000 9.70932
2151.0000000 9.71102
2149.0000000 9.71273
2147.0000000 9.71443
2145.0000000 9.71613
2143.0000000 9.71783
2141.0000000 9.71953
2139.0000000 9.72123
2137.0000000 9.72292
2135.0000000 9.72462
2133.0000000 9.72631
2131.0000000 9.728
2129.0000000 9.72969
2127.0000000 9.73137
2125.0000000 9.73306
2123.0000000 9.73474
2121.0000000 9.73642
2119.0000000 9.7381
2117.0000000 9.73978
2115.0000000 9.74145
2113.0000000 9.74313
2111.0000000 9.7448
2109.0000000 9.74647
2107.0000000 9.74814
2105.0000000 9.7498
2103.0000000 9.75147
2101.0000000 9.75313
2099.0000000 9.7548
2097.0000000 9.75646
2095.0000000 9.75811
2093.0000000 9.75977
2091.0000000 9.76143
2089.0000000 9.76308
2087.0000000 9.76473
2085.0000000 9.76638
2083.0000000 9.76803
2081.0000000 9.76968
2079.0000000 9.77132
2077.0000000 9.77297
2075.0000000 9.77461
2073.0000000 9.77625
2071.0000000 9.77789
2069.0000000 9.77952
2067.0000000 9.78116
2065.0000000 9.78279
2063.0000000 9.78442
2061.0000000 9.78606
2059.0000000 9.78768
2057.0000000 9.78931
2055.0000000 9.79094
2053.0000000 9.79256
2051.0000000 9.79418
2049.0000000 9.7958
2047.0000000 9.79742
2045.0000000 9.79904
2043.0000000 9.80065
2041.0000000 9.80227
2039.0000000 9.80388
2037.0000000 9.80549
2035.0000000 9.8071
2033.0000000 9.80871
2031.0000000 9.81031
2029.0000000 9.81192
2027.0000000 9.81352
2025.0000000 9.81512
2023.0000000 9.81672
2021.0000000 9.81832
2019.0000000 9.81991
2017.0000000 9.82151
2015.0000000 9.8231
2013.0000000 9.82469
2011.0000000 9.82628
2009.0000000 9.82787
2007.0000000 9.82946
2005.0000000 9.83104
2003.0000000 9.83262
2001.0000000 9.83421
1999.0000000 9.83579
1997.0000000 9.83737
1995.0000000 9.83894
1993.0000000 9.84052
1991.0000000 9.84209
1989.0000000 9.84366
1987.0000000 9.84524
1985.0000000 9.8468
1983.0000000 9.84837
1981.0000000 9.84994
1979.0000000 9.8515
1977.0000000 9.85307
1975.0000000 9.85463
1973.0000000 9.85619
1971.0000000 9.85775
1969.0000000 9.8593
1967.0000000 9.86086
1965.0000000 9.86241
1963.0000000 9.86396
1961.0000000 9.86552
1959.0000000 9.86706
1957.0000000 9.86861
1955.0000000 9.87016
1953.0000000 9.8717
1951.0000000 9.87325
1949.0000000 9.87479
1947.0000000 9.87633
1945.0000000 9.87787
1943.0000000 9.8794
1941.0000000 9.88094
1939.0000000 9.88247
1937.0000000 9.88401
1935.0000000 9.88554
1933.0000000 9.88707
1931.0000000 9.8886
1929.0000000 9.89012
1927.0000000 9.89165
1925.0000000 9.89317
1923.0000000 9.89469
1921.0000000 9.89622
1919.0000000 9.89773
1917.0000000 9.89925
1915.0000000 9.90077
1913.0000000 9.90228
1911.0000000 9.9038
1909.0000000 9.90531
1907.0000000 9.90682
1905.0000000 9.90833
1903.0000000 9.90984
1901.0000000 9.91134
1899.0000000 9.91285
1897.0000000 9.91435
1895.0000000 9.91585
1893.0000000 9.91735
1891.0000000 9.91885
1889.0000000 9.92035
1887.0000000 9.92185
1885.0000000 9.92334
1883.0000000 9.92483
1881.0000000 9.92633
1879.0000000 9.92782
1877.0000000 9.92931
1875.0000000 9.93079
1873.0000000 9.93228
1871.0000000 9.93376
1869.0000000 9.93525
1867.0000000 9.93673
1865.0000000 9.93821
1863.0000000 9.93969
1861.0000000 9.94117
1859.0000000 9.94264
1857.0000000 9.94412
1855.0000000 9.94559
1853.0000000 9.94706
1851.0000000 9.94853
1849.0000000 9.95
1847.0000000 9.95147
1845.0000000 9.95294
1843.0000000 9.9544
1841.0000000 9.95587
1839.0000000 9.95733
1837.0000000 9.95879
1835.0000000 9.96025
1833.0000000 9.96171
1831.0000000 9.96317
1829.0000000 9.96462
1827.0000000 9.96608
1825.0000000 9.96753
1823.0000000 9.96898
1821.0000000 9.97043
1819.0000000 9.97188
1817.0000000 9.97333
1815.0000000 9.97477
1813.0000000 9.97622
1811.0000000 9.97766
1809.0000000 9.9791
1807.0000000 9.98054
1805.0000000 9.98198
1803.0000000 9.98342
1801.0000000 9.98486
1799.0000000 9.9863
1797.0000000 9.98773
1795.0000000 9.98916
1793.0000000 9.99059
1791.0000000 9.99202
1789.0000000 9.99345
1787.0000000 9.99488
1785.0000000 9.99631
1783.0000000 9.99773
1781.0000000 9.99916
1779.0000000 10.0006
1777.0000000 10.002
1775.0000000 10.0034
1773.0000000 10.0048
1771.0000000 10.0063
1769.0000000 10.0077
1767.0000000 10.0091
1765.0000000 10.0105
1763.0000000 10.0119
1761.0000000 10.0133
1759.0000000 10.0147
1757.0000000 10.0161
1755.0000000 10.0175
1753.0000000 10.019
1751.0000000 10.0204
1749.0000000 10.0218
1747.0000000 10.0232
1745.0000000 10.0246
1743.0000000 10.026
1741.0000000 10.0274
1739.0000000 10.0288
1737.0000000 10.0302
1735.0000000 10.0316
1733.0000000 10.0329
1731.0000000 10.0343
1729.0000000 10.0357
1727.0000000 10.0371
1725.0000000 10.0385
1723.0000000 10.0399
1721.0000000 10.0413
1719.0000000 10.0427
1717.0000000 10.044
1715.0000000 10.0454
1713.0000000 10.0468
1711.0000000 10.0482
1709.0000000 10.0496
1707.0000000 10.0509
1705.0000000 10.0523
1703.0000000 10.0537
1701.0000000 10.0551
1699.0000000 10.0564
1697.0000000 10.0578
1695.0000000 10.0592
1693.0000000 10.0606
1691.0000000 10.0619
1689.0000000 10.0633
1687.0000000 10.0647
1685.0000000 10.066
1683.0000000 10.0674
1681.0000000 10.0687
1679.0000000 10.0701
1677.0000000 10.0715
1675.0000000 10.0728
1673.0000000 10.0742
1671.0000000 10.0755
1669.0000000 10.0769
1667.0000000 10.0782
1665.0000000 10.0796
1663.0000000 10.0809
1661.0000000 10.0823
1659.0000000 10.0836
1657.0000000 10.085
1655.0000000 10.0863
1653.0000000 10.0877
1651.0000000 10.089
1649.0000000 10.0904
1647.0000000 10.0917
1645.0000000 10.0931
1643.0000000 10.0944
1641.0000000 10.0957
1639.0000000 10.0971
1637.0000000 10.0984
1635.0000000 10.0998
1633.0000000 10.1011
1631.0000000 10.1024
1629.0000000 10.1038
1627.0000000 10.1051
1625.0000000 10.1064
1623.0000000 10.1077
1621.0000000 10.1091
1619.0000000 10.1104
1617.0000000 10.1117
1615.0000000 10.113
1613.0000000 10.1144
1611.0000000 10.1157
1609.0000000 10.117
1607.0000000 10.1183
1605.0000000 10.1197
1603.0000000 10.121
1601.0000000 10.1223
1599.0000000 10.1236
1597.0000000 10.1249
1595.0000000 10.1262
1593.0000000 10.1275
1591.0000000 10.1289
1589.0000000 10.1302
1587.0000000 10.1315
1585.0000000 10.1328
1583.0000000 10.1341
1581.0000000 10.1354
1579.0000000 10.1367
1577.0000000 10.138
1575.0000000 10.1393
1573.0000000 10.1406
1571.0000000 10.1419
1569.0000000 10.1432
1567.0000000 10.1445
1565.0000000 10.1458
1563.0000000 10.1471
1561.0000000 10.1484
1559.0000000 10.1497
1557.0000000 10.151
1555.0000000 10.1523
1553.0000000 10.1536
1551.0000000 10.1549
1549.0000000 10.1562
1547.0000000 10.1575
1545.0000000 10.1587
1543.0000000 10.16
1541.0000000 10.1613
1539.0000000 10.1626
1537.0000000 10.1639
1535.0000000 10.1652
1533.0000000 10.1665
1531.0000000 10.1677
1529.0000000 10.169
1527.0000000 10.1703
1525.0000000 10.1716
1523.0000000 10.1728
1521.0000000 10.1741
1519.0000000 10.1754
1517.0000000 10.1767
1515.0000000 10.1779
1513.0000000 10.1792
1511.0000000 10.1805
1509.0000000 10.1818
1507.0000000 10.183
1505.0000000 10.1843
1503.0000000 10.1856
1501.0000000 10.1868
1499.0000000 10.1881
1497.0000000 10.1894
1495.0000000 10.1906
1493.0000000 10.1919
1491.0000000 10.1932
1489.0000000 10.1944
1487.0000000 10.1957
1485.0000000 10.1969
1483.0000000 10.1982
1481.0000000 10.1995
1479.0000000 10.2007
1477.0000000 10.202
1475.0000000 10.2032
1473.0000000 10.2045
1471.0000000 10.2057
1469.0000000 10.207
1467.0000000 10.2082
1465.0000000 10.2095
1463.0000000 10.2107
1461.0000000 10.212
1459.0000000 10.2132
1457.0000000 10.2145
1455.0000000 10.2157
1453.0000000 10.217
1451.0000000 10.2182
1449.0000000 10.2194
1447.0000000 10.2207
1445.0000000 10.2219
1443.0000000 10.2232
1441.0000000 10.2244
1439.0000000 10.2256
1437.0000000 10.2269
1435.0000000 10.2281
1433.0000000 10.2294
1431.0000000 10.2306
1429.0000000 10.2318
1427.0000000 10.2331
1425.0000000 10.2343
1423.0000000 10.2355
1421.0000000 10.2368
1419.0000000 10.238
1417.0000000 10.2392
1415.0000000 10.2404
1413.0000000 10.2417
1411.0000000 10.2429
1409.0000000 10.2441
1407.0000000 10.2453
1405.0000000 10.2466
1403.0000000 10.2478
1401.0000000 10.249
1399.0000000 10.2502
1397.0000000 10.2515
1395.0000000 10.2527
1393.0000000 10.2539
1391.0000000 10.2551
1389.0000000 10.2563
1387.0000000 10.2576
1385.0000000 10.2588
1383.0000000 10.26
1381.0000000 10.2612
1379.0000000 10.2624
1377.0000000 10.2636
1375.0000000 10.2648
1373.0000000 10.2661
1371.0000000 10.2673
1369.0000000 10.2685
1367.0000000 10.2697
1365.0000000 10.2709
1363.0000000 10.2721
1361.0000000 10.2733
1359.0000000 10.2745
1357.0000000 10.2757
1355.0000000 10.2769
1353.0000000 10.2781
1351.0000000 10.2793
1349.0000000 10.2805
1347.0000000 10.2817
1345.0000000 10.2829
1343.0000000 10.2841
1341.0000000 10.2853
1339.0000000 10.2865
1337.0000000 10.2877
1335.0000000 10.2889
1333.0000000 10.2901
1331.0000000 10.2913
1329.0000000 10.2925
1327.0000000 10.2937
1325.0000000 10.2949
1323.0000000 10.2961
1321.0000000 10.2973
1319.0000000 10.2985
1317.0000000 10.2997
1315.0000000 10.3008
1313.0000000 10.302
1311.0000000 10.3032
1309.0000000 10.3044
1307.0000000 10.3056
1305.0000000 10.3068
1303.0000000 10.308
1301.0000000 10.3092
1299.0000000 10.3103
1297.0000000 10.3115
1295.0000000 10.3127
1293.0000000 10.3139
1291.0000000 10.3151
1289.0000000 10.3163
1287.0000000 10.3174
1285.0000000 10.3186
1283.0000000 10.3198
1281.0000000 10.321
1279.0000000 10.3221
1277.0000000 10.3233
1275.0000000 10.3245
1273.0000000 10.3257
1271.0000000 10.3268
1269.0000000 10.328
1267.0000000 10.3292
1265.0000000 10.3304
1263.0000000 10.3315
1261.0000000 10.3327
1259.0000000 10.3339
1257.0000000 10.3351
1255.0000000 10.3362
1253.0000000 10.3374
1251.0000000 10.3386
1249.0000000 10.3397
1247.0000000 10.3409
1245.0000000 10.3421
1243.0000000 10.3432
1241.0000000 10.3444
1239.0000000 10.3456
1237.0000000 10.3467
1235.0000000 10.3479
1233.0000000 10.349
1231.0000000 10.3502
1229.0000000 10.3514
1227.0000000 10.3525
1225.0000000 10.3537
1223.0000000 10.3548
1221.0000000 11.0285
1219.0000000 11.0292
1217.0000000 11.03
1215.0000000 11.0307
1213.0000000 11.0315
1211.0000000 11.0323
1209.0000000 11.033
1207.0000000 11.0338
1205.0000000 11.0345
1203.0000000 11.0353
1201.0000000 11.036
1199.0000000 11.0368
1197.0000000 11.0376
1195.0000000 11.0383
1193.0000000 11.0391
1191.0000000 11.0398
1189.0000000 11.0405
1187.0000000 11.0413
1185.0000000 11.042
1183.0000000 11.0428
1181.0000000 11.0435
1179.0000000 11.0443
1177.0000000 11.045
1175.0000000 11.0457
1173.0000000 11.0465
1171.0000000 11.0472
1169.0000000 11.0479
1167.0000000 11.0487
1165.0000000 11.0494
1163.0000000 11.0501
1161.0000000 11.0509
1159.0000000 11.0516
1157.0000000 11.0523
1155.0000000 11.053
1153.0000000 11.0538
1151.0000000 11.0545
1149.0000000 11.0552
1147.0000000 11.0559
1145.0000000 11.0566
1143.0000000 11.0574
1141.0000000 11.0581
1139.0000000 11.0588
1137.0000000 11.0595
1135.0000000 11.0602
1133.0000000 11.0609
1131.0000000 11.0616
1129.0000000 11.0624
1127.0000000 11.0631
1125.0000000 11.0638
1123.0000000 11.0645
1121.0000000 11.0652
1119.0000000 11.0659
1117.0000000 11.0666
1115.0000000 11.0673
1113.0000000 11.068
1111.0000000 11.0687
1109.0000000 11.0694
1107.0000000 11.0701
1105.0000000 11.0708
1103.0000000 11.0714
1101.0000000 11.0721
1099.0000000 11.0728
1097.0000000 11.0735
1095.0000000 11.0742
1093.0000000 11.0749
1091.0000000 11.0756
1089.0000000 11.0763
1087.0000000 11.0769
1085.0000000 11.0776
1083.0000000 11.0783
1081.0000000 11.079
1079.0000000 11.0797
1077.0000000 11.0803
1075.0000000 11.081
1073.0000000 11.0817
1071.0000000 11.0824
1069.0000000 11.083
1067.0000000 11.0837
1065.0000000 11.0844
1063.0000000 11.085
1061.0000000 11.0857
1059.0000000 11.0864
1057.0000000 11.087
1055.0000000 11.0877
1053.0000000 11.0884
1051.0000000 11.089
1049.0000000 11.0897
1047.0000000 11.0903
1045.0000000 11.091
1043.0000000 11.0916
1041.0000000 11.0923
1039.0000000 11.0929
1037.0000000 11.0936
1035.0000000 11.0942
1033.0000000 11.0949
1031.0000000 11.0955
1029.0000000 11.0962
1027.0000000 11.0968
1025.0000000 11.0975
1023.0000000 11.0981
1021.0000000 11.0988
1019.0000000 11.0994
1017.0000000 11.1
1015.0000000 11.1007
1013.0000000 11.1013
1011.0000000 11.1019
1009.0000000 11.1026
1007.0000000 11.1032
1005.0000000 11.1038
1003.0000000 11.1045
1001.0000000 11.1051
999.0000000 11.1057
997.0000000 11.1064
995.0000000 11.107
993.0000000 11.1076
991.0000000 11.1082
989.0000000 11.1088
987.0000000 11.1095
985.0000000 11.1101
983.0000000 11.1107
981.0000000 11.1113
979.0000000 11.1119
977.0000000 11.1125
975.0000000 11.1132
973.0000000 11.1138
971.0000000 11.1144
969.0000000 11.115
967.0000000 11.1156
965.0000000 11.1162
963.0000000 11.1168
961.0000000 11.1174
959.0000000 11.118
957.0000000 11.1186
955.0000000 11.1192
953.0000000 11.1198
951.0000000 11.1204
949.0000000 11.121
947.0000000 11.1216
945.0000000 11.1222
943.0000000 11.1228
941.0000000 11.1234
939.0000000 11.124
937.0000000 11.1245
935.0000000 11.1251
933.0000000 11.1257
931.0000000 11.1263
929.0000000 11.1269
927.0000000 11.1275
925.0000000 11.128
923.0000000 11.1286
921.0000000 11.1292
919.0000000 11.1298
917.0000000 11.1304
915.0000000 11.1309
913.0000000 11.1315
911.0000000 11.1321
909.0000000 11.1326
907.0000000 11.1332
905.0000000 11.1338
903.0000000 11.1344
901.0000000 11.1349
899.0000000 11.1355
897.0000000 11.136
895.0000000 11.1366
893.0000000 11.1372
891.0000000 11.1377
889.0000000 11.1383
887.0000000 11.1388
885.0000000 11.1394
883.0000000 11.14
881.0000000 11.1405
879.0000000 11.1411
877.0000000 11.1416
875.0000000 11.1422
873.0000000 11.1427
871.0000000 11.1433
869.0000000 11.1438
867.0000000 11.1443
865.0000000 11.1449
863.0000000 11.1454
861.0000000 11.146
859.0000000 11.1465
857.0000000 11.147
855.0000000 11.1476
853.0000000 11.1481
851.0000000 11.1487
849.0000000 11.1492
847.0000000 11.1497
845.0000000 11.1502
843.0000000 11.1508
841.0000000 11.1513
839.0000000 11.1518
837.0000000 11.1524
835.0000000 11.1529
833.0000000 11.1534
831.0000000 11.1539
829.0000000 11.1544
827.0000000 11.155
825.0000000 11.1555
823.0000000 11.156
821.0000000 11.1565
819.0000000 11.157
817.0000000 11.1575
815.0000000 11.1581
813.0000000 11.1586
811.0000000 11.1591
809.0000000 11.1596
807.0000000 11.1601
805.0000000 11.1606
803.0000000 11.1611
801.0000000 11.1616
799.0000000 11.1621
797.0000000 11.1626
795.0000000 11.1631
793.0000000 11.1636
791.0000000 11.1641
789.0000000 11.1646
787.0000000 11.1651
785.0000000 11.1656
783.0000000 11.1661
781.0000000 11.1666
779.0000000 11.1671
777.0000000 11.1675
775.0000000 11.168
773.0000000 11.1685
771.0000000 11.169
769.0000000 11.1695
767.0000000 11.17
765.0000000 11.1704
763.0000000 11.1709
761.0000000 11.1714
759.0000000 11.1719
757.0000000 11.1724
755.0000000 11.1728
753.0000000 11.1733
751.0000000 11.1738
749.0000000 11.1742
747.0000000 11.1747
745.0000000 11.1752
743.0000000 11.1756
741.0000000 11.1761
739.0000000 11.1766
737.0000000 11.177
735.0000000 11.1775
733.0000000 11.178
731.0000000 11.1784
729.0000000 11.1789
727.0000000 11.1793
725.0000000 11.1798
723.0000000 11.1802
721.0000000 11.1807
719.0000000 11.1811
717.0000000 11.1816
715.0000000 11.182
713.0000000 11.1825
711.0000000 11.1829
709.0000000 11.1834
707.0000000 11.1838
705.0000000 11.1843
703.0000000 11.1847
701.0000000 11.1852
699.0000000 11.1856
697.0000000 11.186
695.0000000 11.1865
693.0000000 11.1869
691.0000000 11.1873
689.0000000 11.1878
687.0000000 11.1882
685.0000000 11.1886
683.0000000 11.1891
681.0000000 11.1895
679.0000000 11.1899
677.0000000 11.1903
675.0000000 11.1908
673.0000000 11.1912
671.0000000 11.1916
669.0000000 11.192
667.0000000 11.1924
665.0000000 11.1929
663.0000000 11.1933
661.0000000 11.1937
659.0000000 11.1941
657.0000000 11.1945
655.0000000 11.1949
653.0000000 11.1953
651.0000000 11.1958
649.0000000 11.1962
647.0000000 11.1966
645.0000000 11.197
643.0000000 11.1974
641.0000000 11.1978
639.0000000 11.1982
637.0000000 11.1986
635.0000000 11.199
633.0000000 11.1994
631.0000000 11.1998
629.0000000 11.2002
627.0000000 11.2006
625.0000000 11.201
623.0000000 11.2013
621.0000000 11.2017
619.0000000 11.2021
617.0000000 11.2025
615.0000000 11.2029
613.0000000 11.2033
611.0000000 11.2037
609.0000000 11.2041
607.0000000 11.2044
605.0000000 11.2048
603.0000000 11.2052
601.0000000 11.2056
599.0000000 11.2059
597.0000000 11.2063
595.0000000 11.2067
593.0000000 11.2071
591.0000000 11.2074
589.0000000 11.2078
587.0000000 11.2082
585.0000000 11.2085
583.0000000 11.2089
581.0000000 11.2093
579.0000000 11.2096
577.0000000 11.21
575.0000000 11.2104
573.0000000 11.2107
571.0000000 11.2111
569.0000000 11.2114
567.0000000 11.2118
565.0000000 11.2121
563.0000000 11.2125
561.0000000 11.2129
559.0000000 11.2132
557.0000000 11.2136
555.0000000 11.2139
553.0000000 11.2143
551.0000000 11.2146
549.0000000 11.2149
547.0000000 11.2153
545.0000000 11.2156
543.0000000 11.216
541.0000000 11.2163
539.0000000 11.2166
537.0000000 11.217
535.0000000 11.2173
533.0000000 11.2177
531.0000000 11.218
529.0000000 11.2183
527.0000000 11.2187
525.0000000 11.219
523.0000000 11.2193
521.0000000 11.2196
519.0000000 11.22
517.0000000 11.2203
515.0000000 11.2206
513.0000000 11.2209
511.0000000 11.2213
509.0000000 11.2216
507.0000000 11.2219
505.0000000 11.2222
503.0000000 11.2225
501.0000000 11.2228
499.0000000 11.2232
497.0000000 11.2235
495.0000000 11.2238
493.0000000 11.2241
491.0000000 11.2244
489.0000000 11.2247
487.0000000 11.225
485.0000000 11.2253
483.0000000 11.2256
481.0000000 11.2259
479.0000000 11.2262
477.0000000 11.2265
475.0000000 11.2268
473.0000000 11.2271
471.0000000 11.2274
469.0000000 11.2277
467.0000000 11.228
465.0000000 11.2283
463.0000000 11.2286
461.0000000 11.2289
459.0000000 11.2292
457.0000000 11.2295
455.0000000 11.2297
453.0000000 11.23
451.0000000 11.2303
449.0000000 11.2306
447.0000000 11.2309
445.0000000 11.2312
443.0000000 11.2314
441.0000000 11.2317
439.0000000 11.232
437.0000000 11.2323
435.0000000 11.2325
433.0000000 11.2328
431.0000000 11.2331
429.0000000 11.2333
427.0000000 11.2336
425.0000000 11.2339
423.0000000 11.2341
421.0000000 11.2344
419.0000000 11.2347
417.0000000 11.2349
415.0000000 11.2352
413.0000000 11.2355
411.0000000 11.2357
409.0000000 11.236
407.0000000 11.2362
405.0000000 11.2365
403.0000000 11.2367
401.0000000 11.237
399.0000000 11.2372
397.0000000 11.2375
395.0000000 11.2377
393.0000000 11.238
391.0000000 11.2382
389.0000000 11.2385
387.0000000 11.2387
385.0000000 11.239
383.0000000 11.2392
381.0000000 11.2394
379.0000000 11.2397
377.0000000 11.2399
375.0000000 11.2402
373.0000000 11.2404
371.0000000 11.2406
369.0000000 11.2409
367.0000000 11.2411
365.0000000 11.2413
363.0000000 11.2415
361.0000000 11.2418
359.0000000 11.242
357.0000000 11.2422
355.0000000 11.2424
353.0000000 11.2427
351.0000000 11.2429
349.0000000 11.2431
347.0000000 11.2433
345.0000000 11.2435
343.0000000 11.2438
341.0000000 11.244
339.0000000 11.2442
337.0000000 11.2444
335.0000000 11.2446
333.0000000 11.2448
331.0000000 11.245
329.0000000 11.2452
327.0000000 11.2454
325.0000000 11.2456
323.0000000 11.2458
321.0000000 11.246
319.0000000 11.2462
317.0000000 11.2464
315.0000000 11.2466
313.0000000 11.2468
311.0000000 11.247
309.0000000 11.2472
307.0000000 11.2474
305.0000000 11.2476
303.0000000 11.2478
301.0000000 11.248
299.0000000 11.2482
297.0000000 11.2484
295.0000000 11.2486
293.0000000 11.2487
291.0000000 11.2489
289.0000000 11.2491
287.0000000 11.2493
285.0000000 11.2495
283.0000000 11.2496
281.0000000 11.2498
279.0000000 11.25
277.0000000 11.2502
275.0000000 11.2503
273.0000000 11.2505
271.0000000 11.2507
269.0000000 11.2509
267.0000000 11.251
265.0000000 11.2512
263.0000000 11.2514
261.0000000 11.2515
259.0000000 11.2517
257.0000000 11.2518
255.0000000 11.252
253.0000000 11.2522
251.0000000 11.2523
249.0000000 11.2525
247.0000000 11.2526
245.0000000 11.2528
243.0000000 11.2529
241.0000000 11.2531
239.0000000 11.2532
237.0000000 11.2534
235.0000000 11.2535
233.0000000 11.2537
231.0000000 11.2538
229.0000000 11.254
227.0000000 11.2541
225.0000000 11.2543
223.0000000 11.2544
221.0000000 11.2545
219.0000000 11.2547
217.0000000 11.2548
215.0000000 11.255
213.0000000 11.2551
211.0000000 11.2552
209.0000000 11.2554
207.0000000 11.2555
205.0000000 11.2556
203.0000000 11.2557
201.0000000 11.2559
199.0000000 11.256
197.0000000 11.2561
195.0000000 11.2562
193.0000000 11.2564
191.0000000 11.2565
189.0000000 11.2566
187.0000000 11.2567
185.0000000 11.2568
183.0000000 11.2569
181.0000000 11.2571
179.0000000 11.2572
177.0000000 11.2573
175.0000000 11.2574
173.0000000 11.2575
171.0000000 11.2576
169.0000000 11.2577
167.0000000 11.2578
165.0000000 11.2579
163.0000000 11.258
161.0000000 11.2581
159.0000000 11.2582
157.0000000 11.2583
155.0000000 11.2584
153.0000000 11.2585
151.0000000 11.2586
149.0000000 11.2587
147.0000000 11.2588
145.0000000 11.2589
143.0000000 11.259
141.0000000 11.2591
139.0000000 11.2592
137.0000000 11.2593
135.0000000 11.2593
133.0000000 11.2594
131.0000000 11.2595
129.0000000 11.2596
127.0000000 11.2597
125.0000000 11.2598
123.0000000 11.2598
121.0000000 11.2599
119.0000000 11.26
117.0000000 11.2601
115.0000000 11.2601
113.0000000 11.2602
111.0000000 11.2603
109.0000000 11.2603
107.0000000 11.2604
105.0000000 11.2605
103.0000000 11.2605
101.0000000 11.2606
99.0000000 11.2607
97.0000000 11.2607
95.0000000 11.2608
93.0000000 11.2608
91.0000000 11.2609
89.0000000 11.261
87.0000000 11.261
85.0000000 11.2611
83.0000000 11.2611
81.0000000 11.2612
79.0000000 11.2612
77.0000000 11.2613
75.0000000 11.2613
73.0000000 11.2614
71.0000000 11.2614
69.0000000 11.2615
67.0000000 11.2615
65.0000000 11.2615
63.0000000 11.2616
61.0000000 11.2616
59.0000000 11.2617
57.0000000 11.2617
55.0000000 11.2617
53.0000000 11.2618
51.0000000 11.2618
49.0000000 11.2618
47.0000000 11.2619
45.0000000 11.2619
43.0000000 11.2619
41.0000000 11.2619
39.0000000 11.262
37.0000000 11.262
35.0000000 11.262
33.0000000 11.262
31.0000000 11.262
29.0000000 11.2621
27.0000000 11.2621
25.0000000 11.2621
23.0000000 11.2621
21.0000000 11.2621
19.0000000 11.2621
17.0000000 11.2622
15.0000000 11.2622
13.0000000 11.2622
11.0000000 11.2622
9.0000000 11.2622
7.0000000 11.2622
5.0000000 11.2622
3.0000000 11.2622
1.0000000 11.2622
