5.488810 7.425035
5.872981 4.926863
4.700048 5.764604
5.392191 5.343116
4.681990 8.147141
4.299474 2.574910
4.418190 8.374714
4.584897 5.323463
3.955541 6.841237
4.096231 5.026621
4.894236 4.466021
4.260882 6.733848
4.056874 7.068805
4.107670 5.019736
4.026377 8.831347
4.978230 6.230120
5.662490 6.203759
5.630477 6.571069
5.239680 5.731741
4.627248 3.808014
4.410222 5.226349
4.930010 8.289819
5.601367 4.583844
4.516335 8.686224
4.822771 4.550533
4.657214 4.164904
4.501491 7.902791
6.047979 4.388795
4.187551 7.046057
5.781027 3.380646
4.911478 7.053204
5.137138 5.324324
4.017178 5.066463
5.904637 6.686067
5.114333 7.836851
5.408794 5.326975
4.727999 5.009117
5.287842 4.137653
5.070611 4.401172
5.602848 5.772414
5.532080 6.455873
4.946257 4.553966
4.237878 6.201739
6.131621 5.867584
4.075841 6.611433
4.031109 7.107862
3.777670 5.206100
4.898866 4.036088
3.913737 3.149097
4.617293 8.291949
5.473447 4.620792
4.740087 4.098353
5.080347 5.555662
6.235430 4.927689
5.060161 5.841910
4.443710 7.360360
4.004524 9.336895
4.410660 4.711671
5.382755 8.319736
4.238048 7.590694
5.706620 4.866570
4.948624 3.952389
5.409872 7.378634
4.727201 7.959091
4.378542 7.307950
5.434210 6.204600
5.250618 4.732245
3.931436 7.647738
5.548141 5.540067
5.340466 5.820098
5.470914 5.117154
4.901978 4.807295
6.182768 7.094424
4.619774 5.139594
5.416264 7.608249
4.174752 7.495833
5.984153 6.201376
5.783883 6.528456
4.817088 7.259361
5.136775 3.212751
4.518581 4.058701
4.850469 8.237012
4.940431 4.548085
5.239428 5.598305
5.004963 6.005276
5.118096 3.486262
5.295042 3.551708
5.142960 4.477846
5.723157 3.756772
4.846667 7.420614
5.362782 3.800102
4.487709 4.484420
4.652555 4.703918
4.853117 4.805818
6.128226 4.480842
5.871060 6.699435
5.310922 6.432446
4.404613 3.827632
4.380967 4.731913
3.878538 3.555983
6.196420 4.950491
6.212886 5.258489
6.114473 4.014871
4.499528 4.877720
3.844241 5.037395
5.564130 6.555045
4.152356 5.152391
6.017353 3.787090
4.480123 7.502096
4.422321 4.970553
5.444675 4.096645
4.907086 4.089768
5.096058 7.924492
4.783230 6.183507
4.854427 6.127993
4.976368 6.462163
4.790269 6.171207
4.997254 6.085334
4.785931 6.451101
5.293327 6.117890
4.985629 6.242335
5.224153 5.945026
4.722495 6.392049
5.310308 5.798335
5.325297 6.826426
4.045434 7.745644
5.074586 4.500811
4.378737 3.988751
4.839949 5.937599
5.131654 6.210811
4.859562 6.036473
5.071502 6.329608
5.081435 5.777643
5.439602 5.244020
4.876649 6.276680
4.936852 6.458238
4.924018 5.667623
5.009015 6.226835
4.881110 6.638601
5.854796 4.836680
4.920873 6.592704
4.732019 5.671331
5.096231 5.754895
4.924706 6.556319
5.219720 6.117113
4.972034 4.680974
5.234969 6.173862
4.299881 6.807792
4.126958 7.130138
5.407697 3.364708
4.174456 6.053672
5.262982 6.290829
4.770856 5.933103
5.702621 5.700788
5.180941 4.144876
3.773930 5.210485
4.726616 6.097373
5.129743 5.856342
5.314641 8.351847
4.971171 6.223897
4.872745 5.823802
4.811907 6.511927
4.915302 6.541896
4.952232 5.933005
5.175710 6.719756
6.208302 6.637980
5.264299 6.343202
5.287879 5.512081
5.226789 5.387486
3.757470 6.819045
4.855081 5.725784
5.096631 4.896689
4.763476 6.293455
4.920157 6.013523
5.069627 5.600685
4.641024 3.111387
4.069684 4.965923
4.834401 5.717803
5.008779 4.119512
5.206822 6.025059
5.256505 5.839210
4.622647 7.585176
4.888823 5.555208
5.084506 6.652681
3.784596 5.667825
5.261076 6.820200
5.279566 5.406754
4.918612 5.696768
4.788560 5.617014
4.986314 5.977092
5.258492 5.891348
4.948266 7.084355
4.934893 7.004945
4.986727 5.406401
4.979424 5.370228
5.231981 6.583462
5.390135 6.183084
5.171959 6.286999
5.045586 4.777182
4.828943 7.093226
4.843823 5.986019
4.789329 7.091366
4.359876 5.265128
5.910332 7.319463
4.276999 9.066125
4.264780 6.608921
4.728181 6.946694
4.947397 6.096080
5.476701 4.290085
4.352166 5.819749
4.890880 6.717605
5.157516 6.352401
4.693415 5.883237
5.106438 5.638749
4.383833 4.135731
5.072693 5.323680
4.937606 3.537379
4.825856 7.138992
4.566629 6.330578
5.734149 5.153203
4.728567 6.495013
4.466206 6.522136
6.200870 5.767583
5.209234 5.344344
5.344171 3.690567
4.470476 3.348861
4.743618 5.874938
4.890405 7.031698
4.548991 6.222883
5.087869 6.148665
4.891004 6.168838
4.899615 5.600900
4.675441 5.961028
5.527096 4.432589
5.466943 6.919025
5.262049 7.021550
5.393148 5.606529
5.744011 5.817824
5.653513 4.025997
5.573296 2.453859
5.959724 2.066633
5.230490 5.003755
4.929157 6.653993
5.070276 6.114515
5.019840 5.253824
5.118077 5.797131
4.453708 6.678988
5.407065 4.323681
3.902536 6.926314
5.156199 3.433402
5.267404 5.189143
4.448268 6.863322
5.015775 7.067369
5.233593 5.844032
4.959914 7.012155
4.616612 6.655238
3.812953 7.544712
6.794625 5.217135
4.968215 5.716414
4.922021 6.021698
5.440907 5.739796
4.876870 6.624547
4.907256 8.114786
5.168074 6.087976
5.012227 6.591010
5.174402 6.439260
5.542854 6.075316
4.585097 5.662484
4.767616 6.101028
5.034830 5.264877
4.658938 6.673181
5.855559 5.513751
5.548333 5.850126
5.594321 5.964818
4.936230 4.351997
5.348431 7.846611
5.243802 5.396849
4.653687 3.852572
5.075013 5.910652
5.513289 4.033974
5.041003 7.055710
5.203683 5.016649
4.217358 6.922341
4.864454 6.863490
5.403692 6.443557
5.044511 6.401022
4.895528 5.001722
5.386740 6.231012
5.613087 5.901895
4.952093 3.325878
4.872278 5.426198
4.932320 3.131351
4.530586 6.303763
4.779551 7.437715
4.748075 6.092121
4.838557 5.958376
4.729610 7.189156
4.485906 6.729080
4.769941 5.154042
5.226593 5.336467
4.313766 7.904636
4.819843 5.665755
5.498640 3.300562
4.716809 7.439460
4.902396 6.307245
5.200608 5.029432
6.011536 6.377744
5.502512 5.506700
4.961766 7.464557
4.840600 5.251701
5.455148 6.247971
5.191824 6.619882
4.205958 8.188342
5.369447 6.066227
4.791585 6.274136
4.508089 5.673251
3.851740 4.217377
5.250153 6.244181
4.246789 8.554522
4.986743 5.957926
5.464390 5.453398
5.015392 6.906579
3.765817 5.245030
5.492103 5.741982
5.404643 6.320312
4.661249 6.394663
4.712727 5.423023
4.851696 6.879583
4.722723 7.310512
5.752613 3.896015
4.215474 8.683079
5.140577 7.106329
5.388163 5.525910
6.095982 4.823965
5.283476 5.185879
4.733574 7.441017
4.662336 7.253102
4.335884 5.496105
4.458745 6.007309
5.512967 5.938076
3.892323 8.263713
5.096169 5.701506
5.259306 6.740821
4.950864 5.926002
6.172009 3.699828
4.477162 5.422403
5.341961 6.590453
4.107193 7.222330
5.061605 5.283670
5.078910 7.295841
5.525270 6.460303
7.360244 1.158912
4.951685 6.860677
4.939377 7.651832
4.994394 5.185129
5.535566 6.843383
5.564114 6.651788
4.976924 5.599568
4.396886 5.586448
5.541749 8.062853
5.422596 7.002609
5.829413 6.167458
4.685324 7.523270
5.119889 5.054536
5.309120 5.837796
5.529677 6.652414
4.593909 6.241886
4.520214 5.397515
5.000302 7.271953
4.509684 6.689597
5.175579 7.114091
5.043313 4.829419
4.381787 5.825699
5.550211 6.452549
5.396666 4.137016
4.856215 5.282028
5.443422 6.689189
5.303408 6.487319
5.041625 6.074792
5.584072 5.311888
4.727249 7.214116
5.087395 5.570143
4.906533 6.436110
4.579504 3.767114
6.199100 3.968525
5.662886 3.234174
5.441210 5.453324
4.894552 5.436721
4.468293 8.916057
4.932926 6.847884
5.333649 6.642148
5.404370 6.680866
5.612122 5.980772
4.517657 5.980666
4.878551 4.913673
4.761577 4.794088
5.441365 3.763209
4.430716 3.447971
4.383639 5.745044
5.258214 7.396346
4.919681 4.894922
5.874950 5.248941
5.015346 7.288770
6.034816 4.454610
3.835544 8.116429
4.933718 5.163515
5.098896 5.846082
4.555759 6.670604
5.616659 5.142748
4.497390 7.198761
4.569283 5.389178
4.597577 7.203669
4.523087 6.417786
5.319964 6.580714
4.729619 7.148227
5.391100 6.033822
5.055655 6.610662
4.977294 6.425467
5.307731 7.121639
5.044021 5.410676
4.754510 4.713987
3.971893 9.705885
4.839300 5.627805
5.592407 3.721313
5.484016 6.526371
4.921525 6.150301
5.050445 5.995087
5.187995 3.923605
4.555590 5.962428
5.414656 6.563960
5.167448 6.611689
5.446294 6.846385
5.213730 5.310202
5.298456 4.722077
4.779101 7.723431
4.963169 5.445442
4.477943 6.846686
5.085454 6.976809
5.229720 5.007946
4.099744 6.115287
4.789773 4.847933
5.554277 3.182171
5.439173 6.672771
5.150353 7.325488
5.055260 3.795884
5.234374 6.465376
4.474148 5.302478
5.086900 4.976214
4.980792 4.719771
4.734995 5.084833
5.374959 7.062656
5.365257 5.337075
4.693060 5.329091
5.593723 6.517229
5.425182 6.541971
5.586642 5.936422
5.539124 3.292833
4.635592 3.959237
4.504498 6.618447
5.705417 7.854228
5.401325 6.769551
5.617094 4.797759
4.381402 5.068637
4.509265 7.346757
4.625319 6.128030
4.871270 7.626299
4.600823 6.616005
5.437200 6.992736
5.556391 4.600159
4.882358 5.158485
6.097936 3.993117
5.602407 6.165875
6.208876 3.968454
4.405103 7.240971
5.101596 6.394767
4.980049 4.702673
4.565193 5.011690
5.504714 5.372754
5.469862 4.834453
5.072330 7.461196
5.124148 5.364920
5.281126 7.578790
5.197149 7.644098
4.709778 5.278330
5.505156 3.703184
5.563662 5.632006
5.030725 7.722260
4.967037 5.488001
4.753850 5.444197
5.842165 7.933204
4.613017 7.181207
5.521826 5.199512
4.813454 5.728955
5.329557 6.587722
5.487643 6.394177
5.031633 6.139451
5.144837 4.740898
4.570013 5.352994
4.302892 6.966496
4.422993 5.045303
5.413991 5.340918
5.142879 4.634239
4.810334 4.729014
4.858822 4.401741
5.046011 4.771630
4.530801 6.287027
5.104840 7.620674
4.802062 5.356339
4.998821 6.873368
4.038536 4.785417
4.190276 8.951497
4.277339 6.330458
4.206035 6.392801
5.646375 4.140581
5.511708 5.471783
5.438097 5.744245
5.153459 7.755161
4.072440 6.546952
4.633518 6.473664
4.819323 6.133458
5.224991 4.801198
4.580521 8.501582
5.373162 5.173695
4.910757 4.804103
5.347827 6.506988
4.385680 7.581692
4.547963 5.173522
4.393459 7.664349
4.107877 8.723174
4.635948 5.201375
5.589055 6.191969
4.333552 6.584161
5.256887 4.750822
4.340532 6.617596
4.302415 6.644830
5.590470 5.484581
5.156770 5.767960
4.146225 7.634343
5.555512 4.882712
4.599684 6.431239
4.202590 6.478384
4.986773 4.575971
5.519268 7.246299
4.169484 6.149834
4.483813 5.664617
4.848583 5.123494
5.620052 5.807235
5.498266 6.845462
5.720499 5.838840
4.501478 5.058155
5.136065 6.819530
5.182315 5.721536
5.390291 6.716325
5.224094 5.470047
4.342016 6.107943
4.966650 7.441109
5.360446 7.291268
4.953676 6.314196
5.635617 5.678554
5.082741 4.834795
5.105779 7.430487
3.846814 3.896734
5.483861 4.847738
5.431089 4.736854
5.056641 5.156554
4.702874 5.001598
5.298207 7.757760
4.917072 4.486283
4.183994 6.836246
5.891056 6.003179
5.103402 3.602872
4.095768 6.148860
4.989274 4.646677
5.412570 6.143932
5.215606 5.877674
4.427284 6.568142
4.383602 5.260445
5.138147 4.966376
5.111373 5.651620
4.798561 8.181527
5.118728 6.003057
5.599334 7.114698
5.507079 4.825327
5.869874 6.104988
4.455268 4.925423
5.040551 7.731167
4.486140 7.485793
4.793916 6.475683
4.491924 6.918751
5.714351 6.231329
4.781090 6.609046
5.171850 7.329485
5.264002 4.477908
4.792074 7.809599
5.861396 5.395730
4.265174 5.846585
4.182641 5.731412
4.524481 4.836866
5.133422 5.021151
6.225482 4.913913
5.286294 7.032316
4.593070 6.679338
5.891873 6.303751
5.717307 6.347627
4.074093 7.048522
4.159211 6.194804
5.487289 3.363420
5.181712 4.784354
5.460367 5.585041
4.221178 5.770504
5.549785 7.252409
4.961290 4.482861
5.272866 5.187357
4.181352 5.847605
4.110794 6.017675
4.900465 8.094417
4.803339 6.119669
5.143507 6.479640
5.926124 5.230266
4.828001 7.804829
4.433898 5.829019
5.877944 5.223284
5.473450 4.701619
4.175448 5.690673
5.206332 4.897281
4.405159 6.393799
4.752977 7.017241
5.512414 6.819358
4.244798 7.000976
5.799845 5.755070
5.421281 2.530391
5.743484 5.819260
4.786983 7.955372
5.065529 7.718533
5.886504 5.340528
5.298165 6.249889
4.631518 5.158817
4.067747 6.009288
4.166836 6.733834
5.562229 4.453380
5.667413 6.435862
4.183918 5.675129
4.695803 5.512443
5.777295 7.469626
4.954103 6.309749
5.516989 6.914347
4.768604 5.042924
5.472749 5.469720
5.455900 7.276318
4.736362 6.586902
5.291156 4.311713
5.494389 4.869886
4.777757 4.564757
5.835934 6.553268
5.042435 7.905496
4.981160 8.027057
4.929804 5.364510
5.022083 6.970603
5.333019 6.854882
5.356899 5.179811
5.376003 4.640153
5.058601 4.217178
4.704437 6.060273
5.195916 8.037630
4.089889 6.246905
5.944089 8.416432
5.838839 4.272790
4.751543 6.113869
5.971660 5.466320
5.641849 5.600109
5.519791 3.041037
4.417779 5.192002
4.506572 6.245120
5.065275 3.034733
5.630754 5.838920
6.322585 5.609803
6.581184 5.543167
4.882677 6.456364
5.096330 7.914511
5.660792 6.854908
4.000252 7.751631
5.586092 7.060333
4.356337 6.435636
4.565995 7.328358
4.580064 6.310133
4.646716 5.247808
5.398225 6.359970
4.161789 6.567971
4.521497 6.182270
5.721915 4.956252
4.576049 4.870845
5.168870 5.866915
4.915173 5.386234
5.726456 5.740644
4.801789 7.532513
5.519411 4.437776
5.833217 5.252755
4.072459 6.948080
4.305905 5.764679
5.808059 5.244806
4.977146 6.029368
5.118859 4.231393
4.652730 6.316514
5.040355 5.299595
5.408896 7.659903
4.407955 5.145000
4.519427 6.073413
5.500567 6.166360
5.475738 6.969938
5.366764 4.128874
4.864145 4.352179
5.621551 4.436808
4.898732 4.266411
5.365556 6.984882
5.798501 7.740670
4.975229 6.150426
4.805838 4.117536
4.812259 5.136646
4.402979 6.385319
4.924409 5.632484
5.331657 4.181635
5.401699 6.535631
5.314063 7.666647
4.787029 4.189429
4.625881 7.138957
4.884893 7.273988
4.630766 7.937618
5.560288 7.694243
5.479767 5.132266
4.258748 4.168062
4.818021 6.119047
4.465807 7.318512
5.342377 6.243693
5.821974 6.547006
6.307027 3.748298
5.259861 7.423854
4.556529 5.020987
5.217974 5.963200
5.205201 7.441994
5.619274 7.572432
4.931311 6.660776
4.393556 5.366812
5.170952 6.482584
5.129282 6.142400
5.429635 6.603104
4.205136 5.984875
5.334418 4.243058
5.220761 7.941071
5.385605 6.933878
4.438072 4.640707
5.566564 8.117597
4.629455 3.287586
4.847322 4.771999
5.888328 6.410445
5.140057 5.718109
4.940928 4.421848
5.413819 7.014637
4.396938 4.674056
5.519210 7.560796
4.806214 8.711285
5.758443 5.333564
5.385391 6.067124
5.738760 5.113981
4.429207 4.664352
4.467978 8.080963
4.655211 4.650587
4.395971 6.899786
4.209223 5.232314
5.175139 4.405293
5.190161 4.752949
4.636236 6.033607
5.826360 7.021656
5.085832 7.971839
4.595768 7.711765
4.095721 6.531651
5.703175 5.252483
5.485046 5.042506
4.851480 8.281980
5.680902 6.973779
5.659839 6.602241
4.582781 6.904331
4.162143 5.020764
4.389784 5.282605
4.790606 7.309620
4.710674 4.289402
5.824571 3.596098
4.986892 5.952542
5.125778 8.653219
5.772636 8.349364
4.257719 5.069869
4.965307 5.809417
4.334129 7.615999
4.400924 4.424387
4.578318 7.003606
5.318246 7.599318
4.272936 6.657798
5.183912 7.262364
4.644131 4.534263
4.397961 7.346395
5.776657 4.989360
4.895248 5.648246
4.875569 6.502918
5.208066 7.174158
5.579419 6.801903
5.012829 3.563522
4.886739 5.972726
4.498284 6.305715
5.671352 7.147786
5.510090 4.136195
5.464766 4.189745
4.249895 6.900986
4.471026 5.872158
5.230584 9.023042
5.015868 6.189223
4.626581 6.170863
5.911888 5.155884
5.300403 7.366969
5.619335 5.060246
5.128277 3.772644
5.208651 8.172564
4.642019 5.865879
4.491271 6.130321
4.525538 6.017622
4.651813 4.708027
4.773422 4.928054
4.727049 7.733845
5.045686 6.803781
5.370700 8.110715
5.524739 6.427907
4.646852 5.865997
4.524579 4.832334
5.794699 2.947480
5.079282 4.952471
5.476929 7.359136
5.591221 7.984244
4.391410 6.120010
5.466293 3.906587
4.630496 5.154474
4.451796 6.407732
5.513658 5.525871
3.822136 6.547714
5.521327 6.033996
4.504261 5.265336
5.054012 8.652664
5.595379 4.093034
4.749194 5.143369
4.505264 6.905473
4.626953 6.250765
4.323506 5.279127
5.622424 5.091124
6.139832 4.663355
4.941273 5.576535
5.551924 6.970895
4.898930 4.950728
5.757883 6.585690
4.376204 4.135296
4.758677 3.884944
5.569250 6.313843
4.130435 5.869596
5.356944 4.666132
4.989227 5.051274
4.645940 8.159271
4.521868 6.654538
5.490556 5.458266
5.893091 4.243861
5.026600 7.165499
4.615296 4.282058
4.908151 7.709289
4.173634 8.025841
4.557889 4.154343
3.329688 7.227782
5.508775 2.977814
4.609940 2.660104
5.232269 3.972090
4.740556 6.857204
5.768881 5.066529
5.132023 6.010464
4.874148 8.222785
4.638043 4.406902
6.350330 6.755324
5.357592 5.840775
4.184534 5.960957
3.308861 6.668341
4.611410 5.075565
2.898051 5.857398
4.516993 7.897635
4.033563 6.507106
4.795242 4.023790
5.046513 6.207664
5.879819 7.446445
4.725627 4.568779
5.399268 7.897056
5.780358 5.285719
5.299945 3.787471
4.347466 3.363945
4.316409 5.592964
5.412466 8.062182
5.090046 8.172505
5.276086 4.042534
6.449845 6.383082
3.836310 7.046868
5.159894 3.027986
5.321663 4.640461
3.836924 5.773735
5.859749 6.418828
5.597614 4.240236
4.894218 7.142817
5.538142 3.560184
5.718798 3.936174
4.272060 3.259714
4.987498 4.030337
4.681592 4.611772
3.969386 6.347708
4.614952 6.650541
6.605329 5.557052
5.315927 7.824412
4.281525 4.011569
4.227326 4.706754
4.589641 1.899235
5.114622 3.508093
5.223254 7.327265
4.260110 7.626075
4.903053 3.922163
4.221429 5.421780
3.823627 7.328341
4.557321 4.844112
5.340948 7.926539
5.293493 8.707656
4.336736 4.517457
5.902918 5.678262
4.996418 3.723795
4.419176 3.905374
5.512092 3.614608
5.687127 7.224290
6.119841 5.251210
3.770232 6.241097
4.746583 3.765535
5.326407 7.191306
5.595317 3.712239
5.872663 5.880627
6.566677 7.197893
4.647018 3.836687
3.487693 5.222765
5.473125 3.887354
5.769884 6.536600
3.824306 6.101746
4.436593 4.654486
6.156542 6.059578
3.795085 6.841655
6.068808 9.042107
4.116181 8.578001
5.381084 5.001856
3.642198 5.077664
5.156894 8.637315
6.069520 4.314120
3.808063 5.228949
5.706535 7.065182
5.528974 5.750594
5.949939 6.155456
5.507017 6.446871
4.957336 2.607132
3.682017 5.929203
6.091790 7.123892
3.868699 5.822996
3.839342 6.731064
4.274555 7.871264
5.573131 8.165340
5.556758 7.126542
3.290843 4.539848
5.734325 7.106802
3.924946 5.848576
5.818126 4.258709
6.544264 2.799190
3.992924 6.884498
6.020711 7.224048
6.643725 7.421529
5.409610 6.602132
6.106469 4.345492
6.521461 6.077911
5.741139 7.061804
6.085280 5.079880
5.630551 7.872818
3.863749 6.589363
6.506373 6.767274
6.071494 7.819245
6.110086 6.236745
3.855343 4.129554
7.155787 4.648538
7.216248 5.449755
6.732655 5.937611
7.228989 4.047539
6.514752 3.840828
7.344352 3.479830
3.136433 5.776014
3.617114 9.494484
