5.099290 5.848189
5.523968 5.668663
5.406673 6.237956
5.473339 5.698400
4.515376 2.921575
4.016853 3.731393
3.837172 3.555630
5.504193 4.981676
5.171791 4.465237
5.135714 4.782042
5.079223 3.850662
5.590224 3.763034
5.529510 3.771132
5.156195 4.095186
5.325157 4.485488
5.149930 4.583371
5.587353 4.477886
5.325673 4.668749
3.889894 2.834013
4.765707 2.801833
4.590170 2.752305
4.171454 5.731664
4.341638 5.782063
3.956299 5.691082
5.216405 7.593399
5.546323 8.040556
5.151512 7.809896
3.792173 6.397217
3.867965 6.272865
3.842194 6.337614
4.269779 6.499039
4.999119 5.065989
4.484670 5.467647
4.808811 5.514074
4.302972 7.032465
4.039420 7.350905
4.250214 6.987644
3.767876 7.368469
4.492512 6.437181
4.478925 6.392634
4.707367 6.590737
4.936147 6.514310
4.979729 6.585740
4.887894 6.748920
5.353994 7.019711
5.123771 7.369132
5.376112 7.049441
5.549495 6.955183
5.495803 4.179814
5.283511 4.367030
5.387975 3.797301
5.420140 3.912927
7.303496 3.623191
6.666144 2.959359
7.437055 2.538397
5.776464 4.449873
5.943019 4.715980
6.151066 4.731136
5.914376 4.806330
3.877126 6.025714
3.930743 6.228854
4.191337 5.898370
6.193267 6.223061
5.648115 5.677411
6.090511 6.089519
6.033641 5.877643
6.115881 4.729548
6.220434 4.499057
5.962966 4.444385
5.969669 4.715850
5.710282 6.732982
6.032899 6.470520
6.181890 6.600493
5.239494 2.610634
6.231166 2.961551
5.684055 2.842185
5.258312 3.654746
4.522588 5.337770
4.735126 5.564096
4.695857 5.217324
4.794095 5.366230
4.749763 5.088349
4.604877 5.133836
4.482115 5.314111
5.944276 6.314554
5.934474 6.325449
6.041672 6.750671
6.126357 6.352708
5.374291 5.460788
5.613381 5.127524
5.225263 5.154022
4.471932 4.570553
4.378164 4.462342
4.851207 4.851741
4.984342 5.045517
4.929606 5.411459
4.529751 5.199495
6.941280 6.255724
7.129918 6.914280
6.841603 6.969710
7.033617 3.235204
6.320429 2.671671
6.934226 3.472520
6.811141 3.497983
4.014297 6.622466
3.827221 6.251307
3.799306 6.691379
4.536023 6.409676
4.953470 6.271566
4.548470 6.670984
4.519729 6.411031
6.087926 6.153349
5.940534 5.820106
5.769810 5.697918
3.921441 6.922773
3.958194 7.006567
4.063238 7.044856
6.208974 5.051836
5.808822 5.034473
5.632907 5.102375
5.983759 6.374581
6.065166 6.768931
6.199213 6.555655
4.984141 4.573865
4.813801 4.402407
4.450922 4.774195
4.718366 4.542106
4.807125 8.385154
4.906578 8.488796
4.845330 8.162020
4.604354 7.634122
4.944628 7.777107
4.659493 7.983044
4.615031 7.515377
5.977630 10.460392
6.154390 10.121861
6.159019 11.172017
4.662010 7.100156
4.582796 7.446952
4.524288 7.349015
4.621390 7.462101
3.971236 7.402161
3.822049 7.255938
4.023575 7.255233
4.505212 5.193190
4.557864 5.072936
4.631539 5.421578
4.480208 8.650314
4.897231 8.358042
4.543304 8.312934
6.178356 5.146172
5.846492 5.570595
5.635711 5.160188
5.554329 4.067546
5.612841 3.882733
5.273503 4.222117
5.512378 3.928280
5.589705 4.357721
5.553901 4.194183
3.771544 3.536695
4.834197 2.752743
4.645432 3.044500
5.095102 5.981780
5.497311 5.850641
5.325461 5.729271
9.990558 3.707250
8.025800 4.558240
8.385465 3.445367
6.143619 5.184772
6.098064 5.970659
5.359174 5.915177
4.142960 6.099063
4.127072 6.132197
3.966984 6.243752
4.148212 5.662890
5.183956 6.579967
5.174094 6.281287
5.590882 6.581965
5.498008 6.282207
5.342651 6.485123
5.385877 6.411437
5.245721 4.974242
5.480897 4.940685
5.293717 4.493079
5.229720 4.823800
6.474411 3.354843
6.564957 3.317733
6.307879 3.105641
5.606843 6.200033
5.331121 6.133882
5.198411 5.718622
5.671146 4.818786
6.162216 4.859989
5.727794 4.741182
4.117384 5.848222
4.052030 6.233849
3.967495 5.947757
4.529557 5.057417
4.745700 5.605276
4.867968 5.532420
5.181814 7.545854
5.376889 7.791021
5.550622 7.820167
4.229705 6.450960
3.888066 6.294926
4.178105 6.754874
5.813191 4.772511
6.141213 4.626240
5.659119 4.778461
5.749980 6.251187
5.771048 6.611974
5.910510 6.832420
4.971531 8.386851
4.781792 8.667323
4.561281 8.215700
4.377042 4.609129
4.795624 4.520330
4.576061 4.691617
3.753555 7.209237
4.129764 6.933913
4.256087 6.928944
4.757148 8.194342
4.539052 8.547266
4.748434 8.650199
6.789118 5.664208
7.449400 5.266041
6.818113 5.682884
5.049907 8.579071
5.600117 8.719033
5.124188 8.366875
5.205053 2.757894
5.011271 3.246265
5.820368 2.799833
4.097814 6.013054
4.097165 5.646534
3.884372 5.960800
4.833591 3.509164
4.798575 2.799225
4.923212 3.266984
4.432956 6.691341
4.824517 6.630152
7.011031 4.768039
7.018323 4.630212
6.402726 3.926099
7.228163 6.972977
7.050524 6.667374
6.902144 7.176042
5.088974 5.426875
5.258626 5.426034
5.420797 5.110384
4.338484 6.501703
4.350463 6.640317
5.015836 4.225214
5.506142 3.967146
5.600060 3.880739
8.149363 -0.011353
6.211799 -4.950423
1.554303 -0.902504
6.108576 4.889927
5.697589 4.444569
6.027872 4.868170
6.156747 6.684480
6.074295 6.565304
6.062289 6.819533
5.397650 6.978544
5.501235 6.884212
5.193371 7.302145
6.079257 5.689839
6.019612 6.031791
6.021398 5.816755
5.587790 7.484495
5.798208 6.674923
5.396661 6.788527
4.469502 6.994811
4.650759 6.913435
4.855589 6.973224
4.664769 7.554042
4.803974 7.520945
4.904193 7.569098
6.875420 7.181435
6.315258 7.068553
6.340038 7.031686
4.059785 2.660218
3.774035 2.935827
4.628003 3.533891
5.106186 8.201058
5.295189 8.257223
5.157190 7.816400
5.093392 7.710612
5.755467 10.484209
5.336972 11.053822
5.972119 10.420755
5.524216 8.678489
5.577209 8.642400
5.405323 8.493242
3.760806 5.274127
4.195964 5.312186
3.854905 6.318779
4.180737 6.634340
4.260677 6.257377
5.206085 7.041445
6.234714 6.261758
5.213250 6.177615
5.476926 3.593997
5.796264 3.175985
6.236726 3.145529
3.902645 5.178862
4.223610 5.334788
3.771282 5.285132
3.818942 5.061842
4.144278 5.566407
4.431032 5.704789
4.436400 5.781305
4.757330 6.230094
5.380886 4.621819
5.387117 4.747368
5.552756 2.746167
5.490203 2.530150
5.433664 2.754234
5.330366 5.310314
5.015387 5.294851
5.460018 5.157441
6.155699 11.072201
5.940369 10.990971
5.730165 10.557693
5.508029 4.749959
5.002176 4.779490
4.808497 4.982079
4.963514 4.835074
4.760299 4.725594
4.186277 5.936409
3.989421 6.068235
6.172607 5.158507
6.234653 5.150918
5.701647 5.117712
5.067070 6.924659
5.423902 6.921573
5.062241 7.000701
5.216391 4.370105
5.401169 4.201020
5.504024 4.033574
4.429152 4.258363
4.781240 3.803252
6.183003 5.811126
5.988259 5.816772
3.781546 7.392288
3.907060 7.371805
4.455557 7.734076
4.999787 8.108832
4.460584 8.084409
4.054466 5.035248
3.813773 5.143625
4.168206 5.571125
4.624776 4.365469
4.945680 4.171259
4.594823 3.928330
7.487573 2.670753
7.236937 3.323457
6.992588 2.938851
5.460796 6.149464
5.604177 5.990137
4.491744 4.511627
4.388278 4.325210
4.958507 4.025350
5.335847 6.219810
5.139635 6.055607
3.993793 7.329789
3.767282 6.884887
4.074011 6.927633
5.939036 4.774749
5.928589 4.849190
6.092722 4.457051
3.929904 5.506579
3.849338 5.282724
4.699882 8.451395
4.449038 8.500978
4.677710 8.575294
4.477806 7.107628
4.495871 7.426219
5.510379 6.484422
5.149752 6.478518
5.234973 6.349935
5.085228 6.812404
5.345310 6.773894
5.574293 6.767188
3.787194 6.791729
3.792251 6.810178
6.060612 5.397284
5.652496 5.564606
6.008701 5.204304
4.702567 6.476510
4.833340 6.444514
4.871563 3.857158
4.972645 3.942657
5.595322 3.851836
5.560810 3.863064
5.431595 4.260388
5.848238 1.265781
5.418700 2.421977
5.035403 2.273737
4.451537 9.974018
4.575458 9.446669
4.359584 9.714455
5.355422 5.592448
5.232777 5.550373
5.109869 2.271995
5.748349 1.373661
6.097724 1.906868
4.717595 4.201022
4.885416 4.259013
5.928108 3.824310
5.634688 3.983613
6.158959 3.764727
4.841380 4.911650
4.513433 4.970484
4.683865 4.442057
6.228549 6.644993
6.139277 6.728801
5.767398 6.316436
4.087050 5.127271
3.866397 5.419499
4.364119 5.038881
5.004708 4.645932
5.080390 4.801780
6.234611 4.110089
5.820199 3.925945
5.825949 3.813592
4.351353 3.428097
4.348459 3.559007
4.098493 2.805583
6.098781 4.552732
6.091056 4.628874
5.987481 4.524224
4.769995 7.160204
4.947164 7.187895
4.653309 7.474456
4.095773 6.172848
4.020216 6.125417
3.848389 6.017024
4.228179 6.180982
3.865662 5.920782
3.875423 7.674113
3.929673 7.623346
4.026638 8.049772
5.385529 2.292844
5.254945 2.265829
5.497535 1.352810
4.565233 4.446010
4.767350 4.549082
4.907790 4.800449
4.968046 8.519927
4.759431 8.387111
4.449163 8.181702
4.084140 6.346628
3.984038 6.421272
6.065221 6.933114
6.029532 7.300413
5.701700 7.371065
6.098808 3.763989
5.645072 3.866509
6.078611 3.931847
4.050472 6.789072
3.876370 6.569187
4.287388 6.677166
5.033595 8.314094
5.062548 8.431875
5.122582 8.437762
4.049705 6.709121
4.262824 6.335592
4.328309 6.389627
4.676285 4.031886
4.489111 3.854331
5.082944 8.318325
5.011307 8.235332
5.565334 8.510744
6.043843 4.131152
5.775039 3.875781
4.062932 7.836298
3.775606 8.116530
5.349292 7.797103
5.304653 7.732809
3.940478 6.632164
4.098751 6.543244
4.200282 6.648975
5.863838 7.490903
5.841166 7.248744
5.526425 4.156392
5.595616 3.978009
5.176449 3.952601
4.048689 6.463721
4.075645 6.660356
4.044888 7.557613
4.024325 7.630705
3.940736 7.722470
3.827869 7.177236
4.180878 6.963524
3.920462 7.261756
4.432343 6.499823
4.556495 6.676955
4.117343 5.153102
3.760216 5.196763
3.941334 6.107479
3.962468 5.793283
5.458901 4.760615
5.586234 4.653433
5.493836 4.790045
5.993425 4.945439
5.813436 4.928422
3.839072 5.356266
4.192662 5.155822
3.866891 5.485123
5.680867 4.060626
6.011004 4.110335
5.782729 6.822692
5.657115 6.318168
6.091053 2.179178
5.119192 1.497926
6.450262 3.426700
7.284326 3.489979
6.716149 2.788590
4.573164 7.082224
4.941669 7.406647
5.726089 6.205676
6.156287 5.678176
5.293795 4.667715
5.464991 4.607568
3.978292 6.437586
4.326491 6.527504
3.827330 6.446047
5.427827 5.910421
5.138343 5.797439
4.731762 2.513150
4.698413 3.453072
3.967636 6.676439
4.233521 7.374011
5.658019 5.849055
5.918242 6.242238
5.841532 5.852744
4.592075 4.145729
4.880083 4.181361
5.819199 6.940459
6.081061 7.408012
5.944778 7.434582
4.244022 3.418170
4.362256 3.727913
4.179676 3.634617
8.032003 3.088791
8.350504 3.358143
9.150492 3.202708
4.721982 7.304196
4.524911 7.156346
4.932039 7.342610
4.893050 7.357554
4.496418 7.444728
5.599729 5.273462
5.169483 5.368959
5.258480 8.251100
5.598532 8.273663
4.116178 6.096012
4.265832 5.987475
4.610965 7.259401
4.614989 7.163317
4.793079 3.980865
4.780972 3.764502
4.960828 4.730302
4.533116 4.924822
4.305466 5.895372
4.333454 5.667095
5.174195 5.151951
5.166336 5.140642
3.942797 6.924393
3.833614 7.426155
4.098660 7.173608
4.525936 7.174054
4.563375 7.419532
4.535143 7.272151
5.897458 5.438534
5.736530 5.316607
6.131353 5.613172
4.427497 5.919802
4.687294 6.098070
5.430113 7.438531
5.349219 7.301553
5.226299 4.172288
5.613450 3.924968
6.004005 5.561302
5.689783 5.183764
5.720165 4.315564
6.234616 4.263969
3.785761 7.855100
4.349165 7.591712
4.037302 6.415379
3.918924 6.431111
4.880216 6.114976
3.827641 5.456210
4.105305 7.594448
4.024047 8.046525
4.357462 6.019182
4.306478 5.953261
5.495639 4.686166
5.357549 4.934055
4.927902 4.985327
4.469181 4.611662
4.535501 4.709547
4.790900 4.763037
5.226851 7.091767
5.484376 7.001833
6.614734 3.669876
7.238494 2.719988
5.163860 5.315349
5.450056 5.542764
5.050521 5.295095
6.199159 3.759255
5.680485 3.986651
5.047982 9.559654
5.020887 9.683862
5.641504 4.214076
5.657778 4.561753
5.311279 8.736274
5.346040 8.535025
4.008571 5.313520
3.890119 5.215509
4.244501 5.393416
4.495875 8.577511
4.465784 8.332941
4.739762 8.071208
4.417023 7.712309
4.487689 7.981803
5.834879 7.253505
5.824275 7.494682
4.740284 4.928489
4.568084 4.828757
3.853128 6.652347
3.777598 6.633803
7.180247 5.879119
7.084348 5.984763
4.465574 5.590880
4.959250 5.056145
5.569838 6.697339
5.411143 6.671983
5.117691 5.666041
5.510856 5.770139
3.868294 6.973119
4.294270 7.068856
5.504477 4.031774
5.445784 3.915559
4.909695 7.489954
4.650379 7.283752
5.100853 5.611327
5.245117 5.306577
5.477548 2.675060
5.066513 3.192916
5.812520 1.255275
6.019698 1.650620
9.933076 11.641356
3.951280 12.157080
5.330321 11.233146
5.623844 10.040883
5.457338 5.840127
5.424305 5.910531
5.461629 10.236512
5.195262 10.849000
6.119142 4.794282
6.249435 4.944867
5.664305 4.634525
5.929667 4.793766
4.441625 4.567732
4.969819 4.580096
4.564343 4.795398
5.993804 1.764183
5.439837 2.153578
6.035522 4.073519
6.051095 3.849720
5.508521 6.554856
5.112090 6.450330
5.414082 4.027626
5.491061 4.005435
4.950404 4.546039
4.897336 4.897014
4.445621 4.826305
4.446174 4.917677
4.991748 4.801936
4.651705 4.011477
4.868537 4.184498
4.383407 4.544768
4.456754 4.574872
4.961909 4.584914
4.796744 4.535936
5.066068 4.751901
5.560824 4.912735
4.723110 4.642761
4.716012 4.817427
7.056377 1.408941
6.310743 1.744958
6.121817 6.443245
5.800102 6.872623
6.188852 6.451941
3.916369 6.183537
3.972033 6.030863
4.372709 5.702719
4.408370 4.753364
4.485299 4.681514
4.511822 2.765893
4.428451 2.720249
7.079782 4.782276
7.406579 4.484850
5.558492 5.163136
5.620559 5.551117
3.881741 5.545134
4.253582 5.320917
4.362413 5.291461
4.197776 7.321497
4.107275 7.272128
5.362250 5.578326
5.441070 5.363351
4.085020 7.056378
4.277194 6.918438
5.366362 8.641997
5.309481 8.179516
5.340249 5.032496
5.107917 5.404106
5.234886 7.929784
5.102579 7.524821
5.802527 5.653393
6.077691 5.797453
4.030558 5.624202
4.250501 5.281702
5.106847 5.482118
5.304000 5.227552
5.986110 6.483317
6.136261 6.515668
4.101465 7.654439
4.368704 7.862754
4.924948 4.163588
4.476380 3.872203
4.731182 6.965556
4.609363 7.330134
5.218095 11.341587
5.872168 10.993866
4.901693 7.962214
4.829386 7.717214
6.149669 7.376585
5.879952 6.998859
5.421323 4.899187
5.117979 4.673136
5.078991 4.388295
5.188360 4.776887
4.030126 6.576197
3.979799 6.720191
6.995974 4.040298
7.465683 4.798795
5.609887 5.020441
5.288536 5.342721
4.004021 7.026913
4.100235 7.049634
5.037580 6.020030
5.471756 6.063601
5.408675 3.374043
5.519554 3.465170
5.928884 5.246891
5.832491 5.098578
5.119565 4.264637
5.480025 4.331230
6.173000 3.872929
5.925538 4.055766
4.218092 5.807812
3.970990 5.793575
5.455953 8.181481
5.610865 8.294520
5.442088 6.222292
5.250633 5.934501
4.550337 6.518475
4.494440 6.727480
5.613375 3.264358
5.609564 3.653474
7.413130 7.182101
6.455492 7.350949
4.440742 4.375054
4.382787 4.459649
4.898876 8.178492
4.986814 8.173870
5.024974 3.668136
5.570877 3.315052
5.547245 5.118740
5.423524 5.405264
3.972628 7.874353
3.935150 7.584529
4.034724 7.709586
4.259657 7.691628
4.886543 4.066615
4.956073 4.357331
5.551943 7.949772
5.526984 7.907325
5.355429 3.827532
5.546523 4.092139
5.924482 3.778757
6.150501 4.272211
4.182397 7.467702
4.028235 7.041341
5.435072 4.575665
5.507425 4.792356
4.194507 5.459177
3.963931 5.372163
5.703394 6.111229
6.128684 5.889342
6.030147 2.059957
6.023913 1.389112
5.521897 5.818511
5.449914 5.563744
6.142158 8.790127
5.122516 9.604308
5.351410 5.332350
5.561039 5.454709
6.126179 4.574619
5.707353 4.996275
5.480345 3.503567
5.295264 3.379684
5.540744 6.708196
5.192832 6.375384
4.868140 3.857619
4.729066 4.056581
5.743412 5.398602
5.640549 5.131100
4.108800 7.247500
3.802274 7.419877
5.585765 5.281789
5.098863 5.352738
4.892276 5.723223
4.920286 5.947264
4.032715 7.088887
4.133893 6.904462
5.415931 4.198769
5.199289 3.939067
5.221950 8.738443
5.050535 8.223330
5.785448 6.911767
5.964805 7.176994
4.469700 8.105060
4.500075 7.917354
4.514143 4.906517
4.119452 4.099020
5.231435 6.194881
4.263511 7.003878
5.183386 6.891814
5.029961 7.162752
5.700719 6.703685
5.767342 6.667874
5.198036 8.836083
5.213210 8.940968
3.795309 7.135456
3.807670 7.435753
5.292351 7.486124
5.508995 6.920234
5.175502 4.925666
5.378779 4.580432
4.029175 8.024193
3.839054 8.094574
4.754236 5.400011
4.563268 5.376537
6.227669 8.645308
5.938523 7.613067
6.086761 4.184906
5.802668 3.982902
4.596604 8.286299
4.537822 8.309501
5.016227 3.434691
5.090242 3.617831
7.349521 6.328378
6.381281 6.707232
5.249917 3.482099
5.187146 3.371393
4.260083 7.231985
3.961460 7.152872
5.527469 8.878441
5.371816 8.996047
5.084872 9.319118
5.047529 9.319263
5.923807 4.994272
6.223334 4.538954
4.976683 9.298279
4.706563 9.145029
4.827809 9.215089
4.700821 9.374246
4.159486 5.134369
3.866039 5.542150
4.071195 7.135593
4.155226 6.880763
7.238415 0.975488
5.624362 1.535738
5.569077 4.956266
7.148387 5.517260
5.658464 5.777246
6.138760 5.980260
4.862381 7.205286
4.691471 7.133590
4.542841 9.008331
4.514083 8.846487
5.275350 6.023879
5.122902 5.765279
4.757455 3.822530
6.200961 3.951488
5.855971 3.831122
5.443600 3.800993
5.211599 3.825145
5.203331 8.830490
5.385976 9.049357
4.416627 9.146876
4.425412 9.089576
4.273834 9.238537
3.979608 5.457006
4.332682 5.501127
6.991829 3.501210
7.329597 2.785486
5.473046 9.276082
5.105758 8.822666
5.547149 7.369341
5.011570 7.408700
5.309643 7.535801
5.338855 7.760666
5.018592 6.303172
5.167339 3.194297
5.055376 3.370085
5.261015 8.518645
5.169378 8.747757
5.087049 4.571646
5.137774 4.577569
5.086199 3.513703
5.101346 3.568579
5.616788 2.365412
6.159347 2.457508
4.307611 7.567200
3.983867 7.890829
4.023170 6.658000
3.953707 6.774110
5.075690 7.831918
5.349902 7.833973
4.617349 4.309825
4.634037 4.330829
5.983137 5.604826
6.032581 5.595397
4.396328 9.329847
4.632570 8.059217
3.972337 9.528129
4.879198 8.008647
4.774958 7.927191
3.929453 6.984829
5.320792 4.693726
5.014333 4.687865
5.355407 4.177381
5.879007 7.689275
4.448584 4.709808
4.536587 4.693473
3.968019 5.563511
4.838771 8.470745
4.449358 8.415983
4.582960 3.962322
4.826049 7.303245
4.699130 7.438345
2.977882 4.496092
3.921371 2.997647
5.583038 4.407137
6.061281 6.678367
5.894977 6.316585
5.822315 7.455769
5.919590 7.311816
5.243742 8.454541
5.138355 8.234220
5.248140 8.533125
6.226904 7.637150
5.386405 4.570342
5.415833 4.382006
5.756900 7.524374
5.963423 7.619978
5.387547 4.933424
5.507203 4.715223
6.035880 3.775710
5.897314 4.207326
4.601388 9.134484
4.467793 9.038323
5.344253 8.929808
5.604788 9.091032
5.673716 7.424296
5.942720 7.450594
5.478982 4.412363
5.317654 4.644181
5.304214 6.553854
3.895879 5.191793
6.043139 4.503049
6.235718 4.784862
5.862190 7.941352
5.826888 8.047427
5.517422 3.452945
5.374386 3.726808
5.107707 4.961421
5.015757 4.086663
5.287664 3.953690
4.469401 8.730734
3.863681 10.666333
5.028198 8.751655
5.160606 9.256768
5.124633 4.520132
4.652908 8.918653
4.474964 9.371259
4.590673 10.187681
3.514056 10.968843
4.135524 5.354867
4.150681 5.156096
5.064522 3.606132
5.046469 3.283954
4.044138 7.615278
3.830695 7.991603
6.362592 0.003265
7.343560 1.568773
5.433589 7.717908
7.179840 8.157863
6.071153 4.035745
6.203442 4.044791
5.450807 4.703192
5.078105 4.447787
7.427541 -2.756772
9.337885 -1.753815
5.791228 1.985221
5.584731 2.170575
4.792622 4.308557
4.457384 3.762728
4.185970 5.298825
3.808236 5.348816
5.665619 6.841873
6.241291 6.442060
4.682348 6.458106
4.251699 5.103226
3.756481 5.406992
3.877808 5.478472
3.848302 5.421670
3.893483 5.487735
4.520412 7.736582
4.405694 7.990572
5.461020 5.765854
5.382160 3.541869
5.676650 7.532574
6.132264 7.837978
7.360559 3.224836
3.999218 6.925588
4.257658 7.438902
4.077782 5.399143
4.335382 5.405331
4.971660 8.636206
3.944067 7.808040
3.990535 8.103502
4.025358 5.393180
5.673871 5.825699
5.324687 5.280342
5.311482 5.457636
5.078230 4.333820
5.447570 4.348729
5.384447 8.946991
5.545863 9.309906
4.638326 4.049152
4.696454 3.940842
4.028457 5.404766
5.930399 5.471102
5.914361 5.616270
4.829103 9.019298
4.389363 9.013577
5.031910 6.646103
5.232121 6.331905
5.528794 10.206588
5.781264 3.366153
6.164027 3.207753
6.086493 3.215838
6.028610 3.635773
3.799815 6.036709
4.360947 5.748220
4.533347 6.123881
4.680721 6.179192
3.962947 4.434847
3.860132 4.586208
5.663125 4.938616
6.024367 4.958505
4.636229 4.128736
4.999470 3.994748
4.678900 9.032288
4.862671 9.313453
5.918066 3.379561
6.148229 8.008751
5.671605 8.060278
4.583474 5.194725
4.690023 5.376008
4.339578 7.994318
4.297437 7.920629
3.767379 4.939074
5.314327 7.756255
5.105859 3.705159
6.199203 3.212724
5.833278 3.189639
6.060566 5.958504
5.991110 5.844615
5.152558 6.894514
5.468037 7.491885
5.266851 7.153115
4.055699 4.739451
5.552124 3.736440
5.978488 3.809329
6.522716 5.449846
6.092054 4.125779
5.264941 8.935503
5.013124 8.756430
4.733659 5.992613
4.871406 6.003942
4.729552 6.194858
6.159143 3.146919
5.020109 2.822425
6.291228 7.123867
5.458652 8.408209
5.899039 3.668363
5.999298 3.664330
4.997742 6.029708
4.953761 6.122262
4.997720 6.186672
6.131302 8.117915
4.498816 7.804820
4.861825 7.858527
5.415493 8.586675
5.487731 8.495508
5.019250 6.843534
6.001598 7.359076
6.018992 7.150888
4.723792 6.220088
4.701166 6.006277
4.840376 5.999551
5.308457 4.278091
5.551098 4.173752
6.029978 3.367352
5.861638 3.218248
3.914391 4.759784
4.182711 4.765873
4.450038 8.203194
4.821564 8.333774
5.016116 6.755645
5.208141 6.337522
5.384934 3.789687
6.520950 8.564139
6.761249 8.673919
4.775236 6.204865
4.908985 6.108550
4.784173 6.467016
4.958673 6.286329
4.683334 3.989445
4.627634 4.051010
6.345800 4.316646
4.756415 6.497801
4.864120 6.435920
5.644998 5.465495
5.396897 6.355972
4.819812 6.338339
4.880478 6.250505
4.805361 6.053931
4.913907 6.079608
3.902302 7.360697
4.767579 6.524953
4.833496 6.457573
3.908424 7.093465
4.315427 7.349661
4.890646 6.054383
4.890183 6.004299
4.984155 6.343070
4.682308 4.441507
4.375773 4.546150
4.183691 4.674731
5.229628 6.363370
5.425145 6.388612
4.448106 8.466095
5.197598 7.516093
5.352735 7.720251
4.968507 6.552975
5.800166 3.478580
4.781171 6.946551
6.179830 4.500409
4.854726 6.292500
4.705101 6.360598
5.007022 5.656840
5.340354 6.246970
4.871764 6.169511
5.364621 3.277822
5.203314 9.262955
4.832454 6.181432
4.858214 6.118577
3.724828 6.743183
4.142544 7.907981
3.793640 7.953317
4.819121 6.546583
6.169494 3.498155
6.085275 3.196796
4.578922 5.618382
4.891184 6.047645
4.789459 5.727796
4.720367 5.818264
4.906883 5.684487
5.237507 4.857955
5.534860 4.979146
4.807563 6.483768
4.923533 5.652744
4.760125 5.789081
4.065779 5.255422
4.867853 5.865944
2.602330 10.054475
5.152398 7.717436
5.129199 7.874774
4.695887 5.946885
3.763824 4.541635
3.770242 4.956338
4.799489 5.775043
5.069404 6.047862
5.106432 5.958263
5.254982 6.029058
5.141718 6.095085
4.870426 5.913731
4.691700 5.916550
6.519506 8.691929
7.486048 7.781254
4.466043 8.805961
4.761547 9.171080
9.110560 1.548478
9.615771 0.923713
4.610735 7.754005
4.736043 8.084342
4.934407 6.300597
5.128778 6.176250
5.183580 6.162192
5.693871 1.254873
5.237092 6.297125
6.215586 4.152408
6.136596 4.055634
7.195642 4.044432
4.601497 4.161132
5.165550 6.069529
4.993240 9.022112
4.701643 9.239095
5.097775 3.409629
4.932154 5.740850
4.922706 5.696281
4.741625 5.761014
5.247633 5.790385
5.283189 5.796347
5.019278 5.776351
4.740501 8.040010
4.903170 6.308296
4.924768 6.176764
4.778302 5.990470
5.250932 6.081314
4.735195 5.939059
4.427539 4.316702
4.671350 4.162061
5.362287 4.353231
5.486020 4.027582
5.089951 5.842649
4.834889 2.517268
4.658913 2.504174
6.060228 3.285025
4.959462 6.547869
4.803017 6.343326
5.191855 5.928704
4.795519 5.864125
4.885142 5.826443
5.068119 6.060870
4.579535 7.205519
4.794250 7.083752
5.250428 5.897045
5.067580 5.817988
5.019318 6.009782
5.458862 6.950392
5.871371 7.885302
5.855559 7.917089
4.893207 5.785171
4.974572 5.732461
4.860312 5.971675
5.196462 5.921525
5.752459 6.588060
5.460223 3.742379
6.068342 3.190122
5.732966 3.716464
4.780628 6.355188
4.846393 6.272721
5.233202 5.864855
8.207696 0.643150
8.606012 0.046514
4.948381 6.304593
5.185068 5.985912
5.054964 6.142753
5.257475 6.195066
5.204116 6.014881
5.473403 8.985584
4.861567 5.714479
4.771894 5.881652
7.224520 6.688189
4.741374 6.080700
4.972592 5.997586
4.943214 6.816742
4.813398 6.864025
4.895199 6.810621
4.781229 6.611102
6.171933 6.841569
5.844490 6.847506
5.438286 7.692724
3.931406 7.762551
3.794053 7.756413
4.899097 6.712699
4.086692 8.476954
3.787702 8.427915
4.768118 6.870646
5.148261 5.736770
5.097813 5.710278
4.697981 4.338815
4.678127 3.841336
5.147126 6.409351
3.933101 4.641621
6.190391 6.894524
6.019592 4.357090
5.235441 6.356778
4.888627 6.050663
5.766892 11.938532
5.138360 5.641858
4.796731 5.770763
4.803530 6.678279
4.702139 6.792210
4.347504 8.376179
5.156953 6.278833
5.116796 6.546632
4.121819 4.924006
3.867695 4.587833
4.889681 6.444328
4.795424 6.570145
4.724178 8.627487
4.869100 8.370473
4.921029 5.681871
4.984915 5.672994
4.372953 8.297974
5.118635 6.410079
6.400167 5.436697
5.261154 6.111323
5.265498 6.387725
7.273763 1.386002
5.215425 6.065783
4.918745 6.787999
4.828677 6.670363
2.534842 7.077024
3.276426 6.582889
5.464022 4.261094
5.385399 4.240365
5.820541 3.486775
5.935031 3.382026
7.424483 1.385681
6.411568 5.268185
4.744345 6.379295
4.821094 6.416715
5.005226 5.703927
4.987074 6.660759
4.877421 6.742231
5.198330 5.838689
4.772042 8.067632
4.855107 6.014469
4.764111 6.199564
5.283140 6.378272
3.585361 6.688945
5.227747 6.462559
4.714777 6.794184
4.895441 6.737059
4.827749 5.907421
4.764696 5.717842
4.374794 8.192176
4.955735 6.426185
5.567541 6.560381
4.797393 6.000114
5.197040 8.454888
5.595751 9.361187
5.576960 9.300874
4.957465 5.868561
4.317478 8.565013
5.026819 5.972843
6.048844 3.855399
6.146680 4.186496
4.995133 4.223806
6.594720 5.556243
5.058475 5.594376
5.207677 5.577273
4.695972 8.915569
4.807848 8.987416
3.948603 11.007242
6.675200 4.736892
6.681213 4.464680
6.717550 1.321127
5.080170 3.680594
5.473993 3.641178
4.909277 6.699728
4.948674 6.799205
6.013059 7.211761
6.808738 4.763429
6.331434 4.663326
5.278402 5.515425
4.655537 9.021743
4.473436 9.298594
5.209847 5.413202
5.212625 6.350844
5.132295 6.485603
4.821988 6.701917
4.724402 6.286039
6.077917 3.303359
5.311361 6.105463
5.020799 5.980102
5.001769 6.255924
6.330215 4.756372
6.250095 4.767344
5.009129 5.863772
5.781424 7.903232
4.807827 6.729196
5.708195 4.891127
4.826602 5.930417
6.434566 5.391064
4.959434 6.080546
5.962578 4.273410
9.980705 6.836327
7.860633 6.814827
5.122250 5.921719
5.929749 5.414160
5.843890 5.133906
5.146111 3.577987
5.037181 5.328174
5.172885 3.767125
5.044070 6.067609
5.025432 6.183999
4.690468 6.487935
5.113680 5.555853
4.880372 5.587022
6.121559 5.703545
5.354479 5.153294
5.103056 5.239196
4.862935 5.590246
4.914424 5.522202
4.860833 5.584558
4.017303 6.404049
4.750041 6.864045
4.004185 7.501854
3.887645 7.520033
7.305803 3.585105
4.939937 7.621724
4.978696 8.050777
4.709624 5.413871
4.755998 5.606620
4.988069 6.299237
3.888382 4.971477
6.989624 1.644607
7.472063 1.368238
4.723794 5.462533
4.699829 5.611128
6.586361 4.791736
5.516488 3.795997
5.297252 8.726089
5.447781 8.245172
5.059474 6.554742
5.233959 5.824658
3.898047 8.411004
3.797778 4.579113
5.245139 5.429958
4.764609 5.741348
5.172146 7.295914
5.684321 5.826994
6.021708 5.709588
6.826260 4.950737
4.976427 5.794892
4.709895 5.557030
5.004149 5.443246
5.103003 5.359983
4.042249 8.717027
4.877555 5.383205
5.123474 6.558633
4.495672 4.084686
4.770347 6.142882
4.841421 5.490499
4.659691 9.073643
4.746846 6.603883
4.705634 6.617879
4.992315 6.121106
5.255139 6.159218
4.739162 6.777631
5.042088 6.031280
4.762339 6.550739
4.913655 5.473906
5.280564 5.844417
4.468154 4.263367
4.481633 3.898395
5.853311 7.857401
4.555345 6.168405
5.262191 5.352268
5.347099 12.049895
5.987660 5.186735
5.638191 5.317214
5.163659 5.898985
5.130109 5.807056
6.122629 4.978635
4.477332 3.715041
4.872371 3.299218
5.278395 6.324970
4.053414 7.208463
5.742567 3.649617
4.978442 5.357543
3.670371 6.873412
4.929658 4.428430
4.705031 5.526832
4.379903 3.344387
4.743538 3.410573
4.552519 6.430094
5.137218 5.538488
4.457614 6.415064
4.984243 5.867684
4.574031 6.356055
6.287423 5.398182
5.594632 7.043795
3.600837 7.485926
3.608397 7.363595
4.433864 6.371127
4.567375 6.382916
6.416686 4.573997
4.379909 6.528481
4.516294 8.480463
4.886801 3.564803
4.699677 8.118679
11.570718 3.790009
14.157699 2.628099
5.185358 5.969575
4.157687 4.518730
4.951165 5.332756
4.849301 5.624209
4.958211 6.709527
6.419538 1.832034
5.264423 6.323640
4.934668 3.442844
4.420735 6.540241
5.156661 3.659946
5.275118 5.568309
4.645123 6.001345
4.419443 6.155765
4.814413 6.247762
4.843408 6.398832
4.503243 6.540234
4.489567 6.026108
4.676162 6.054807
4.029054 8.093357
4.730794 5.714398
5.143797 6.562807
6.692481 4.856606
5.240854 6.809038
4.880233 6.397030
5.157784 5.658377
4.962347 3.830302
4.548035 6.053649
4.486210 6.229708
5.259624 6.449912
5.447295 3.780830
4.747499 6.750308
4.786057 7.947547
4.416922 7.684699
4.860178 5.406170
4.640154 6.428052
4.636776 6.266097
5.127383 6.697989
5.251790 6.840266
5.851487 3.794795
4.626178 6.196366
4.710775 5.622094
5.903917 3.494367
4.772271 8.098336
4.170820 8.244716
4.192848 8.293398
4.535823 6.202047
5.161404 5.448379
4.778524 3.709731
4.653968 6.421817
5.293406 6.811156
4.831403 5.646446
4.834646 8.525126
4.612928 8.483711
5.177902 5.996068
5.534876 8.017874
5.169146 5.648750
4.050880 7.700855
3.914513 7.506027
4.781782 6.074437
4.813788 6.097953
5.259327 6.819437
5.307045 9.248211
5.323761 9.357226
4.404454 3.241414
4.416855 6.297104
4.490696 6.495937
4.650042 6.196022
3.841789 8.710997
6.397328 5.226874
4.922994 7.866714
4.877921 7.651579
5.009253 5.580433
4.617049 6.218487
4.729930 6.572430
5.586679 7.525265
5.126763 6.233191
3.778374 4.968813
5.597360 4.851801
4.881605 5.544418
6.222853 3.764049
4.785224 4.217966
5.245667 6.590091
4.630917 6.386278
4.505591 6.547675
5.206963 6.419573
4.388288 6.097846
5.224823 5.860320
5.107658 6.759006
6.380508 1.679368
4.858602 6.224750
4.985180 7.844129
4.581303 6.430686
4.844158 5.378546
4.954795 6.919427
4.964351 6.994844
4.901364 7.126109
6.186302 4.962533
3.995198 4.425225
5.175156 6.548318
4.859334 6.485291
4.701878 6.416062
4.660752 6.155111
4.599655 6.074066
5.125860 7.479909
5.052854 7.281696
4.931548 7.047343
4.868836 7.015569
5.271714 5.384465
5.094733 5.518162
4.744002 5.851893
6.538625 4.873087
4.884296 3.687073
5.164176 5.395912
4.478550 6.014980
5.563850 9.325087
4.881769 3.363890
6.067648 7.711846
4.701526 5.466407
4.787066 5.519575
6.585175 5.869099
4.801649 5.929751
4.900999 7.146225
4.528552 6.398557
4.405204 6.377641
4.590645 6.993107
4.744071 6.716841
4.038376 7.059792
4.353588 6.973668
6.664118 5.906261
4.952063 8.754810
4.711083 6.959352
6.868081 5.091133
5.135883 6.617347
4.465800 6.457215
4.540016 6.493946
5.264374 6.793514
5.143367 6.777485
4.882942 6.310989
4.649120 6.720146
5.221734 3.806647
5.482841 4.367287
4.949350 4.082665
4.586067 6.857742
4.558087 6.842288
4.832107 6.678048
4.608389 6.828502
5.262519 5.698975
4.633868 6.167151
5.210814 6.111195
5.334738 3.535543
5.233437 3.589417
5.267981 5.634414
5.166781 6.376257
5.306898 6.534195
4.664313 6.804750
5.012893 6.145386
4.534966 6.765639
4.497430 6.053406
4.420425 6.044754
5.570300 3.357296
5.198923 9.991147
4.987815 8.015236
5.077733 5.640160
5.231485 8.370504
4.070406 5.814234
6.110722 6.762006
4.897707 6.898565
5.306709 5.566889
6.835613 5.714780
4.751918 6.903196
3.953649 7.580232
4.392426 6.593383
4.389012 6.686878
4.744697 6.028035
4.892997 6.242036
4.940309 5.516323
4.481291 6.816637
5.424941 9.820230
4.915019 5.507719
4.562789 6.286757
4.104490 8.319690
4.568999 3.312916
5.633368 3.367996
5.638116 8.180127
4.747618 6.524484
5.247671 11.581388
4.860962 5.634758
3.962852 4.844680
5.196010 2.317954
5.255387 6.675741
4.800964 4.053385
4.868435 3.929926
4.565467 6.305200
4.617880 9.901911
5.274308 5.170177
4.550007 6.189165
4.969302 7.099127
4.532850 3.923985
5.112056 6.274052
5.181773 6.300124
4.883319 4.109124
4.632859 6.752176
5.134481 6.862813
5.088004 5.108472
5.073180 5.264038
4.979603 4.055960
6.233963 8.744105
5.219899 5.458888
4.516492 6.601377
4.439689 6.803297
4.428742 4.129625
4.682478 6.163773
4.603787 6.117889
5.232955 4.200626
5.447264 3.973639
4.616278 3.837376
5.188964 5.037241
4.676867 4.201544
4.704867 4.307223
4.899079 6.584749
5.141926 6.665907
5.977867 8.126561
6.640646 8.003540
5.019312 5.476870
5.227066 5.043510
5.166948 9.405963
5.031446 9.945166
4.906296 6.962069
3.836710 5.605069
5.214788 6.311756
4.518344 6.448442
4.785771 5.343012
4.941874 5.455674
5.252284 5.198178
5.118094 5.289685
5.258883 6.245704
4.632953 6.841940
6.298477 5.334491
5.328850 6.589886
5.031798 5.769039
4.837157 7.040374
6.987737 2.104143
6.614952 1.691279
4.642560 5.986478
4.622582 6.045909
6.091453 3.794907
4.872730 6.672489
6.225252 3.316916
4.486187 5.774051
4.741634 5.863241
4.636570 5.794128
4.574708 6.788456
4.431939 6.828294
4.508136 5.788290
6.678280 5.788963
5.092731 5.254482
4.546114 5.834237
4.679312 3.203980
5.311141 6.660612
4.644154 5.836255
4.590625 5.714504
5.544242 9.621742
4.804326 6.011562
6.060128 7.335124
4.792165 5.571719
5.925343 8.071201
5.025800 5.921906
5.093376 5.163920
4.882487 5.837456
4.746059 6.508397
4.394159 5.699818
4.432422 6.837467
4.362724 8.497828
4.536751 5.701270
5.066725 6.147694
4.707875 6.335666
4.219668 4.728810
6.314801 4.965478
5.276103 3.831633
4.477861 6.439823
4.632630 9.339365
6.745830 5.842708
4.511500 6.367935
4.445190 6.344656
5.311474 6.677278
6.212213 8.182323
5.041318 5.460455
4.841329 5.583138
4.607285 6.042683
5.218854 5.100080
4.601504 4.118323
4.610158 5.709209
4.724181 7.034963
4.890821 6.873185
4.942492 6.787330
4.488448 5.721688
4.552669 5.726919
4.458657 6.165468
4.153881 7.882836
4.655625 6.588299
4.654518 6.642385
5.345671 6.977029
5.089275 4.286301
4.836317 6.967448
5.069585 5.337065
5.460856 1.802744
6.168070 8.157014
5.009926 6.458837
4.889072 6.196172
5.230620 5.105417
5.154841 6.342790
6.436101 4.481393
5.073055 6.762902
5.279498 6.184609
4.579140 6.593477
5.051021 3.143918
5.011444 5.913153
7.427530 14.482391
4.614552 5.764441
4.475166 5.685669
6.266455 5.007880
4.339201 6.700826
5.310336 5.120133
7.466525 7.040406
4.907443 3.722210
4.854397 8.618507
6.062055 4.952030
6.096517 4.704744
4.457019 6.291527
6.157121 12.056026
4.979264 6.046534
4.197057 8.331143
4.999014 5.659750
4.889434 5.499337
4.869059 7.152582
4.658377 6.035685
4.560646 6.094322
5.312899 4.332390
4.506401 5.662156
5.087182 5.618224
5.008569 5.500158
4.694204 5.057707
5.505370 4.363265
5.390127 4.191064
4.867866 5.220781
5.575164 9.979633
5.359134 4.079653
4.448370 5.667432
5.949633 6.835134
4.882773 5.026816
4.576414 6.861775
4.877702 5.343949
5.002793 4.110592
4.492115 6.851369
4.842526 6.296723
4.763532 6.434089
5.249815 5.056564
4.177387 4.550602
5.975520 7.356896
4.741518 5.030311
5.158202 7.744327
5.445758 5.727652
5.386206 5.642320
4.007636 1.257895
4.952161 6.625018
5.545215 4.017870
4.867355 5.937363
5.868117 5.636395
7.137006 -3.931893
6.259789 -2.020880
5.388174 5.781463
5.310783 6.627630
6.926100 2.105341
2.625360 0.375026
4.825581 6.687818
4.568160 6.554943
5.437875 5.821602
5.122824 6.701998
4.407356 6.058844
5.511714 8.553760
4.703580 5.126296
6.761196 3.917347
6.650036 6.237473
3.599446 6.795850
4.510885 5.934225
4.989755 5.257435
5.066243 5.242294
5.608862 4.101439
4.952633 6.909979
5.045690 5.728137
5.256891 5.642609
6.568529 3.957734
5.812008 11.106870
5.728402 5.556974
5.576499 9.713656
5.367702 5.904041
5.309863 6.508429
5.283875 5.769619
5.552548 5.910868
5.467553 5.728052
5.872408 9.123283
5.184978 6.146893
5.143003 5.943450
5.129317 6.141041
5.784503 4.825866
3.986755 7.979617
4.791997 6.381098
4.852960 6.379951
4.412428 6.305911
5.131257 5.399542
6.826071 4.212671
5.017697 6.945080
5.298179 7.015951
3.279594 5.085371
4.610396 6.146324
4.660259 6.137093
4.808363 5.174173
5.084277 7.116610
4.868512 5.495538
4.599674 5.743054
4.959542 7.010335
5.802351 3.488046
4.626878 6.845626
3.950470 1.790121
4.718153 5.167014
3.849055 7.605469
6.850325 4.111336
4.542283 3.205644
6.022889 8.599118
5.116293 7.024333
5.211196 7.133297
4.464854 5.811107
4.762587 5.721590
5.073953 5.458801
5.609450 6.067440
5.591586 6.214790
4.911514 6.084705
5.491208 5.872377
5.302181 6.390501
5.264871 7.070991
5.040374 5.024227
5.404780 5.760870
5.556468 6.050446
5.022634 6.325236
4.577194 4.721667
4.910028 9.340072
5.197827 8.859241
4.183989 7.503784
5.417715 5.960783
5.945289 4.151101
5.889326 3.995554
5.279665 9.044002
5.230330 3.345686
4.992115 5.281814
5.235115 5.154321
6.082499 5.185121
5.382103 6.110876
5.203893 5.492723
6.423132 5.227593
5.020128 6.956729
6.143981 2.246534
5.851490 8.089799
5.566733 6.204171
5.305172 6.691002
4.349422 4.786237
4.908342 6.404282
4.639823 6.608921
6.036021 8.359514
4.916713 6.112620
5.154135 5.328612
4.581092 6.676500
5.463300 6.091661
5.943972 4.066680
4.965532 5.082827
4.936356 5.228817
4.887798 6.756920
4.687218 5.666245
5.304219 6.935310
5.531775 5.355009
4.864692 5.031971
6.487709 3.806410
6.568511 3.903168
4.917282 5.565733
4.739896 5.316858
5.580405 5.527940
4.596275 6.944773
4.568267 6.921505
4.503132 5.964821
6.798558 4.710138
4.659466 6.318696
5.442542 5.486190
6.077230 3.746638
5.629664 3.188471
4.440715 6.781248
5.007178 6.622684
7.205280 8.282788
5.488672 5.736240
4.345073 4.989776
4.825874 3.202289
5.538042 3.594263
4.629005 8.146344
4.657034 6.926081
5.377831 7.022949
5.458493 5.707322
4.925560 5.376238
5.069416 5.837385
4.628657 6.215655
6.801723 4.217440
4.675767 7.123441
5.002085 6.387939
4.488536 5.894390
5.074869 6.991327
4.615347 6.502711
4.762525 6.994969
3.798068 7.539081
5.588044 6.087923
5.019481 5.205663
4.511722 1.610751
4.706679 7.164147
4.882630 7.067247
5.364628 5.354734
5.198518 6.167693
3.990083 7.500099
5.318708 5.414907
5.330999 6.123219
4.812353 5.105433
4.702072 5.037799
4.572738 7.116498
5.248276 5.527047
5.915635 5.926303
4.694778 6.566294
4.469156 6.924895
4.945147 5.846221
4.691647 8.109584
5.124775 5.118318
4.804558 5.702616
5.365736 8.438356
6.398581 4.379900
4.673151 5.830112
3.941673 8.327247
5.306874 7.156224
4.795519 5.970126
5.322096 5.596174
4.605815 7.079461
4.947176 5.005309
4.099348 4.567256
2.512817 10.733920
4.640528 9.407647
5.181558 5.385973
5.045064 5.821211
4.521686 9.834890
3.807298 8.418800
5.532593 5.426370
4.887466 5.041204
5.605160 5.646528
5.014015 6.797536
5.160984 7.170024
4.584515 7.152485
4.427752 6.098450
5.074976 5.143218
5.312692 6.212876
4.605557 6.694717
4.669359 6.042351
4.393657 6.480297
5.587529 5.864657
5.333025 6.187563
5.026695 6.191194
5.046541 6.022979
4.841432 6.324760
4.638057 6.961201
7.362116 2.004400
6.314687 5.387002
4.660286 6.727080
6.760313 5.775477
6.572917 5.798512
4.978005 6.252837
4.695966 5.315750
4.118580 7.779103
5.426992 5.321150
5.369020 9.784638
3.606668 0.449323
4.780900 6.630344
4.831405 8.196545
5.888413 4.738232
4.866015 6.959082
4.044896 7.946867
6.321714 3.954504
3.994040 5.290308
4.489686 5.701918
5.260658 6.382547
3.032764 5.960475
4.680102 5.636930
4.744474 5.106723
5.127662 5.634564
5.151544 9.866430
3.773152 6.188577
3.821355 7.040336
4.469651 7.062569
5.103793 6.255450
5.140988 5.379226
5.211390 7.456212
4.681416 9.432066
5.579002 5.580916
6.420125 3.820844
5.015034 7.097935
5.209252 6.001820
4.642302 9.729841
4.813368 5.259372
5.393997 7.448530
4.429331 7.028476
5.297951 6.748883
4.935151 7.274277
4.714918 5.719764
4.965289 5.616808
5.132934 5.197734
6.852979 5.645438
4.761381 7.448752
5.552742 4.589797
5.302331 6.944680
5.582517 5.626076
3.933688 4.756405
4.603238 6.194596
4.807473 7.231384
5.169537 5.170315
5.597163 6.245422
5.351781 6.035737
4.487210 6.068362
6.652668 5.958114
4.706842 7.167964
4.397732 8.717159
4.649035 6.473967
4.849480 7.312278
4.750775 6.209856
5.423781 5.606544
4.602264 6.802116
4.508799 6.539136
5.565181 5.813979
4.831320 5.965698
5.984313 7.902921
5.891061 8.267584
4.883686 5.053822
4.808089 7.297253
6.246488 9.605375
5.239377 6.746496
4.343058 1.600252
5.526981 7.516156
5.579324 6.266821
4.437321 5.760170
4.465622 7.029912
4.213197 8.057231
5.620821 6.315499
5.410893 6.441701
4.771838 5.511923
5.366595 3.354445
4.437157 6.909636
4.774027 7.259876
5.691374 3.531322
4.941917 3.860965
4.826080 6.290033
5.584563 5.414288
4.742711 7.055017
4.997055 6.792488
5.891509 8.164512
5.602644 6.456552
5.648193 6.786676
4.600799 3.525523
4.856464 7.499806
5.221028 5.165995
6.496705 5.196372
5.410732 6.314960
4.598158 5.541726
3.456453 0.848559
5.059196 5.321818
4.419161 5.458889
4.915680 5.847362
4.999899 6.804291
3.916628 11.235413
4.553192 5.720804
5.230970 6.959982
5.005103 7.068686
4.829040 5.308854
4.641688 5.585351
4.700011 5.246149
4.622838 6.603121
6.052217 3.796918
5.496253 5.951428
4.398676 5.417581
4.224402 4.482245
5.107219 8.069025
5.228879 5.878557
5.151100 5.830357
5.447437 6.019012
5.335061 5.569131
4.598077 6.185144
4.777080 7.392280
5.061214 6.375889
5.355700 5.783021
4.741835 8.880226
2.752818 5.656627
4.684840 5.457541
5.458159 6.255147
4.697741 5.821384
6.178063 2.561804
4.468679 6.638241
4.383642 9.725969
4.662843 6.980706
4.521811 5.854533
5.369135 6.413516
4.391570 6.405338
6.829227 3.902435
5.103052 6.231095
5.462706 5.752138
5.313764 6.453576
4.525803 5.500191
4.534348 7.148455
5.357303 7.196837
5.051632 5.289507
5.171783 1.616144
5.176181 6.118024
4.300221 8.749542
6.133079 7.127274
6.500019 4.657962
4.735258 5.489772
4.707327 7.271643
4.388987 5.406885
4.849275 6.228876
5.417898 5.125014
4.699551 7.258943
5.078156 6.793697
5.395199 5.163340
4.604070 5.517387
4.022547 4.379375
4.073929 4.551462
6.267899 4.255367
5.159690 2.818459
5.125660 6.281412
5.065524 6.862036
5.246782 2.948799
5.052423 4.796584
4.756376 6.284636
4.732731 5.082824
5.295810 5.295660
4.735260 5.571544
5.363356 5.290267
5.005672 4.797060
4.515771 5.949829
4.377442 7.003758
5.346960 5.212588
5.039444 6.986369
4.967613 7.141370
5.009230 4.778335
4.713692 3.629364
4.767817 8.117528
4.763435 9.621998
5.143288 3.834421
4.582726 9.097934
4.796120 7.014966
6.062590 3.133146
5.584899 6.541143
5.451171 2.744268
4.639813 7.167726
4.673076 5.612376
4.669973 6.461140
4.911999 6.512726
5.453887 6.540207
5.454166 3.043455
4.558220 5.518332
5.178421 5.351357
4.414300 5.882850
5.377619 5.100560
5.535130 5.413504
4.489885 6.202479
5.578251 5.192163
5.597859 6.144260
5.168647 5.665759
5.341191 6.069316
6.696716 4.920621
5.048955 4.694518
5.122835 3.177022
4.921474 5.210803
4.783335 6.846228
6.592057 2.794073
4.560706 6.756916
5.282805 6.901330
3.959572 4.895093
4.978014 7.260091
5.567140 5.627317
4.552483 6.267077
5.179832 4.704897
4.653960 5.683705
6.397527 5.969883
7.181910 3.813339
5.041112 5.625025
4.420931 5.410407
4.705729 5.861583
4.701266 5.151288
5.150596 6.495095
4.716399 6.048366
5.485692 5.685318
6.162942 4.581529
4.950769 7.310087
5.335496 5.201158
4.610854 7.061613
9.819462 7.471399
5.581317 5.291746
5.219765 4.723415
5.353999 2.999210
5.111768 9.767433
4.944363 5.594191
5.466719 3.180966
5.539816 5.349543
3.986799 6.577196
4.483856 5.444854
5.551250 9.201652
5.008471 5.321187
5.082991 5.234307
4.669878 6.661755
5.246083 2.645736
5.199942 12.486004
5.037967 5.983746
4.525017 7.012911
5.493939 6.357236
5.240217 7.026474
4.986979 6.680526
5.371494 6.408228
5.002382 4.722583
5.131548 7.407577
5.060744 5.277677
4.655461 5.402303
4.657395 5.892121
4.161786 4.596735
5.240219 6.750782
3.806785 8.025077
6.024261 3.606874
5.590149 9.608588
4.876618 6.208198
4.874180 5.924230
6.756691 6.443712
2.508507 8.155982
4.896827 7.336980
6.415235 5.411971
4.738774 6.995703
5.077477 6.669988
6.706057 6.748447
5.595411 7.493006
3.802038 8.563102
5.750332 4.073679
4.293385 4.960318
5.103208 4.909147
4.398232 6.066577
6.427801 2.115128
5.420422 5.133732
4.518870 6.696134
3.925727 7.478281
4.780363 9.639430
4.803035 5.076499
5.303566 5.395867
5.619733 5.248456
4.659379 3.520978
4.210977 7.697874
5.535126 6.935096
5.486738 6.206989
5.470185 6.003022
4.658622 5.553541
2.857456 8.662803
4.971495 6.435848
3.969847 4.818916
4.548125 6.259725
5.248348 4.831655
5.948248 8.718416
6.573035 3.987643
4.442476 5.490087
7.094360 7.504449
4.970396 5.119306
4.698672 6.760508
5.071996 6.764614
4.671925 8.440992
5.013993 2.601898
5.301165 6.071492
4.192980 4.610219
5.297544 9.227307
4.567237 6.214729
5.075478 6.962015
5.048244 5.241647
4.283288 4.699335
4.516447 7.061910
4.799729 6.966181
4.936922 5.410398
5.871657 4.854240
4.225383 4.597870
4.795845 7.259831
4.868638 5.914511
5.084917 6.988553
5.459371 6.327785
5.528587 6.359552
5.193791 5.879169
5.510744 5.900731
4.452190 5.785028
5.342741 5.457298
5.189510 6.362011
4.322226 8.193973
5.829524 3.841933
5.073063 7.099541
4.885476 7.418696
4.540170 5.770358
5.321131 8.549408
5.101726 6.496874
4.664487 6.990933
4.620131 6.260928
5.643689 5.108202
5.565461 5.263516
4.500486 5.617102
5.597028 8.258312
4.921698 6.415871
5.745989 6.020711
5.949521 8.282436
6.654444 4.767379
5.375971 5.289966
4.796340 5.303492
4.071435 8.547050
5.116674 7.240494
5.024086 7.239295
5.111360 4.741677
5.039773 6.129836
4.710213 6.180006
2.798505 5.410134
5.173827 6.838858
5.430792 12.182737
4.503455 4.876336
4.472503 6.826505
4.896680 7.116583
5.101320 7.417777
7.654523 0.163143
5.143303 7.364236
4.224314 5.464485
5.490347 5.597248
4.430834 5.348065
5.288780 5.046795
5.090394 2.149575
5.049859 4.846409
5.268179 5.361831
6.839613 2.125022
4.570150 6.646219
4.541739 5.620854
5.596436 6.780128
5.271626 5.553774
4.554053 6.392630
4.573818 6.887147
7.403837 2.955787
5.499148 6.223276
5.733573 2.159709
5.403467 6.779911
5.500591 6.833413
4.465871 2.073577
4.391009 5.852409
5.490599 3.335409
4.743482 9.501943
5.382661 8.033835
5.560122 5.895970
5.102152 7.236193
5.471118 6.210178
5.588542 2.976645
4.778801 5.524671
4.901576 6.112187
5.551221 6.321460
5.654984 5.358172
5.434855 5.245551
4.867579 7.435946
4.951095 6.296545
5.301782 7.379830
4.929447 5.904621
4.808152 6.678442
4.505939 7.453761
5.510648 6.838255
4.720322 5.096234
4.716113 5.006980
5.541807 6.676734
4.415818 7.231469
5.275188 7.118906
4.966155 6.799943
4.448334 7.394593
6.544452 4.936481
4.254442 4.824092
5.623590 13.275193
5.123281 5.658404
4.921330 7.490764
5.004039 4.824461
5.831862 6.489908
5.342814 5.828221
5.009077 7.016331
4.594596 7.333212
4.485177 5.954249
6.346645 5.342640
5.243773 5.833869
4.768501 5.824170
4.446963 7.375777
4.526575 5.586394
5.017671 7.262598
6.085024 3.169236
4.931120 4.984566
4.836249 4.822275
5.515427 3.044413
4.881430 8.468158
5.201081 6.271035
4.649737 6.153938
4.908495 6.011916
4.378232 7.140679
5.320763 6.567215
4.393012 7.230309
5.353878 6.580409
2.699415 8.179876
5.143830 6.802144
4.771609 4.792368
5.184593 7.479462
4.559745 5.786097
4.579047 5.617997
4.912623 5.408144
5.062533 6.153064
5.750749 8.124516
6.217247 6.976601
5.143171 6.796909
4.340645 5.984708
4.890807 7.091012
4.545998 7.340192
4.425064 6.909125
4.706091 3.937369
4.923867 4.691492
4.580659 6.296070
5.362731 6.210595
4.499588 5.686401
5.882267 3.144320
4.690540 5.403759
5.211170 5.948602
4.696846 2.922723
6.381702 4.575918
6.813552 6.018805
5.560220 5.895728
5.305748 5.588925
4.607258 9.476322
4.551684 6.282489
5.120304 4.693397
5.380606 5.346429
5.370450 5.285200
4.757628 4.865249
5.608987 5.465473
4.893450 7.469797
4.882542 5.018387
5.105871 6.352386
5.082337 5.495753
4.934047 5.607604
4.626110 5.534324
3.990658 7.130457
6.700274 4.094307
5.330407 9.984332
5.566190 5.230504
5.914138 6.010262
4.996002 5.632534
6.245249 2.805630
4.501298 7.262312
4.508171 8.910285
5.504468 6.289037
5.550899 6.849697
4.927510 6.304706
5.606489 6.789518
5.059680 4.749999
5.863378 3.109215
4.431695 6.098252
2.611084 2.190636
5.060603 7.062617
8.679638 3.923116
2.753789 8.668024
4.722736 4.716726
5.417676 6.196853
4.716038 2.328401
5.452216 2.933289
5.931553 2.913161
5.060411 5.889808
4.852053 6.717070
4.825970 4.768417
5.197974 7.211753
6.455659 5.793127
2.563775 5.071370
5.298900 4.866390
4.536327 6.800102
5.270634 5.359504
4.989985 7.212336
4.393468 6.738843
5.315510 3.296643
5.393215 3.559804
4.469017 7.056349
4.684087 6.346648
6.154528 3.861304
4.817376 6.163001
4.478354 5.779420
4.674039 8.921534
5.597286 5.877666
5.142608 5.113279
6.561930 6.532654
4.934285 4.913307
4.502800 5.617509
3.954544 8.207831
4.498261 7.360611
5.313846 4.703073
5.451475 6.108680
4.607343 5.322367
5.054980 7.380335
5.518902 4.815546
5.000009 6.892713
5.316636 4.757320
4.614127 8.693910
5.372396 5.503168
4.778993 5.292243
6.047664 2.866037
5.469509 5.828083
5.029944 6.462021
5.638767 5.470281
4.500660 7.485673
5.241502 6.207749
6.170505 9.712696
5.341587 6.813790
5.337362 4.853919
5.037834 5.432195
6.652018 5.281054
4.803122 4.745158
4.805185 7.433080
5.189258 6.769225
5.373091 5.255854
6.541307 6.865584
5.415670 4.783495
5.065120 9.797567
6.089878 8.607219
4.988222 4.848955
4.807176 7.031792
4.397977 7.120144
5.450633 4.852463
5.411976 2.700772
4.976262 6.103543
4.845035 5.377123
4.685881 6.078908
5.037954 4.827159
3.851885 8.173426
4.879957 5.771459
4.631002 6.151073
6.093527 2.555569
5.429365 4.745957
5.600188 5.490849
5.427892 6.306401
6.380512 8.528002
4.394621 5.943106
5.222390 5.642853
4.943869 6.339084
5.238658 7.267960
4.730365 4.918233
4.736583 5.761654
5.853870 6.315311
5.506954 6.408279
5.213576 6.968845
4.396221 5.864390
4.899790 5.416545
4.633066 7.311119
5.195146 6.567585
4.708444 7.131295
4.586634 6.898203
5.074516 5.921838
4.748260 6.819901
4.767611 4.896289
4.490786 6.429081
4.537226 6.827493
6.017540 7.289446
5.087745 5.235812
5.705890 3.173863
5.353708 4.723696
5.565135 7.128728
5.347702 6.758539
4.378154 3.576412
4.613629 6.403803
5.062786 5.203176
5.336057 4.690602
5.454272 6.040213
4.772923 4.749306
4.829238 7.541736
5.607350 7.996218
5.385266 5.497740
5.548888 6.676507
5.688535 8.376647
5.191393 4.049706
5.155717 4.985262
3.119496 5.705827
5.071625 6.233255
4.468334 5.549002
5.054210 2.997196
4.798768 7.743761
4.701655 7.340189
6.060066 4.899134
4.549676 7.562232
5.069664 6.430081
4.964832 7.629209
4.998087 9.383435
4.726096 5.581528
4.377411 5.957281
4.526200 5.486156
4.774224 7.489222
5.420000 5.082772
4.203388 6.457621
3.873702 9.685615
5.350840 5.224187
4.253019 6.530126
5.183813 6.335091
5.008688 3.517242
5.332476 5.714597
4.442643 7.273721
4.333202 6.477375
5.616839 6.324601
4.921021 5.757711
4.764703 6.981227
4.393306 6.711942
4.081555 6.437080
4.734354 4.796201
5.233550 8.273816
4.659720 5.206603
4.388849 5.797289
4.555775 5.163949
4.141836 6.505954
5.476265 4.711237
3.843218 7.505975
4.897079 7.572801
4.206207 4.433420
5.100977 4.957541
5.204978 7.477141
4.872927 4.744345
5.117895 6.977932
4.096195 6.292218
4.639090 5.196828
5.014013 5.559195
4.568021 5.276392
5.125195 7.275511
4.399596 7.227994
5.673562 9.082329
4.820006 6.380644
4.617054 5.159867
4.496119 6.921158
5.257762 4.842313
6.723023 4.174498
4.458326 6.332798
5.683024 9.345923
4.369075 6.453332
4.492311 6.766133
4.828929 9.542807
4.281314 6.349628
5.157115 7.052703
2.768142 7.592081
5.322679 5.361062
6.757127 4.760520
4.435327 5.278631
4.684388 6.911585
4.652939 5.264563
6.181228 2.699574
5.457682 2.600011
5.442630 6.753011
5.038595 5.057671
4.865237 4.815644
5.538661 6.643316
4.425323 5.590795
6.338636 6.646082
5.011895 5.812881
5.392069 6.461521
4.859900 7.552301
4.410003 7.322689
4.684559 5.225953
4.245043 6.460373
4.479486 5.143253
4.825846 6.727746
6.378392 3.011551
5.699793 3.825496
4.762455 7.754408
4.161382 6.390135
4.726781 5.515892
3.946875 8.441249
4.412263 6.160903
4.963445 3.324323
3.789939 5.343257
5.526829 4.912713
4.921410 7.448932
6.803401 4.213352
6.209098 9.361650
6.663152 3.229414
4.545578 6.234295
4.412373 3.346385
4.273741 4.105233
4.228582 6.565098
4.449495 5.289733
5.503105 6.961087
4.245775 6.662310
4.983256 7.733001
6.327383 6.834818
6.561688 3.729401
5.002024 5.402577
4.153258 6.810445
4.396112 5.555029
5.516844 6.312409
3.860908 4.228250
5.643247 5.629778
4.221788 6.700600
4.973697 6.218505
5.082624 7.353872
6.332377 5.929865
6.240607 3.583915
4.834146 5.703034
5.440186 6.181137
4.178658 6.705139
5.499558 5.171664
4.842225 5.363530
5.270815 4.968922
5.550065 8.892115
4.839672 4.863575
6.421599 4.595511
4.414584 5.195360
6.165054 9.148484
5.030176 5.190786
4.702855 7.514591
4.307527 6.784179
5.116454 5.684420
4.742838 5.657073
4.918112 5.219900
4.843351 6.913270
4.920471 7.019434
5.017124 6.282037
4.627729 5.144730
8.423447 4.212929
4.310738 5.995591
4.115227 6.201422
4.271194 6.819002
5.162669 6.208282
5.356184 9.866095
4.527325 7.164742
4.305997 3.822236
4.703418 8.560871
5.594264 6.888385
4.374054 3.940912
4.099843 6.233910
4.859620 7.388040
5.762406 4.587838
5.136103 4.788990
4.270285 6.068787
4.496499 6.694131
4.618995 6.467196
5.390971 6.988195
5.234398 7.187823
4.588802 6.426069
4.084334 6.362380
4.470367 7.290463
6.188552 2.793598
5.556599 5.121062
5.220815 6.810856
4.176075 6.614992
6.029307 7.249114
4.922226 6.352908
5.583669 1.427171
5.541830 5.776327
5.328155 1.653260
4.245062 6.742293
4.288066 6.233932
5.021207 5.162904
5.658275 3.642064
7.369962 6.481116
4.453761 5.090978
5.514068 5.470750
5.224659 6.942767
6.844193 1.476306
5.409471 6.594705
5.533904 6.157476
5.337914 4.888359
5.452884 6.845714
5.360438 7.060890
6.644721 5.918894
8.260981 4.155541
4.997263 4.771500
5.439610 2.574061
4.666351 5.120725
3.794188 4.324815
4.171221 5.947778
4.747273 5.332481
6.198181 2.529543
4.820446 7.516171
4.587261 5.985126
5.283976 8.504320
4.161325 6.348658
5.010367 6.053858
5.269498 4.584322
5.007128 4.578127
4.155734 4.188017
4.212177 6.353595
5.120256 6.294569
5.930181 4.611903
5.268528 4.819502
5.065162 7.091843
4.972657 6.805420
5.615290 5.662293
4.594585 5.293597
4.289074 6.187297
4.525867 4.081558
4.825578 4.783062
5.444387 7.162850
4.235023 6.184308
5.414927 6.304951
4.817645 5.144991
5.263538 5.352574
4.509809 5.614235
5.301107 5.339988
3.313493 8.385574
6.013123 9.144860
6.011600 8.697905
3.877327 4.367771
4.335185 6.701616
4.759102 5.654119
4.523252 7.295982
5.325835 8.705058
4.508435 5.734146
4.344997 5.958393
5.722757 5.978147
4.416159 7.111172
5.546759 5.305964
4.077638 6.393956
4.535678 5.549561
6.222101 8.104007
4.207953 6.437636
4.442968 5.298221
4.670387 5.230292
4.461096 6.510030
5.246910 4.661518
4.979458 6.960021
5.100171 3.494049
4.347599 6.171469
5.338330 4.836635
6.469415 3.416852
4.815653 7.781658
5.158366 5.305806
5.369390 4.839453
4.803325 6.325695
5.536957 10.002510
6.171394 9.208725
5.220004 6.540168
5.163697 10.159393
6.459023 5.161809
6.607526 2.162789
5.480815 6.924059
4.115723 6.013511
4.500544 6.018553
5.101491 4.613088
4.463133 5.724069
4.801869 6.301995
4.610977 7.285836
5.162388 4.793011
5.363700 5.394299
5.536717 7.135117
4.949296 5.416252
4.461715 6.235818
4.022079 4.271091
6.012413 5.266000
5.229150 6.821424
5.175272 5.150127
5.146138 7.006046
5.365432 6.563070
5.156129 4.427396
4.389326 5.045758
5.230383 7.684397
6.132808 3.944087
5.368995 9.923028
5.265538 7.638829
4.282361 6.581841
4.394627 5.337389
4.861805 7.326292
7.806545 3.035080
5.005582 7.193825
5.590969 5.987125
3.165957 2.336533
4.712299 5.272742
4.069882 6.236650
4.349040 6.852092
5.266845 2.617855
4.878442 6.678597
4.366552 6.474278
5.524800 5.697392
6.503708 3.252900
4.760089 7.234191
4.326048 8.730556
5.230536 4.581295
6.444828 -2.420398
5.126224 5.714480
5.259466 6.802368
4.997276 5.664582
4.706610 6.060161
5.494637 6.396920
5.430521 5.107578
4.843406 7.542438
5.282282 7.649644
4.922799 5.858781
5.107938 5.915988
4.638078 9.515169
7.093883 6.457403
5.366710 10.317086
5.224638 5.386209
5.454161 7.028527
5.810711 2.897200
4.099516 4.974274
5.892370 8.440568
4.659656 6.415708
8.535376 3.340196
4.641527 6.962076
4.570585 5.272081
5.082917 4.513253
4.762238 8.682507
6.103739 5.045051
4.219939 4.052360
5.597811 4.816462
4.683421 5.957167
5.027651 4.788106
4.365045 6.104465
4.699373 8.137845
5.071593 5.258337
4.205902 6.203647
5.133697 9.146956
5.357731 10.592354
4.625062 5.785840
4.330718 6.643075
4.879724 7.578706
5.593061 6.367151
5.018769 4.396749
6.419909 3.898528
2.518462 4.573148
6.054223 3.224306
4.550476 6.652812
5.052846 7.058627
4.783384 5.530649
5.330359 6.789042
5.327629 5.081001
5.555392 5.569072
6.059158 6.113996
5.158205 7.621827
5.165040 6.490800
4.647770 7.551861
4.615804 5.031199
5.263968 6.208054
4.506387 7.667557
4.219768 6.520606
5.545568 3.081191
4.227142 6.027953
5.012385 6.490334
6.071261 9.374098
4.425640 7.786691
5.083738 4.924443
5.163923 4.498296
4.524134 5.620408
4.564739 5.289817
4.407226 7.471024
4.828794 5.905759
4.245497 7.073174
5.770951 6.519177
4.661363 7.509884
3.976033 4.218722
5.149991 7.489109
5.214259 6.686274
5.314199 6.887222
6.612137 4.856624
4.331125 7.166852
4.233841 6.792261
5.153436 7.311112
5.169641 6.916294
4.956251 7.508604
4.125710 7.155393
4.511442 6.252884
5.510160 5.056908
5.507904 6.175802
5.583579 6.758436
5.314460 5.758729
4.098247 6.931645
4.993341 6.711046
4.964330 4.884335
5.169680 4.487975
5.171407 7.726643
4.291258 6.802095
4.109506 6.891801
3.625885 6.318680
4.847666 4.773026
4.241091 9.373666
4.452335 7.774153
5.531295 6.357354
5.977951 11.834470
5.749230 5.727457
5.740443 5.869852
4.622729 6.657005
4.537247 5.455716
5.348981 6.098679
5.828676 5.571476
3.395525 6.566729
5.837338 5.562452
4.392479 7.036374
5.842754 5.870862
3.149831 6.338812
5.595206 5.517282
3.936782 8.943207
5.188246 7.720952
4.320912 7.157962
5.836028 5.721737
5.962512 8.791974
4.533172 5.100750
4.601427 7.779307
4.309110 7.120758
5.110798 5.266526
5.628211 5.350337
4.952699 5.153112
3.944402 4.096375
4.385222 6.209747
5.451959 4.548703
4.003232 9.154069
5.877173 5.625256
4.349322 6.743431
4.436485 7.668452
5.756503 3.232555
4.805908 6.390449
4.901048 5.579378
5.459837 4.583719
3.421789 6.395089
3.477724 6.389847
5.107876 4.473588
5.359435 4.509264
4.260211 5.697525
4.263982 5.674338
5.719706 5.898246
5.563576 5.524120
5.948521 4.280995
4.243486 7.141916
4.265065 3.992167
4.211522 5.934729
4.963612 5.087390
5.923909 5.343298
5.940941 8.798202
4.910185 5.505193
5.508060 9.392909
4.647315 7.741274
5.702008 12.729783
5.467122 4.609895
5.106227 4.391854
5.814858 5.516011
4.371296 5.965256
4.828591 5.682288
4.376398 5.032580
4.633845 7.362713
5.648933 5.899678
4.738505 7.116861
5.232413 7.728210
4.504601 6.352215
4.317197 6.397320
5.541027 7.035579
5.737366 7.040539
6.062272 7.424888
6.856276 9.083641
4.639897 6.245261
4.999918 4.747608
5.564348 4.789986
4.900871 7.591277
5.225770 6.224517
5.529876 5.539153
5.041628 7.782160
4.406106 5.165044
4.101051 6.449976
4.252085 5.668312
4.435622 5.396086
4.360540 6.888868
5.735965 3.036566
5.524307 5.147898
4.229486 8.051167
3.342363 6.312492
4.396701 7.517255
5.234127 6.628291
5.838811 5.821116
5.082790 6.547960
6.064515 6.639143
5.439526 4.498589
6.252625 -1.712254
4.529145 5.505491
5.636198 5.457139
4.950296 6.925175
4.370893 6.863541
4.840017 9.350251
5.309627 10.021805
4.291086 5.817224
6.284546 9.864361
5.602044 4.431330
6.758435 6.216663
4.212707 7.068482
4.951190 6.242901
5.213640 7.625350
5.536685 5.687891
4.325471 8.986253
5.831607 5.378519
4.328288 5.750471
4.868672 6.817782
5.067932 4.952754
4.882408 6.576925
4.444619 6.853745
4.541375 8.618004
5.759307 5.829154
5.304585 5.538839
4.145724 5.941707
4.104031 5.927433
4.062626 7.117461
5.764272 7.611766
4.979443 7.408579
4.580224 7.444388
5.078637 5.235373
5.223161 4.489115
5.462660 6.529230
5.288074 7.317901
4.481414 6.626291
5.411780 6.721948
4.747710 5.500006
5.398251 4.397736
4.966068 5.285844
5.474929 4.931939
4.512238 5.856039
6.840924 6.917105
4.617392 5.758759
5.630540 5.307520
5.712958 5.591828
5.908656 5.994093
5.753323 6.001101
4.205434 6.539920
5.355472 4.546639
4.255968 5.786964
4.735066 6.053251
5.932851 5.150589
5.361772 6.813964
5.737155 5.279516
5.250984 7.562221
4.989808 4.769803
6.047609 4.514574
5.655286 3.612786
4.515380 5.865327
4.621726 6.374091
5.344256 5.471799
4.611857 6.104952
6.792183 7.054399
4.755463 6.268226
4.474450 5.467447
4.322566 6.915439
5.231225 4.637488
4.253078 4.040738
4.419887 7.549253
5.892654 5.485413
3.908584 6.847693
4.785968 4.654419
5.679311 5.058930
4.724997 4.555078
4.674898 5.038477
4.410814 11.123100
4.951756 7.706934
4.703161 4.484662
5.646329 6.054438
4.063957 5.940373
5.556113 6.974325
5.523684 7.742512
4.186046 5.628588
5.234051 5.985665
5.562756 5.159998
5.103535 4.849288
5.344192 6.037895
5.848435 6.091797
4.948484 7.531370
5.647276 9.387989
4.860564 5.064920
5.646848 5.295400
5.487961 4.533850
6.849855 3.953478
5.235346 6.218515
5.400656 6.910347
4.842397 4.653766
5.677696 5.131317
5.897942 8.784732
5.427093 3.049010
4.341226 6.848763
2.552507 7.826683
4.618463 6.828032
5.897100 5.657591
5.346350 8.857384
5.900746 5.373230
5.126603 7.452724
3.800379 3.926897
3.441646 5.510369
4.933473 5.344621
4.643916 4.102390
4.323743 7.035393
4.179977 5.850920
5.049813 5.825413
4.988206 4.665747
4.883800 5.238764
4.192003 6.828325
4.929682 4.533709
5.336042 5.884439
4.348908 7.089325
5.291813 6.297061
4.528582 7.568859
5.685954 6.196067
4.538218 6.073431
5.543089 4.864378
5.496572 7.460462
4.579522 5.722583
5.684871 5.428377
4.922442 6.831744
5.711690 5.051750
6.254724 3.964513
7.987649 3.249297
3.399122 7.095538
5.439254 5.737433
5.606946 7.305452
4.622120 5.316026
5.652839 5.213257
4.501840 6.308327
4.912702 6.154040
5.630506 5.931558
4.862976 5.866716
4.440011 5.451826
6.204494 2.608385
5.594594 5.395234
3.554347 6.433087
4.716449 8.029206
4.640760 7.195164
5.602674 4.787984
4.698237 6.331876
5.478649 4.438644
5.322978 7.411119
4.964101 4.460953
5.320250 6.482117
5.989951 9.235580
4.121309 8.480124
3.476809 6.585433
4.976462 6.380356
4.712152 7.955149
5.314501 6.632939
5.532372 7.202404
4.149224 6.017159
6.004712 4.276528
5.519802 5.500764
7.290306 1.399635
4.940055 7.674742
5.026175 4.776454
5.255121 4.667215
4.316352 6.354655
5.364185 6.828363
4.517279 7.216668
5.668873 5.391173
3.383103 7.438143
5.688689 6.460485
4.082287 5.875301
4.086935 8.129727
4.781039 8.052643
5.793057 5.592531
5.284350 7.353353
6.153510 7.664950
5.657476 5.087376
4.216058 6.749178
3.218040 6.894723
5.235579 6.651464
4.911062 6.886477
4.799776 5.436222
4.869446 4.689517
6.031857 4.926513
5.491333 7.093960
4.250124 6.949609
5.577934 2.542109
6.005509 2.738602
4.501490 6.993767
4.593452 8.668496
4.310828 5.704471
5.901262 5.491303
4.395117 7.108614
4.626419 5.691051
5.479116 7.344949
4.746796 7.995715
4.422308 8.015161
4.723461 5.223179
5.024924 7.066022
5.203501 6.229959
5.490603 4.837896
5.236725 7.502622
5.066476 4.503096
4.990377 7.060583
4.800692 5.765410
6.727016 8.219234
5.005338 5.700325
4.615469 6.003111
4.071953 9.344215
4.829046 8.046504
4.966976 4.629860
5.202265 5.542818
4.660483 5.914770
5.466537 3.541793
4.730854 5.959243
4.540588 5.046011
5.150477 5.720278
5.537669 4.622014
7.079238 4.162149
5.256994 5.043061
4.736178 5.660091
5.366547 4.553052
3.473915 6.900290
4.829572 6.228583
5.094194 4.547405
4.580488 7.744830
5.920931 5.068377
4.361784 6.549932
5.293902 6.464212
5.374516 5.888351
5.557129 5.985521
5.828667 6.112249
3.761067 5.898635
4.631101 7.193013
6.811865 4.951792
5.824360 5.271418
4.773855 6.364528
4.767683 4.628818
4.809636 7.412461
5.214338 4.847618
4.857074 5.239226
5.535618 7.313198
4.578284 7.765499
4.300693 6.596105
7.311391 5.056358
5.568980 6.357316
4.953545 4.503152
5.331010 6.172286
5.283906 3.697560
4.659571 4.949803
5.030796 6.827246
4.455606 4.957765
4.851383 4.895930
5.331601 3.614454
4.919427 5.338225
4.389097 4.728536
7.024310 8.838348
4.838075 3.741154
4.944257 4.871151
3.855271 4.026784
4.558379 6.242243
5.486566 5.572753
5.461802 6.693059
5.318519 4.757297
5.885758 5.434704
4.270485 7.047406
4.411031 4.943683
5.985456 5.979649
5.609725 5.022286
5.072138 3.568422
4.467955 4.882545
4.413494 5.351238
4.866209 4.434983
3.201699 7.387716
4.934944 7.392591
5.339103 4.958324
5.028481 6.225243
5.003785 6.284050
5.006334 6.208674
5.735507 6.469707
6.698167 7.017941
3.563343 7.631640
4.449968 5.059508
5.214432 7.677050
4.423154 8.285747
5.155061 4.967949
5.798144 3.659414
5.776565 5.882158
5.802830 6.405309
5.919987 5.204728
5.906183 4.736759
5.444165 4.551995
4.923306 7.962556
5.037329 4.556233
5.852982 7.348464
4.624604 4.795578
5.903163 0.347746
4.807423 5.909849
5.935296 4.767771
6.148908 5.095249
5.377230 6.882654
5.031166 5.998538
4.134122 9.302778
5.101076 5.374263
4.772055 7.066198
5.120899 5.239874
4.287973 6.626965
5.638342 5.112775
5.194232 7.609858
5.944085 8.581662
4.763896 6.180183
6.096634 4.021508
4.427205 7.358921
4.484703 4.941887
4.417233 4.702104
5.776731 6.323981
4.413723 6.249581
4.167038 5.754071
5.710863 5.271694
4.945573 5.600299
4.309851 6.492672
5.807603 4.899167
5.185987 2.752266
4.745211 4.898777
8.691303 2.678689
4.816772 6.325656
5.670102 4.973881
4.645292 7.783291
4.157956 7.393016
4.441707 5.694706
4.830823 6.629693
4.653646 5.452035
5.843174 3.404403
5.981477 9.213218
4.395343 4.809716
5.596613 5.821865
4.933409 7.688833
4.067180 7.309435
3.802455 4.016266
5.200898 4.379283
4.231288 6.407960
5.763619 5.490072
4.937799 4.551425
5.244507 7.001568
4.373713 5.950643
5.758653 5.695479
4.703532 5.037201
5.113374 8.090364
5.736916 5.034307
4.804930 7.775641
5.418960 4.727050
5.666953 7.834109
5.484945 6.296452
5.209121 8.081773
5.344429 7.220489
4.147843 7.444340
4.276006 5.718169
5.541488 5.604870
5.585289 4.639267
5.420280 8.155368
4.945372 3.572149
5.596421 0.265044
5.583983 7.028241
4.565817 5.968080
4.940167 8.097361
5.079796 7.178833
5.558876 6.577534
5.114076 6.570268
5.298572 6.766082
5.365437 4.621187
5.732731 5.881253
4.932363 4.465581
6.473887 4.013210
4.195927 7.366642
6.310577 7.252154
3.741034 8.155313
3.788735 7.552616
5.929175 6.466186
5.525969 4.779326
5.657772 5.061310
5.046693 5.212923
3.694910 6.491304
4.494150 4.835803
5.899130 2.674643
4.964025 4.584496
4.804026 4.751976
5.240449 5.424368
5.781534 9.445185
5.077891 7.862980
5.915681 3.231710
3.530679 7.375477
4.929702 3.434650
4.477088 5.082368
4.415148 6.502848
3.923000 4.276957
4.423516 3.196596
5.200850 8.115476
4.784571 7.118639
5.369152 5.139148
4.337728 7.198846
5.359363 6.051609
4.068582 7.354820
4.992638 8.038461
5.178645 7.712684
4.592319 5.958743
4.559462 2.694187
8.321528 5.809446
5.570838 7.187077
4.536683 8.705132
5.282867 4.978686
4.527908 10.600085
4.102472 6.756768
4.142393 5.465711
4.855052 8.416451
4.893142 6.243515
4.521445 5.749720
5.674310 4.797310
4.689779 2.626306
4.239866 5.618463
5.290852 4.108293
5.018603 5.463022
5.045391 7.442954
4.491343 2.832417
5.599401 7.432750
5.873387 5.458968
5.834543 4.778682
3.537420 6.219401
5.395198 5.216203
6.599796 6.928399
4.348596 5.395259
4.291380 6.523486
4.907808 7.460619
5.019983 3.022729
5.343243 5.740230
4.161020 7.269824
5.821747 5.646895
4.928811 4.388634
4.615098 5.536591
6.227532 5.385936
5.546895 5.387475
5.578597 7.494303
6.985383 4.953742
5.549383 6.170497
4.899166 7.530974
5.610326 6.855141
4.135285 7.373047
5.255129 4.064645
4.604513 6.947272
5.900928 7.324959
4.138287 5.667475
4.470349 7.506605
5.456701 6.303622
4.890865 4.755853
3.270734 6.820914
5.264617 4.475340
5.467603 6.523481
5.029868 6.200825
4.123753 6.277134
4.734411 5.800370
4.386357 5.982859
5.410993 6.611623
4.854544 7.608016
4.704250 5.453991
4.638855 5.928713
5.247065 4.183661
4.719493 7.861110
6.056631 1.138399
5.823236 4.900383
4.904296 4.650815
5.076727 7.046371
4.417761 6.808488
5.133613 4.192920
4.066358 6.748083
4.974088 6.092364
4.347811 8.853775
5.006878 4.978995
5.755822 4.818422
5.188762 7.851255
4.114401 5.499608
4.794485 6.462724
5.452304 4.403432
4.828395 6.854306
3.906239 8.168684
4.340786 6.888229
4.884073 4.107312
5.519569 4.787819
4.940249 2.592527
5.233747 5.805454
5.009094 8.451264
4.922988 7.171446
3.775785 4.055105
5.458320 4.695055
4.280973 9.284890
3.329455 7.181835
4.128984 5.336383
3.835007 8.324362
4.479321 5.602958
4.093907 1.291239
4.185058 7.442642
4.519070 2.584278
3.408973 6.085685
5.806764 5.282273
5.025434 4.367566
4.489987 5.085893
5.359892 0.368254
4.568441 7.123797
4.470857 5.782002
5.614646 7.319417
4.920958 9.901353
4.516087 5.729299
4.440408 7.982908
4.469432 5.981148
6.170107 5.209874
4.667428 4.962327
4.395888 7.902222
3.188128 6.572268
4.768074 4.735570
4.794569 5.745441
4.801908 4.594653
4.680747 6.398212
4.567943 7.834920
5.624496 5.170189
4.176739 6.845706
5.855945 5.622122
4.545455 7.772779
4.641628 7.837508
5.461191 4.658150
5.003554 7.416648
5.563905 7.053930
4.859425 6.917896
5.610057 2.570660
4.890333 5.035582
4.917000 8.046818
4.724854 6.396238
5.115276 4.228756
5.188374 8.112423
4.766781 5.080197
5.339146 4.590793
5.455633 5.236859
5.968464 9.741433
6.011718 8.725875
4.885080 6.459826
5.246665 6.612171
4.387248 10.452916
5.596752 4.363161
4.903373 7.829762
5.355732 7.058566
4.680958 6.624399
5.028006 4.802363
5.233644 4.295568
4.543965 6.617303
5.301403 4.866834
4.381898 6.410578
4.923339 7.274000
5.521246 6.242941
4.420031 3.014972
5.668434 3.449020
4.431356 6.176638
6.122424 9.882202
4.396727 5.423831
5.534608 7.552027
5.164719 2.796731
4.062851 7.253478
5.536621 4.221199
5.768102 5.797810
5.557120 4.204345
4.491366 4.756731
4.398162 7.813926
5.374387 6.446500
6.190668 3.082893
5.675778 6.685960
5.691198 4.494608
5.986988 9.024960
5.116176 5.877190
4.858444 4.532188
4.978373 5.533803
4.976172 6.642903
5.502488 4.120321
4.706309 5.889405
5.604532 4.316016
5.275190 6.866881
4.635591 8.037559
4.599009 6.196470
5.353753 7.635159
5.706923 5.048276
4.935507 9.249250
4.396597 6.111536
5.112811 4.533389
5.663776 6.506845
5.466844 7.779186
4.117042 5.798295
5.752523 5.224359
5.677668 8.156256
5.494948 6.819089
5.233419 4.337874
5.330746 5.529503
5.904002 3.410402
4.729807 6.152683
4.496108 8.113040
5.092848 5.356451
4.996243 7.236104
5.922571 7.512424
5.936816 6.626901
4.780854 4.541482
5.528161 4.153675
5.601607 4.525400
4.552537 4.847612
4.266767 6.766233
4.551251 6.311360
4.953767 7.699103
5.581944 4.068733
5.251456 8.030174
5.146002 8.041449
4.301456 5.405317
5.495058 7.684378
5.544476 7.461630
4.496509 6.056950
5.500011 7.737226
4.565777 5.587940
4.481122 5.106560
4.377302 8.099813
5.606075 6.483117
5.070566 5.297009
4.229196 6.518905
5.847930 5.470401
6.542674 5.039021
4.526204 4.782986
3.576828 5.923147
5.373076 4.469890
5.766830 5.548109
5.098932 4.917519
5.391262 5.644146
5.103283 7.837290
5.630556 6.815651
4.887502 5.754765
3.151227 5.791054
3.213430 6.875642
5.406783 9.613146
4.201188 5.638098
4.469529 6.097275
5.322954 7.608343
4.380662 6.264497
4.901361 7.967074
4.571636 8.044698
5.442726 7.030515
5.241770 1.103369
5.704856 4.435292
5.182573 6.542927
5.145083 6.032588
5.334522 7.663824
4.395960 5.692453
5.486373 7.707932
6.855910 9.932162
6.319090 4.141877
5.420077 6.050013
3.919643 5.984578
4.834702 2.919341
4.748288 6.654122
5.271316 4.588231
4.600802 7.473911
5.718442 7.712890
4.877482 7.197929
5.689075 4.538871
7.253152 1.536740
5.913552 4.949388
5.405318 4.433170
5.493729 7.138048
4.245478 5.438131
4.645686 7.588730
6.244436 9.696454
4.632740 6.140644
4.400957 6.375844
5.758121 4.523251
4.426873 6.888960
5.934051 4.839484
4.486290 5.823165
3.873941 3.986010
4.965072 4.443501
4.671707 5.060515
5.963204 3.754092
5.093427 6.746439
5.697793 5.159729
5.650846 4.574069
6.449182 6.437442
4.822152 4.604521
5.805493 4.867198
5.255676 4.803297
4.982172 5.014927
4.635015 5.469325
7.194084 8.061872
6.095604 2.827476
4.891238 6.011448
5.328458 7.431277
4.142916 5.972986
5.283849 4.385253
4.525358 6.104408
4.611358 5.580218
4.435988 6.413682
5.299018 5.163365
4.840794 5.829825
5.655736 5.425335
4.384365 9.422007
4.394096 5.643013
5.198440 5.353563
3.437377 6.783094
4.439431 7.978288
4.188976 4.322861
5.928554 4.601278
4.472805 8.019072
4.663321 6.683361
4.708035 7.052161
5.179043 4.177804
5.699225 6.378426
4.659943 6.116714
4.627642 5.945148
4.463257 6.224146
4.614474 6.191058
4.827104 2.986718
3.921640 8.987568
5.232313 4.455462
6.006128 4.953785
4.955684 6.174200
5.513701 6.082712
5.313019 5.544510
4.988276 6.334776
4.184738 7.026759
4.710321 5.148606
5.590533 4.897729
5.981503 9.405284
4.572207 6.297092
4.696876 4.445647
4.576239 5.089939
3.519867 6.656678
4.811788 5.629529
4.601882 4.884137
6.109849 2.965231
3.407631 7.412513
4.846846 6.694611
6.268449 2.830132
5.771266 5.736211
5.357281 8.648148
4.018069 6.925920
4.511332 5.382955
3.852699 5.010316
4.675935 6.965587
5.828854 4.649704
4.845887 7.942832
4.737206 8.415519
5.343423 7.574314
4.807755 7.527629
5.399529 5.451930
5.716466 4.827891
5.687211 6.246335
4.693401 7.284892
4.583911 6.570355
4.505791 6.472154
4.139071 6.096252
4.222238 7.389805
4.624353 8.088620
5.493388 2.717425
5.865673 4.209206
5.831793 4.824810
5.425268 5.931724
4.555654 6.044278
6.336621 7.333867
6.041488 4.827638
5.879912 4.654564
4.941852 4.950129
5.072412 7.275722
5.418093 6.892640
4.816514 5.316563
5.818357 4.140038
5.544162 5.004926
4.478544 6.049262
4.528053 7.955145
4.887377 7.123722
6.249309 5.019571
4.725811 4.468510
4.644244 4.910712
5.277314 4.435759
4.174598 4.047190
5.289588 2.948575
5.565388 4.316501
4.286633 6.896756
5.269665 7.674505
4.758642 5.072291
5.968944 8.872249
5.789654 9.410311
5.353105 3.719930
4.441672 6.300705
4.312713 7.336569
3.283751 7.001373
4.548870 6.503265
5.019313 6.073977
5.042258 5.849029
5.173733 7.946431
5.265193 7.132654
4.770165 4.361555
4.692997 8.210109
3.607147 7.199897
5.521059 4.781344
5.224343 4.445549
4.084863 6.175561
4.563925 6.578099
5.226317 7.934029
4.421368 5.926532
4.265158 3.863191
4.915218 4.199291
4.890979 6.811236
4.090618 7.772207
4.259760 3.830343
4.216236 4.020743
4.469936 7.286882
4.558926 5.652872
4.218996 6.599455
4.065634 8.100908
4.987884 6.084454
6.166699 3.095066
5.785682 2.207824
4.738802 5.682067
4.632222 4.943141
5.827230 4.934005
4.528247 5.056381
4.620212 5.479643
4.941264 4.343388
4.364658 5.868166
6.215551 7.413816
4.227380 8.923950
4.807469 7.589413
4.971630 5.231277
5.624523 4.110695
4.697678 6.274716
4.252265 8.482859
5.216373 7.660236
3.746275 6.844969
4.528505 12.343437
5.630984 6.497153
4.910947 5.876853
4.191129 5.854171
4.654980 5.190708
4.570247 6.315933
5.611151 4.687342
4.919709 5.713035
4.697036 7.142576
4.585293 8.087232
5.510863 7.564116
4.878123 5.854618
4.714640 4.207185
4.680631 4.824521
4.040936 8.217882
6.034993 8.236380
5.741292 4.248353
5.010124 0.980230
4.937037 4.842494
4.453937 5.340712
4.495701 5.839356
5.517790 7.547846
5.917218 5.514533
4.997615 6.521688
4.989976 6.192369
4.790286 6.205024
4.386974 4.941229
6.005172 9.683254
4.718008 5.959404
5.554827 6.779818
4.584261 8.059096
7.132350 4.766951
4.942650 6.142674
5.801009 5.640364
4.824179 6.220897
4.559398 6.190197
4.181913 8.311074
5.002858 4.111165
6.903087 4.429601
6.632582 2.565729
4.943801 7.175374
6.036922 8.250312
5.068650 8.430224
5.719664 6.876207
4.916881 4.151022
5.365631 6.680110
4.149206 5.430259
4.746910 5.413156
5.103896 7.838190
4.924579 5.628222
5.479517 5.587128
5.071220 6.686695
4.649936 5.583133
5.864182 3.245876
4.847175 8.200513
5.838078 7.039778
4.671258 7.562699
5.677860 6.619385
4.474576 5.774250
5.210725 4.284266
5.237408 7.069944
4.283875 7.501802
6.478620 5.615523
4.085966 6.896314
7.371183 4.546181
4.846916 7.230470
5.592113 4.424358
5.648682 7.060188
5.358580 10.935298
5.104739 4.639834
4.843111 5.025496
4.143027 6.677670
5.856925 3.991853
5.454956 4.572783
7.376224 8.353990
5.574711 5.718949
4.702066 5.487165
4.424848 4.802527
4.541770 6.822547
4.902910 6.867863
5.213834 7.392677
5.643215 6.170306
5.337888 6.894139
6.476563 6.702179
5.495971 7.246237
4.275223 5.314015
4.351819 7.459953
5.291041 5.450214
4.001680 8.358230
4.822695 6.908007
5.454365 6.936204
4.956347 6.268205
5.291323 8.236544
4.175128 8.421263
4.629529 4.597223
4.134235 5.460835
4.728024 5.675317
4.802054 6.199591
3.864879 9.010060
5.432897 7.309277
5.332766 7.802857
6.030715 5.657535
3.470974 5.057091
4.959721 7.890679
4.860857 4.124088
6.094919 2.523102
5.578125 4.864713
3.392224 7.281131
4.460238 5.458890
5.633411 9.560700
4.462905 4.532870
5.227202 5.184667
5.396370 5.183907
4.907486 4.287105
4.120753 7.147142
4.691023 5.144536
4.127934 5.969424
4.602096 4.745741
6.351490 2.867694
5.541447 6.553140
6.460913 1.069881
5.203244 6.397533
5.500758 4.146725
5.294852 6.007870
4.740029 5.599203
4.547198 5.681489
7.341159 4.703420
4.481567 4.540598
4.809069 5.772965
5.936905 7.780265
6.053838 5.009513
4.529609 4.466330
5.306388 8.334241
5.875549 5.774165
4.903764 4.212989
5.686691 6.924384
4.128715 8.536285
3.902434 9.180780
4.511898 6.984276
7.133591 5.621205
7.411511 4.564686
4.541922 7.805566
3.807912 4.037113
8.124799 2.069929
5.758803 6.448050
4.272816 5.895286
5.728031 4.536421
4.808501 6.984109
5.508328 5.801233
4.839783 5.243630
4.389662 5.858959
4.173280 7.039501
5.422702 4.242989
4.459157 4.664170
3.468064 5.854702
5.443406 7.912007
4.650492 7.754590
5.852962 6.298217
5.029352 10.768770
7.369872 5.001646
5.543861 7.782940
5.559157 4.901887
4.825491 5.857108
3.240914 7.968976
3.190338 8.074075
5.260653 5.152137
5.380756 7.019094
4.566393 6.768875
5.306962 4.658621
7.486229 5.216926
5.311103 7.129781
6.253871 0.184189
5.381953 7.883004
5.174256 8.395450
5.322327 4.370961
4.375642 4.715061
4.561904 6.854450
5.811846 6.995908
4.478405 7.961049
5.410147 7.199549
5.677509 4.290983
5.255719 6.297890
6.177041 4.022084
4.718853 2.983938
4.632696 5.316467
4.987673 6.347828
7.129547 3.843009
5.175997 5.895669
4.562309 4.435883
6.932571 3.865690
5.774241 4.087450
4.827972 5.102444
5.864611 5.596258
4.866626 6.538728
4.063602 7.793674
4.777025 6.285830
4.678736 6.242542
4.574624 4.524467
5.415437 7.054006
5.411581 7.612143
4.153916 5.097682
4.924579 6.207071
5.704122 3.808684
5.091184 6.667470
4.395411 7.897844
4.696017 7.341957
4.101639 6.207618
5.787579 4.521234
5.005998 7.344781
4.032618 5.452233
6.521457 0.830914
5.795633 6.908218
5.826325 4.120113
6.532893 4.765657
4.864145 4.319376
4.409871 4.556708
5.831270 3.782247
4.900706 6.564058
4.588116 6.055809
4.557383 5.172831
5.133159 5.413785
4.635622 5.529482
5.008650 3.954164
7.381001 3.933582
3.280622 5.825616
4.107302 5.038135
5.028172 3.905877
4.750631 4.427119
5.157903 4.387864
5.537207 5.059049
5.023589 3.361252
4.146595 5.166808
5.025961 3.965352
4.555732 8.372652
3.405180 5.761685
3.223036 4.989544
5.784853 6.582509
5.784414 6.548285
5.487913 0.712082
4.589543 7.460552
4.625167 4.482480
5.258414 7.296071
3.655250 6.079497
5.118279 8.930721
4.423633 8.178250
5.669461 4.970527
4.954652 5.807048
5.471796 3.935268
5.106652 3.936991
5.629099 6.054521
4.081302 7.505030
4.358168 5.047580
5.440467 6.936603
5.877949 5.683615
4.288534 6.804198
4.216866 6.516907
6.128527 5.323951
5.451335 6.228631
4.684546 4.605782
6.063565 5.482134
5.544979 4.010098
5.976732 5.428652
4.671692 7.038904
4.985235 6.748097
5.037931 3.991502
5.033441 5.034656
5.520557 8.112731
5.943246 3.982698
4.734654 4.578977
5.551095 3.839719
5.471437 7.869416
4.169057 7.437770
7.234653 1.375782
6.183802 5.092134
6.069082 5.049990
4.870946 4.230552
5.415215 6.338864
5.571758 4.255966
4.169663 6.115929
5.471046 11.022105
4.544322 7.188494
7.036311 3.909874
7.136045 4.079880
6.994356 5.523396
5.155951 3.919862
4.358887 7.801215
4.893335 7.531916
4.668798 6.343230
5.403689 6.616126
5.152368 4.012953
5.181036 5.380110
4.171455 8.887197
6.748902 2.963442
4.678782 4.435922
6.070352 5.796321
4.708827 5.239554
4.730177 2.844626
6.113371 0.441584
5.916519 6.591637
5.789922 5.166323
4.486532 6.682929
5.880184 5.521285
5.991219 5.679925
6.617959 5.338007
4.977396 7.483532
6.279492 6.356608
4.497086 4.977849
4.692161 4.881037
5.100221 4.002608
5.944139 5.913652
4.828414 8.043398
5.008481 2.612593
5.286501 3.768456
5.105482 6.245089
4.958526 7.646798
5.340922 3.796723
5.550816 6.237692
3.991856 6.293557
3.965811 6.615646
4.856942 8.059038
6.061894 5.662529
3.777500 6.468322
5.568467 5.402637
3.447431 7.080508
4.015058 6.307599
4.378485 4.996294
4.608135 5.533495
5.445982 7.099798
5.773985 9.902503
6.179099 5.114859
5.635962 7.434168
4.867740 7.010845
6.144070 5.243810
4.817624 7.421657
5.257454 9.643018
5.283508 7.455014
5.100144 4.359863
6.046554 5.336918
4.376705 5.262196
4.764719 4.995337
5.062056 4.113241
4.636236 7.295841
4.407977 4.554548
4.863487 6.768680
4.624841 4.593290
5.983696 5.561404
5.364225 4.587757
3.808288 6.378224
4.415605 8.264715
5.350937 5.636250
4.028917 6.742984
5.480660 7.693733
4.887425 8.442786
5.387516 3.961805
3.815915 6.715639
4.176397 5.256023
5.740561 7.284432
5.859391 5.084839
4.272019 6.648190
5.596340 6.422412
4.788758 5.193703
4.042413 6.258862
6.029607 5.303376
4.377213 5.158090
5.490747 7.839048
5.976400 5.642505
5.804896 4.177312
4.837554 6.114683
4.150120 5.932916
4.901316 5.064920
6.158462 4.996496
5.262300 6.296294
5.537613 8.034286
5.190412 7.040799
6.220283 4.701515
4.930469 4.363559
6.118727 4.965698
5.627486 6.443736
3.595054 5.614484
3.728539 5.598757
4.582086 7.896708
3.285291 5.164999
7.430937 5.595093
3.586534 5.044483
5.211539 6.722384
3.810823 6.625863
4.493490 7.596128
6.163150 5.861494
3.653193 5.127106
6.304560 2.692861
4.693591 4.554187
6.580697 2.709409
6.034017 6.402987
5.456395 7.218045
3.765495 6.783299
5.349973 4.042918
4.449887 4.500388
4.390167 5.274485
4.988765 7.544669
5.900310 7.076949
4.210053 7.440949
5.829268 2.904095
3.855474 6.310791
6.038440 5.961419
7.280068 4.817865
5.052544 7.866858
5.068614 7.712050
5.695406 4.331008
4.321117 7.843422
6.084291 5.432687
5.050173 5.015576
4.555982 5.083588
3.777896 3.749904
4.483866 7.183782
6.238380 5.796804
4.465796 6.296178
5.552724 5.697811
3.563785 5.101013
5.737410 10.265980
6.010516 6.016627
3.172242 6.248909
4.025856 6.714654
5.550676 11.201717
5.374137 7.940432
6.160089 0.927740
6.176303 4.716917
5.342351 4.565876
5.449138 3.859434
5.690161 4.867524
5.835536 7.893718
4.473955 6.870741
4.158229 5.744054
5.882762 10.273610
4.370326 3.571957
3.820903 6.031498
4.619388 5.143132
6.109524 5.649249
6.192865 6.177735
4.471066 4.572599
4.706493 6.669992
4.784313 4.842510
3.773530 6.118557
3.856020 5.942721
5.384442 6.251169
4.037283 6.188208
5.138338 3.841216
5.794910 9.616093
3.809462 6.633605
4.035105 6.890960
5.920142 6.838469
4.410730 4.519355
4.545366 4.935034
6.109230 2.852056
5.056884 5.945826
3.923821 6.420162
4.288083 7.962801
5.412389 4.402286
7.262131 5.889950
4.155656 5.986081
5.922812 7.145262
3.768448 3.323930
5.308115 5.068153
3.792367 6.100557
3.557842 5.544724
5.178205 4.459381
4.465206 7.512571
5.317432 9.188844
6.079268 5.841693
4.328565 5.820323
6.005704 5.557886
4.265103 5.867415
4.342532 7.420659
5.550384 5.236153
5.681542 5.897844
6.924506 5.734793
3.996280 6.938601
3.882102 6.086774
5.994911 5.609352
5.683466 8.253596
6.197340 5.163630
4.951738 5.132844
3.858875 6.681186
4.261384 5.587980
3.855798 6.892186
5.112245 6.111819
3.499043 5.565063
6.151794 5.992311
5.904646 10.366940
4.725441 4.361117
6.028309 9.811105
6.229812 5.154030
5.175045 5.708755
5.380895 7.820463
7.189998 6.139539
5.456347 7.408862
7.267784 5.090271
5.948915 6.092924
4.390187 5.006469
5.465787 7.725759
4.030684 6.457489
5.675315 10.201120
4.809968 8.412590
6.084224 2.713066
5.433530 2.887812
3.829799 5.997152
4.218729 7.194262
6.243419 5.858366
5.071451 8.543505
6.618787 2.963507
5.456608 6.395952
3.887977 9.394319
5.679965 3.647145
3.793956 6.241356
4.650166 7.458716
4.331787 5.883117
4.909719 4.185420
5.555989 8.195475
4.736259 7.602714
3.262591 7.944002
4.400784 6.668465
6.008584 4.547087
4.649437 4.513836
3.978000 5.942869
6.016889 4.419948
4.040763 6.454972
4.902735 3.935328
7.004191 4.546833
4.784556 3.903166
4.341310 5.411632
7.499424 6.043759
4.292875 4.820917
5.173164 8.608184
5.190746 5.828604
4.410166 4.699634
5.181111 4.661114
5.983681 6.173079
4.962014 4.658967
4.770653 7.490276
5.143103 6.159872
4.879741 7.141786
5.369204 7.436893
5.866732 4.011112
4.569089 4.589295
5.166615 4.030725
5.446414 7.931864
5.490820 8.288777
5.782119 5.334087
4.437746 9.300874
4.179277 5.494429
5.567970 4.735150
5.769692 6.249061
4.003602 6.153551
6.970973 5.783599
5.370787 6.890440
5.634219 3.133799
4.555056 9.956263
4.061334 7.169702
4.577963 8.430566
5.259521 6.173767
6.178862 5.897107
4.041261 6.273195
4.907424 3.829600
3.831066 6.165427
5.899324 10.384542
5.035491 6.930789
5.793733 6.451132
5.827769 4.578712
5.786821 2.934640
4.519351 5.704263
3.793557 6.867120
3.925967 6.461429
5.639731 8.175935
5.338440 7.193116
5.331690 3.780168
6.590767 7.577374
5.817142 5.137706
5.372034 7.921824
5.886453 4.976933
5.003832 8.693722
4.664621 11.021687
6.219428 4.430008
4.779999 3.874577
5.906443 7.543314
6.087996 6.314723
4.457496 4.179141
3.895972 6.099528
6.240230 6.288060
4.674757 4.134799
4.397913 8.071209
5.251785 2.546467
4.552776 4.442977
4.794662 4.304516
4.111989 4.767023
4.514927 4.355713
5.290878 6.813860
5.920612 5.539764
5.267693 6.033789
4.202385 5.264048
4.765413 3.846316
6.687083 9.576247
5.446770 4.163615
6.085269 5.076863
3.996648 6.670186
5.656848 6.629410
5.259455 7.248301
4.361613 9.410522
5.145245 5.790957
4.907944 3.807953
4.675505 4.184938
4.077315 3.225940
5.472034 5.928278
3.832994 7.396447
5.346470 7.850990
3.898029 7.386527
4.361376 5.165294
4.379666 8.696867
3.884058 7.008680
6.014463 7.084137
3.983618 7.394584
6.157598 7.724770
4.593809 4.249047
3.868932 6.468960
5.556724 8.139223
7.153201 3.876427
4.417433 3.616118
5.481827 7.730042
4.040886 7.352175
5.944073 5.269446
6.647941 8.582854
4.183319 7.837037
4.407301 7.285654
3.833897 5.907988
4.188528 5.356288
4.236121 4.950306
5.533369 4.299098
5.052737 3.931475
6.026694 6.173756
4.330593 3.523742
5.699441 3.221219
5.015339 5.926406
4.977490 8.315112
5.432126 3.844131
4.015801 7.313324
4.035854 6.185724
4.047563 3.282825
3.977647 5.735046
7.153632 6.143293
5.498801 3.561364
5.985038 6.359120
5.699756 4.030989
3.705573 5.341585
4.791166 4.375654
3.926073 7.202062
5.500210 5.110727
2.601399 8.017397
4.745467 3.977032
4.849617 2.957519
6.166409 4.359114
4.577216 8.709855
4.395199 2.748535
3.838345 5.929982
3.998309 6.538785
6.079635 6.006024
5.700681 4.016388
6.151827 6.257205
6.962442 6.174074
5.957042 2.513215
4.560894 5.430801
5.120909 3.482892
4.894286 8.253304
5.951036 4.485090
3.189387 8.019611
3.989186 6.542878
3.177848 5.314729
4.060555 5.851997
4.111083 7.521087
3.959423 5.974165
5.434699 7.656277
3.931578 8.882883
5.542109 3.499055
5.675445 6.851745
4.112529 6.281300
4.572584 7.207877
4.571915 8.125549
6.684478 10.866670
5.668083 7.413888
6.029759 5.836503
4.031086 5.691694
5.397628 5.688429
4.599634 4.261649
7.254290 6.082076
4.243474 4.942912
4.371089 3.631836
5.885401 4.767591
4.830338 4.427651
6.763315 5.061388
4.885842 8.590561
7.182844 4.737857
4.230392 5.267015
5.770226 6.179632
4.273048 4.762933
6.836809 6.005067
6.153751 8.702048
3.499141 5.047973
4.180060 5.193946
3.797657 7.272755
4.081690 6.990429
4.078186 7.508383
4.739512 8.596271
4.097058 7.512971
5.383407 2.645520
6.987507 6.589279
4.032509 6.288659
3.825493 5.974881
5.470920 2.189570
6.134873 5.773866
4.672069 8.144232
4.848535 3.881347
5.426634 11.799891
5.719165 4.841815
6.432190 4.112975
6.899809 5.846655
4.148952 8.932250
3.991732 7.244998
4.006707 6.936401
4.676248 5.074106
4.824610 8.517635
5.907600 5.171605
6.228573 4.145095
7.457732 7.209988
4.039440 7.066690
5.966542 5.043271
5.401505 5.200655
3.182895 5.778434
3.760367 6.686152
4.423341 4.106080
5.706020 7.281633
3.963221 5.469062
5.727679 6.329811
5.213903 6.563768
5.903068 6.997119
3.769905 7.597919
4.540705 4.460456
2.959723 9.435870
3.875272 7.552848
4.408207 4.497365
3.842858 6.355895
4.253467 6.911065
4.085311 3.502716
5.284914 6.870759
4.340945 5.993636
4.034298 5.821650
3.941349 3.271154
7.422556 6.731355
4.729926 3.892437
9.791147 8.584805
3.913318 3.192088
5.105183 9.787387
6.171723 5.472332
7.053586 2.944587
7.394766 3.087430
3.846961 6.238962
6.062643 5.061365
6.204381 6.688319
5.358799 6.138379
4.026937 7.604480
7.317852 4.423375
5.406963 5.693176
4.238437 4.395253
7.395815 3.664054
4.288893 6.619909
4.598247 4.363163
6.009337 3.832158
8.056920 7.319202
3.909627 5.463105
5.703582 11.095977
4.159221 8.281101
4.319226 4.384020
5.751288 9.928506
4.815915 7.268360
4.655394 4.404152
4.293992 4.372209
5.556316 5.090845
6.055801 4.045184
3.687810 8.549704
5.132979 3.119296
5.502120 5.599565
5.538578 3.898651
5.657050 5.785017
4.252442 4.584112
5.452459 6.321480
4.798965 9.051179
4.002512 7.485115
3.818914 7.759845
3.409569 6.592536
6.498849 5.100201
4.848485 1.140266
4.339670 8.487972
3.637412 3.825061
3.858518 6.949640
4.502122 3.793853
6.046727 6.968107
4.440318 7.975339
3.922748 6.019332
7.254008 3.056667
3.757838 6.651335
8.332062 3.868436
4.615347 4.000051
3.918812 7.564134
5.766027 2.347777
6.500805 2.980167
6.431772 8.283524
6.641472 9.075806
3.722377 4.556699
4.437151 8.563629
6.004631 5.037207
5.442217 5.759785
6.954618 8.255647
6.312299 4.898225
4.072744 7.890556
4.054398 5.551377
6.613623 5.144784
6.894791 6.223310
5.420241 1.313266
5.705450 7.041741
3.838381 5.617414
6.329592 2.630076
5.716131 8.118086
3.420150 4.566737
4.640267 3.995484
5.768459 6.449003
6.291743 5.867489
5.885162 7.047214
5.508601 8.744597
6.061783 5.218120
5.835264 8.172274
4.606342 3.935539
5.588620 6.391469
3.173996 4.783521
6.185841 7.199779
3.954290 5.732359
5.534815 5.793164
6.183687 6.019888
6.265223 6.024213
3.633038 8.517312
3.967916 5.094572
5.215362 3.130731
3.863941 5.681280
3.900342 5.842746
3.839721 5.827507
3.939959 8.000219
6.111711 1.660809
4.560955 3.836601
5.589051 5.697261
6.317887 9.350217
6.434137 5.401622
7.104513 4.566797
7.058089 7.050010
5.134792 1.817066
5.884953 7.299438
6.617326 10.898990
3.925901 7.955006
5.675643 2.909393
5.574545 5.948082
4.356977 2.915260
4.211373 9.291638
4.356712 2.922643
4.622832 3.930704
6.375517 6.108051
4.106127 2.566870
5.232477 2.288522
3.781599 9.664447
6.158796 5.452640
8.118200 3.830130
5.996816 2.958140
3.308673 8.611185
3.964105 5.581050
3.783271 7.943758
5.226323 9.207270
5.973958 6.081716
6.104043 4.613473
5.899970 7.188485
5.554131 5.997558
4.645916 3.890078
5.555701 6.975306
5.758566 6.473496
3.860064 5.145237
4.027289 2.567914
7.092350 9.756504
3.589084 7.798843
3.930759 7.932384
6.148540 6.024668
3.847128 6.043600
3.965276 5.277857
6.450298 8.245720
3.928465 9.512715
7.111416 5.989956
3.495365 4.972528
6.937535 6.707453
9.355068 3.728127
3.569964 6.827573
3.842984 5.526701
6.445566 5.533893
3.621247 7.165322
3.580687 6.487510
6.865074 5.913150
4.344944 2.850099
3.754360 5.475699
3.953949 4.726278
3.950336 3.001245
3.513031 6.982722
5.110392 1.336153
5.431638 7.195457
6.058304 6.167511
3.784010 4.787536
3.543541 6.992119
3.039903 3.528415
3.811459 9.229780
3.824417 8.173635
3.743726 2.732831
2.777231 3.371514
3.598181 2.662429
3.984118 7.046490
2.973487 2.532348
5.124776 1.397733
7.476877 7.695202
7.475307 7.868339
6.728855 5.502315
6.111364 4.570246
7.298594 7.763962
5.967215 8.919116
2.575199 9.736893
5.991622 5.929282
6.222673 8.121849
4.107669 12.575868
3.277452 3.888484
5.960446 7.193529
3.725898 5.736537
3.545355 3.894410
6.752532 4.900399
4.015791 4.606104
3.823898 4.392491
6.166193 6.517085
6.851514 6.097475
3.288220 7.345018
3.386184 4.198620
6.696650 9.527439
6.225186 12.466716
7.362899 7.104397
6.270662 6.275795
6.007039 6.158359
5.748537 9.920860
7.095131 6.338251
3.589421 8.883986
6.950486 2.748550
6.285012 5.070013
6.503032 6.589999
6.845707 10.736178
3.854533 2.762515
2.809157 7.458668
3.336312 6.738794
3.168011 6.035538
2.789189 7.978978
7.254418 9.836238
6.967859 3.815727
2.988300 8.016926
