7.563372 43.802624
7.568648 43.801005
7.567196 43.806130
7.568019 43.801273
7.556090 43.776284
7.549904 43.783577
7.547670 43.781995
7.568395 43.794821
7.564259 43.790175
7.563814 43.793027
7.563103 43.784644
7.569451 43.783851
7.568697 43.783925
7.564062 43.786844
7.566165 43.790356
7.563989 43.791239
7.569423 43.790286
7.566173 43.792006
7.548320 43.775500
7.559199 43.775205
7.557018 43.774760
7.551840 43.801581
7.553955 43.802034
7.549166 43.801217
7.564844 43.818332
7.568950 43.822355
7.564040 43.820281
7.547131 43.807574
7.548072 43.806454
7.547753 43.807037
7.553068 43.808488
7.562119 43.795584
7.555730 43.799203
7.559759 43.799618
7.553485 43.813289
7.550212 43.816157
7.552829 43.812886
7.546836 43.816316
7.555836 43.807930
7.555667 43.807529
7.558508 43.809310
7.561350 43.808621
7.561893 43.809264
7.560753 43.810733
7.566549 43.813167
7.563691 43.816314
7.566824 43.813435
7.568978 43.812585
7.568282 43.787603
7.565646 43.789290
7.566939 43.784161
7.567339 43.785202
7.590734 43.782577
7.582808 43.776608
7.592378 43.772811
7.571772 43.790032
7.573845 43.792426
7.576430 43.792561
7.573490 43.793240
7.548184 43.804229
7.548852 43.806058
7.552088 43.803081
7.576972 43.805990
7.570190 43.801083
7.575693 43.804789
7.574984 43.802882
7.575993 43.792547
7.577289 43.790471
7.574089 43.789981
7.574176 43.792425
7.570974 43.810584
7.574981 43.808219
7.576835 43.809387
7.565082 43.773481
7.577404 43.776632
7.570607 43.775562
7.565326 43.782879
7.556200 43.798033
7.558844 43.800069
7.558352 43.796948
7.559575 43.798288
7.559021 43.795787
7.557221 43.796197
7.555697 43.797821
7.573878 43.806815
7.573756 43.806914
7.575093 43.810740
7.576141 43.807157
7.566785 43.799135
7.569753 43.796133
7.564930 43.796375
7.555564 43.791128
7.554399 43.790154
7.560280 43.793656
7.561936 43.795400
7.561259 43.798694
7.556288 43.796789
7.586268 43.806277
7.588622 43.812203
7.585039 43.812705
7.587376 43.779088
7.578510 43.774022
7.586145 43.781225
7.584616 43.781455
7.549894 43.809600
7.547566 43.806260
7.547222 43.810222
7.556376 43.807682
7.561563 43.806436
7.556533 43.810034
7.556174 43.807694
7.575662 43.805363
7.573826 43.802365
7.571703 43.801266
7.548742 43.812304
7.549199 43.813058
7.550505 43.813402
7.577153 43.795447
7.572181 43.795294
7.569995 43.795907
7.574369 43.807355
7.575386 43.810904
7.577049 43.808984
7.561929 43.791154
7.559811 43.789612
7.555305 43.792961
7.558626 43.790870
7.559764 43.825462
7.561001 43.826394
7.560237 43.823453
7.557236 43.818703
7.561468 43.819988
7.557925 43.821843
7.557368 43.817634
7.574339 43.844133
7.576533 43.841084
7.576603 43.850537
7.557948 43.813896
7.556967 43.817018
7.556239 43.816137
7.557447 43.817154
7.549364 43.816619
7.547509 43.815303
7.550014 43.815296
7.555983 43.796732
7.556636 43.795649
7.557555 43.798787
7.555702 43.827851
7.560884 43.825217
7.556483 43.824813
7.576774 43.796297
7.572655 43.800120
7.570031 43.796427
7.569008 43.786592
7.569733 43.784928
7.565521 43.787986
7.568486 43.785339
7.569451 43.789204
7.569004 43.787732
7.546855 43.781825
7.560049 43.774763
7.557707 43.777390
7.563321 43.803826
7.568318 43.802643
7.566181 43.801552
7.624118 43.783302
7.599722 43.790987
7.604173 43.780965
7.576343 43.796644
7.575785 43.803719
7.566602 43.803225
7.551489 43.804888
7.551292 43.805186
7.549303 43.806191
7.551551 43.800962
7.564431 43.809210
7.564306 43.806522
7.569489 43.809225
7.568331 43.806528
7.566402 43.808355
7.566939 43.807692
7.565183 43.794756
7.568105 43.794452
7.565775 43.790425
7.564983 43.793402
7.580431 43.780170
7.581555 43.779835
7.578359 43.777928
7.569683 43.805787
7.566256 43.805194
7.564602 43.801457
7.570468 43.793354
7.576570 43.793721
7.571171 43.792655
7.551169 43.802630
7.550360 43.806102
7.549307 43.803527
7.556285 43.795510
7.558975 43.800440
7.560494 43.799783
7.564414 43.817905
7.566841 43.820110
7.569001 43.820371
7.552570 43.808055
7.548322 43.806653
7.551931 43.810791
7.572232 43.792936
7.576306 43.791617
7.570318 43.792991
7.571463 43.806247
7.571728 43.809494
7.573464 43.811477
7.561808 43.825476
7.559451 43.828002
7.556706 43.823938
7.554386 43.791475
7.559586 43.790673
7.556859 43.792217
7.546657 43.814883
7.551331 43.812403
7.552901 43.812357
7.559141 43.823745
7.556432 43.826923
7.559036 43.827848
7.584370 43.800954
7.592570 43.797364
7.584730 43.801122
7.562784 43.827206
7.569626 43.828462
7.563705 43.825295
7.564656 43.774806
7.562253 43.779204
7.572300 43.775179
7.550927 43.804114
7.550916 43.800815
7.548274 43.803645
7.560049 43.781571
7.559607 43.775181
7.561160 43.779391
7.555098 43.810218
7.559964 43.809664
7.587116 43.792885
7.587205 43.791645
7.579547 43.785312
7.589844 43.812731
7.587632 43.809982
7.585794 43.814562
7.563239 43.798832
7.565348 43.798823
7.567360 43.795980
7.553922 43.808511
7.554072 43.809759
7.562319 43.788016
7.568408 43.785689
7.569574 43.784911
7.601187 43.749853
7.577072 43.705413
7.519297 43.741875
7.575904 43.793991
7.570792 43.789985
7.574901 43.793795
7.576523 43.810144
7.575497 43.809071
7.575350 43.811360
7.567091 43.812796
7.568378 43.811947
7.564555 43.815711
7.575548 43.801191
7.574811 43.804270
7.574831 43.802334
7.569460 43.817349
7.572067 43.810060
7.567077 43.811086
7.555555 43.812949
7.557807 43.812215
7.560353 43.812752
7.557987 43.817982
7.559717 43.817683
7.560963 43.818116
7.585462 43.814610
7.578498 43.813599
7.578805 43.813267
7.550429 43.773934
7.546881 43.776417
7.557495 43.781795
7.563480 43.823803
7.565830 43.824307
7.564110 43.820340
7.563316 43.819388
7.571576 43.844349
7.566378 43.849480
7.574270 43.843776
7.568682 43.828097
7.569340 43.827772
7.567202 43.826431
7.546734 43.797465
7.552141 43.797805
7.547910 43.806867
7.551963 43.809706
7.552953 43.806312
7.564711 43.813364
7.577487 43.806338
7.564791 43.805588
7.568042 43.782330
7.572004 43.778565
7.577476 43.778288
7.548495 43.796606
7.552485 43.798008
7.546864 43.797564
7.547454 43.795553
7.551501 43.800093
7.555066 43.801337
7.555133 43.802026
7.559125 43.806064
7.566859 43.791583
7.566938 43.792713
7.568975 43.774698
7.568196 43.772754
7.567496 43.774772
7.566238 43.797781
7.562324 43.797644
7.567848 43.796404
7.576561 43.849639
7.573882 43.848909
7.571263 43.845011
7.568440 43.792735
7.562155 43.793005
7.559750 43.794830
7.561675 43.793505
7.559149 43.792521
7.552026 43.803424
7.549580 43.804611
7.576702 43.796408
7.577473 43.796339
7.570850 43.796044
7.562982 43.812314
7.567417 43.812283
7.562922 43.812998
7.564813 43.789318
7.567107 43.787795
7.568383 43.786287
7.555030 43.788318
7.559401 43.784219
7.576839 43.802282
7.574419 43.802334
7.547006 43.816531
7.548566 43.816346
7.555387 43.819604
7.562156 43.822973
7.555453 43.822757
7.550381 43.795313
7.547391 43.796290
7.551798 43.800136
7.557462 43.789281
7.561447 43.787530
7.557086 43.785346
7.593008 43.774002
7.589903 43.779880
7.586863 43.776420
7.567867 43.805333
7.569648 43.803898
7.555810 43.790597
7.554523 43.788920
7.561605 43.786217
7.566315 43.805967
7.563875 43.804491
7.549644 43.815967
7.546825 43.811964
7.550638 43.812347
7.573796 43.792955
7.573667 43.793625
7.575702 43.790094
7.548837 43.799556
7.547834 43.797542
7.558431 43.826059
7.555313 43.826507
7.558156 43.827174
7.555659 43.813965
7.555886 43.816832
7.568487 43.808348
7.564005 43.808297
7.565063 43.807139
7.563206 43.811303
7.566438 43.810955
7.569284 43.810893
7.547072 43.811125
7.547135 43.811291
7.575313 43.798558
7.570244 43.800067
7.574666 43.796821
7.558447 43.808282
7.560072 43.807993
7.560523 43.784704
7.561780 43.785472
7.569515 43.784650
7.569087 43.784752
7.567485 43.788329
7.572629 43.761371
7.567306 43.771781
7.562544 43.770450
7.555356 43.839766
7.556893 43.835018
7.554211 43.837430
7.566552 43.800320
7.565028 43.799942
7.563469 43.770433
7.571390 43.762342
7.575735 43.767139
7.558614 43.787800
7.560699 43.788321
7.573649 43.784400
7.570006 43.785836
7.576517 43.783862
7.560158 43.794196
7.556084 43.794727
7.558197 43.789970
7.577415 43.809787
7.576306 43.810543
7.571680 43.806834
7.550787 43.796141
7.548047 43.798773
7.554229 43.795344
7.562185 43.791803
7.563127 43.793205
7.577461 43.786970
7.572310 43.785316
7.572380 43.784304
7.554057 43.780845
7.554022 43.782023
7.550911 43.775243
7.575778 43.790955
7.575683 43.791641
7.574395 43.790700
7.559291 43.814436
7.561494 43.814684
7.557843 43.817265
7.550903 43.805553
7.549964 43.805126
7.547827 43.804151
7.552549 43.805625
7.548041 43.803285
7.548175 43.819067
7.548849 43.818610
7.550058 43.822448
7.566893 43.770619
7.565271 43.770377
7.568275 43.762157
7.556723 43.790006
7.559235 43.790932
7.560982 43.793194
7.561766 43.826674
7.559171 43.825480
7.555312 43.823633
7.550760 43.807117
7.549516 43.807789
7.575388 43.812382
7.574949 43.815689
7.570874 43.816327
7.575769 43.783856
7.570133 43.784782
7.575520 43.785367
7.550345 43.811100
7.548179 43.809121
7.553288 43.810091
7.562579 43.824821
7.562940 43.825881
7.563686 43.825933
7.550334 43.810380
7.552980 43.807016
7.553795 43.807502
7.558099 43.786278
7.555772 43.784680
7.563192 43.824858
7.562301 43.824112
7.569191 43.826587
7.575091 43.787161
7.571748 43.784865
7.550507 43.820526
7.546938 43.823050
7.566498 43.820165
7.565943 43.819587
7.548976 43.809688
7.550943 43.808887
7.552206 43.809838
7.572891 43.817405
7.572607 43.815225
7.568662 43.787392
7.569520 43.785786
7.564312 43.785561
7.550320 43.808171
7.550657 43.809941
7.550281 43.818018
7.550026 43.818676
7.548988 43.819502
7.547581 43.814595
7.551967 43.812669
7.548732 43.815355
7.555089 43.808494
7.556633 43.810087
7.551163 43.796373
7.546726 43.796768
7.548983 43.804965
7.549243 43.802137
7.567830 43.792832
7.569411 43.791866
7.568264 43.793096
7.574473 43.794491
7.572237 43.794339
7.547707 43.798204
7.552099 43.796397
7.548053 43.799363
7.570580 43.786529
7.574682 43.786974
7.571876 43.811391
7.570309 43.806850
7.575655 43.769590
7.563577 43.763466
7.580132 43.780817
7.590494 43.781378
7.583427 43.775070
7.556844 43.813735
7.561427 43.816653
7.571165 43.805837
7.576506 43.801085
7.565777 43.791997
7.567904 43.791454
7.549445 43.807936
7.553773 43.808744
7.547569 43.808013
7.567455 43.803182
7.563857 43.802167
7.558775 43.772607
7.558369 43.781067
7.549314 43.810086
7.552624 43.816364
7.570315 43.802628
7.573554 43.806165
7.572596 43.802659
7.557054 43.787303
7.560632 43.787622
7.572330 43.812450
7.575591 43.816657
7.573897 43.816897
7.552723 43.780756
7.554195 43.783543
7.551926 43.782705
7.599777 43.777759
7.603737 43.780180
7.613673 43.778772
7.558696 43.815732
7.556245 43.814403
7.561307 43.816077
7.560823 43.816212
7.555893 43.816999
7.569585 43.797447
7.564239 43.798310
7.565374 43.824252
7.569602 43.824453
7.551156 43.804861
7.553015 43.803883
7.557315 43.815330
7.557364 43.814465
7.559549 43.785818
7.559397 43.783870
7.561641 43.792562
7.556328 43.794316
7.553507 43.803054
7.553853 43.800999
7.564296 43.796356
7.564198 43.796255
7.549007 43.812318
7.547654 43.816835
7.550947 43.814561
7.556258 43.814562
7.556725 43.816772
7.556373 43.815445
7.573286 43.798931
7.571285 43.797834
7.576195 43.800501
7.555024 43.803273
7.558254 43.804876
7.567499 43.816937
7.566492 43.815704
7.564934 43.787538
7.569741 43.785309
7.574612 43.800035
7.570703 43.796639
7.571071 43.788824
7.577463 43.788355
7.547062 43.820697
7.554064 43.818323
7.550178 43.807736
7.548707 43.807878
7.560652 43.805027
7.547565 43.799103
7.551032 43.818349
7.550026 43.822418
7.554154 43.804168
7.553520 43.803575
7.568285 43.792161
7.566572 43.794394
7.561234 43.794858
7.555531 43.791498
7.556356 43.792378
7.559529 43.792858
7.564969 43.813817
7.568169 43.813005
7.582178 43.783004
7.589914 43.774448
7.564169 43.797827
7.567728 43.799872
7.562760 43.797646
7.577016 43.783812
7.570575 43.785863
7.562769 43.836032
7.562434 43.837151
7.570093 43.787911
7.570299 43.791040
7.566035 43.828619
7.566465 43.826807
7.549813 43.797818
7.548340 43.796936
7.552745 43.798536
7.555896 43.827195
7.555520 43.824994
7.558923 43.822636
7.554908 43.819408
7.555789 43.821833
7.572529 43.815268
7.572399 43.817439
7.558902 43.794348
7.556761 43.793451
7.547891 43.809870
7.546952 43.809703
7.589233 43.802885
7.588043 43.803837
7.555494 43.800312
7.561624 43.795495
7.569228 43.810264
7.567256 43.810037
7.563599 43.800984
7.568486 43.801918
7.548082 43.812757
7.553377 43.813617
7.568388 43.786271
7.567658 43.785225
7.561031 43.817403
7.557805 43.815549
7.563389 43.800492
7.565179 43.797748
7.568040 43.774059
7.562939 43.778723
7.572185 43.761276
7.574763 43.764833
7.623552 43.854721
7.549152 43.859419
7.566297 43.851094
7.569935 43.840360
7.567821 43.802549
7.567411 43.803183
7.567920 43.842122
7.564613 43.847637
7.576034 43.793130
7.577655 43.794484
7.570381 43.791695
7.573680 43.793126
7.555188 43.791102
7.561751 43.791210
7.556715 43.793151
7.574442 43.765856
7.567566 43.769365
7.574987 43.786642
7.575178 43.784628
7.568465 43.808982
7.563537 43.808044
7.567265 43.786234
7.568221 43.786034
7.561509 43.790904
7.560853 43.794063
7.555240 43.793430
7.555247 43.794252
7.562025 43.793207
7.557793 43.786094
7.560489 43.787650
7.554464 43.790896
7.555376 43.791167
7.561653 43.791254
7.559600 43.790814
7.562948 43.792756
7.569098 43.794200
7.558686 43.791776
7.558599 43.793348
7.587635 43.762649
7.578379 43.765680
7.576086 43.807972
7.572092 43.811840
7.576919 43.808050
7.548673 43.805650
7.549364 43.804275
7.554341 43.801319
7.554776 43.792773
7.555731 43.792126
7.556045 43.774883
7.555009 43.774473
7.587970 43.793013
7.592027 43.790332
7.569071 43.796454
7.569847 43.799946
7.548238 43.799903
7.552857 43.797883
7.554210 43.797617
7.552180 43.815891
7.551054 43.815447
7.566637 43.800193
7.567614 43.798257
7.550776 43.813506
7.553164 43.812263
7.566719 43.827770
7.566007 43.823607
7.566358 43.795280
7.563475 43.798627
7.565077 43.821360
7.563429 43.817716
7.572109 43.800865
7.575530 43.802160
7.550088 43.800614
7.552819 43.797530
7.563462 43.799329
7.565910 43.797036
7.574400 43.808334
7.576266 43.808624
7.550985 43.818889
7.554309 43.820762
7.561190 43.787461
7.555614 43.784841
7.558807 43.812684
7.557296 43.815967
7.564902 43.852071
7.573033 43.848936
7.560936 43.821654
7.560034 43.819449
7.576443 43.816373
7.573086 43.812976
7.567364 43.794079
7.563593 43.792047
7.563106 43.789483
7.564468 43.792980
7.550090 43.809184
7.549466 43.810480
7.586919 43.786335
7.592765 43.793158
7.569708 43.795169
7.565719 43.798073
7.549769 43.813241
7.550965 43.813445
7.562606 43.804171
7.568003 43.804560
7.567192 43.780351
7.568570 43.781171
7.573675 43.797205
7.572475 43.795871
7.563608 43.788370
7.568088 43.788967
7.576692 43.784836
7.573620 43.786484
7.552420 43.802266
7.549349 43.802139
7.567828 43.823624
7.569755 43.824640
7.567636 43.805989
7.565253 43.803400
7.556555 43.808661
7.555862 43.810543
7.569733 43.779362
7.569690 43.782865
7.592146 43.814611
7.580244 43.816140
7.555175 43.789368
7.554456 43.790130
7.560902 43.823601
7.561996 43.823559
7.562428 43.783001
7.569206 43.779819
7.568931 43.796055
7.567397 43.798635
7.549385 43.820869
7.548917 43.818260
7.550156 43.819386
7.552952 43.819223
7.560711 43.786589
7.561578 43.789205
7.569019 43.821538
7.568708 43.821156
7.566535 43.784433
7.568911 43.786814
7.573604 43.783990
7.576418 43.788430
7.551990 43.817207
7.550070 43.813370
7.567532 43.791167
7.568433 43.793117
7.552124 43.799128
7.549258 43.798346
7.570882 43.804987
7.576165 43.802986
7.574897 43.768518
7.574812 43.762479
7.568623 43.802354
7.567726 43.800061
7.576366 43.829097
7.563696 43.836434
7.566500 43.797979
7.569106 43.799079
7.576119 43.791152
7.570919 43.794951
7.568083 43.781516
7.565783 43.780403
7.568867 43.810362
7.564539 43.807369
7.560481 43.784708
7.558755 43.786500
7.571372 43.798572
7.570091 43.796165
7.551073 43.815226
7.547264 43.816779
7.569411 43.797522
7.563362 43.798164
7.560798 43.801500
7.561148 43.803517
7.550126 43.813798
7.551382 43.812138
7.567290 43.787775
7.564596 43.785439
7.564924 43.828639
7.562788 43.824004
7.571911 43.812192
7.574143 43.814578
7.555566 43.822943
7.555942 43.821253
7.556092 43.794151
7.551181 43.786885
7.565017 43.805744
7.552994 43.813032
7.564427 43.812017
7.562523 43.814457
7.570855 43.810320
7.571683 43.809997
7.564628 43.829518
7.564818 43.830462
7.547176 43.814219
7.547331 43.816922
7.565787 43.817366
7.568474 43.812271
7.564310 43.794319
7.566832 43.791210
7.550089 43.822217
7.547726 43.822852
7.559080 43.798592
7.556706 43.798382
7.577427 43.827793
7.573821 43.818504
7.575625 43.787645
7.572093 43.785829
7.557146 43.824573
7.556415 43.824783
7.562317 43.780900
7.563238 43.782548
7.591343 43.806927
7.579314 43.810346
7.565220 43.781325
7.564439 43.780329
7.552953 43.815085
7.549241 43.814375
7.568724 43.829897
7.566790 43.830957
7.563226 43.833867
7.562761 43.833868
7.573609 43.794931
7.577326 43.790830
7.561880 43.833680
7.558520 43.832302
7.560028 43.832932
7.558451 43.834366
7.551687 43.796204
7.548043 43.799877
7.550605 43.814219
7.551647 43.811924
7.589890 43.758745
7.569852 43.763802
7.569201 43.794592
7.588833 43.799628
7.570320 43.801981
7.576291 43.803805
7.560440 43.814841
7.558315 43.814197
7.556483 43.831073
7.556124 43.829616
7.565561 43.804204
7.563664 43.801877
7.559105 43.784393
7.577041 43.785543
7.572753 43.784462
7.567630 43.784194
7.564748 43.784413
7.564694 43.829468
7.566967 43.831437
7.554915 43.832321
7.555024 43.831805
7.553141 43.833147
7.549454 43.799110
7.553842 43.799505
7.586861 43.781482
7.591047 43.775037
7.568052 43.833477
7.563481 43.829398
7.568953 43.816313
7.562296 43.816671
7.566003 43.817813
7.566368 43.819837
7.562373 43.806720
7.564192 43.778735
7.562802 43.780318
7.565408 43.826660
7.564271 43.828723
7.563207 43.791133
7.563838 43.791186
7.563187 43.781611
7.563375 43.782104
7.569766 43.771270
7.576506 43.772095
7.553547 43.818102
7.549525 43.821017
7.550004 43.809920
7.549142 43.810965
7.563097 43.820480
7.566506 43.820497
7.557369 43.788780
7.557577 43.788969
7.574353 43.800427
7.574967 43.800341
7.554664 43.833968
7.557591 43.822529
7.549394 43.835755
7.560656 43.822072
7.559360 43.821340
7.548842 43.812862
7.566113 43.792231
7.562305 43.792180
7.566538 43.787583
7.573082 43.819190
7.555276 43.792381
7.556369 43.792234
7.549311 43.800068
7.560158 43.826232
7.555316 43.825742
7.556939 43.785652
7.559989 43.815723
7.558413 43.816940
7.537000 43.790465
7.548712 43.776972
7.569368 43.789649
7.575336 43.810089
7.573265 43.806834
7.572375 43.817089
7.573582 43.815792
7.565193 43.826083
7.563880 43.824101
7.565248 43.826791
7.577406 43.818718
7.566927 43.791120
7.567291 43.789424
7.571562 43.817707
7.574131 43.818566
7.566945 43.794388
7.568429 43.792423
7.574988 43.783962
7.573271 43.787848
7.557212 43.832208
7.555551 43.831343
7.566447 43.830361
7.569688 43.831810
7.570527 43.816807
7.573871 43.817041
7.568076 43.789697
7.566073 43.791785
7.565925 43.808974
7.548411 43.796723
7.575086 43.790509
7.577482 43.793044
7.572876 43.821459
7.572438 43.822415
7.568543 43.781061
7.566769 43.783527
7.563468 43.794642
7.562317 43.786768
7.565694 43.785570
7.555568 43.828575
7.548051 43.846001
7.562516 43.828759
7.564167 43.833305
7.563674 43.790669
7.557851 43.830265
7.555642 43.834340
7.557088 43.841688
7.543705 43.848726
7.551391 43.798189
7.551577 43.796400
7.562918 43.782443
7.562691 43.779543
7.550272 43.818537
7.547622 43.821925
7.579002 43.750002
7.591204 43.764084
7.567545 43.819451
7.589259 43.823397
7.575429 43.786302
7.577073 43.786382
7.567728 43.792315
7.563095 43.790019
7.592186 43.725148
7.615914 43.734154
7.571929 43.767847
7.569366 43.769517
7.559547 43.788767
7.555377 43.783856
7.552017 43.797685
7.547324 43.798137
7.570420 43.811564
7.577571 43.807961
7.558195 43.808117
7.552832 43.795924
7.546681 43.798661
7.548189 43.799303
7.547822 43.798792
7.548384 43.799387
7.556194 43.819626
7.554770 43.821913
7.567866 43.801880
7.566864 43.781862
7.570565 43.817781
7.576232 43.820527
7.591438 43.778991
7.549709 43.812329
7.552925 43.816948
7.550673 43.798588
7.553875 43.798642
7.561812 43.827721
7.549030 43.820272
7.549609 43.822932
7.550022 43.798535
7.570512 43.802417
7.566167 43.797511
7.566005 43.799107
7.563096 43.788993
7.567685 43.789124
7.566947 43.830515
7.568958 43.833781
7.557627 43.786433
7.558349 43.785458
7.550061 43.798639
7.573696 43.799223
7.573498 43.800530
7.560043 43.831170
7.554575 43.831121
7.562542 43.809807
7.565027 43.806977
7.568755 43.841852
7.571820 43.780277
7.576573 43.778848
7.575610 43.778922
7.574896 43.782702
7.547224 43.804329
7.554195 43.801729
7.556341 43.805109
7.558173 43.805606
7.549239 43.789909
7.547963 43.791272
7.570369 43.794432
7.574858 43.794609
7.557602 43.787150
7.562114 43.785941
7.558175 43.831288
7.560463 43.833817
7.573520 43.780397
7.576432 43.822064
7.570508 43.822531
7.556956 43.796745
7.558281 43.798376
7.553948 43.821947
7.553423 43.821284
7.546813 43.794449
7.566063 43.819797
7.563433 43.783334
7.577010 43.778893
7.572464 43.778688
7.575319 43.803610
7.574455 43.802585
7.564044 43.812042
7.567971 43.817417
7.565467 43.814369
7.550394 43.792650
7.568977 43.783612
7.574275 43.784265
7.581057 43.799027
7.575690 43.787112
7.565461 43.830413
7.562328 43.828802
7.558829 43.803926
7.560541 43.804027
7.558780 43.805747
7.576512 43.778301
7.562359 43.775389
7.578200 43.814097
7.567864 43.825665
7.573287 43.782997
7.574532 43.782959
7.562111 43.804259
7.561566 43.805092
7.562113 43.805671
7.576223 43.823047
7.555926 43.820240
7.560439 43.820721
7.567329 43.827272
7.568226 43.826450
7.562386 43.811584
7.574602 43.816217
7.574816 43.814343
7.558708 43.805974
7.558425 43.804050
7.560155 43.803988
7.565956 43.788489
7.568969 43.787548
7.574910 43.780286
7.572817 43.778945
7.548638 43.792834
7.551972 43.792887
7.555323 43.823826
7.559943 43.824999
7.562347 43.810793
7.564729 43.807028
7.566901 43.784093
7.581073 43.827060
7.584062 43.828046
7.559348 43.805837
7.561009 43.804969
7.559461 43.808196
7.561628 43.806569
7.558186 43.785896
7.557495 43.786450
7.578845 43.788828
7.559116 43.808474
7.560454 43.807916
7.570149 43.799175
7.567075 43.807192
7.559903 43.807038
7.560656 43.806247
7.559721 43.804478
7.561070 43.804708
7.548507 43.816246
7.559255 43.808718
7.560074 43.808111
7.548581 43.813840
7.553642 43.816144
7.560781 43.804481
7.560774 43.804031
7.561945 43.807079
7.558177 43.789965
7.554369 43.790908
7.551984 43.792067
7.564997 43.807260
7.567427 43.807486
7.555301 43.826193
7.564610 43.817637
7.566540 43.819473
7.561753 43.808969
7.572056 43.781289
7.559428 43.812513
7.576785 43.790484
7.560336 43.806625
7.558477 43.807239
7.562223 43.800902
7.566372 43.806212
7.560547 43.805518
7.566643 43.779485
7.564698 43.833361
7.560059 43.805625
7.560378 43.805059
7.546297 43.810688
7.551498 43.821171
7.547161 43.821581
7.559896 43.808912
7.576645 43.781462
7.575595 43.778750
7.556903 43.800559
7.560787 43.804421
7.559520 43.801542
7.558662 43.802357
7.560979 43.801152
7.565080 43.793710
7.568776 43.794798
7.559752 43.808347
7.561186 43.800866
7.559156 43.802094
7.550523 43.797295
7.560496 43.802785
7.532361 43.840499
7.564050 43.819449
7.563763 43.820866
7.558359 43.803515
7.546766 43.790871
7.546849 43.794604
7.559645 43.801968
7.563002 43.804421
7.563462 43.803615
7.565308 43.804251
7.563901 43.804846
7.560528 43.803215
7.558307 43.803242
7.581056 43.828210
7.593060 43.820004
7.555527 43.829252
7.559204 43.832537
7.613149 43.763882
7.619412 43.758252
7.557317 43.819782
7.558877 43.822755
7.561327 43.806697
7.563741 43.805577
7.564422 43.805450
7.570712 43.761274
7.565089 43.806664
7.577225 43.787351
7.576242 43.786481
7.589400 43.786370
7.557171 43.787441
7.564197 43.804616
7.562084 43.831194
7.558460 43.833149
7.563330 43.780674
7.561294 43.801659
7.561176 43.801258
7.558926 43.801842
7.565215 43.802103
7.565657 43.802156
7.562377 43.801978
7.558932 43.822356
7.560939 43.806767
7.561206 43.805583
7.559384 43.803907
7.565259 43.804721
7.558848 43.803444
7.555011 43.788843
7.558039 43.787449
7.566625 43.789165
7.568159 43.786233
7.563256 43.802574
7.560056 43.772643
7.557870 43.772526
7.575285 43.779545
7.561641 43.808923
7.559694 43.807083
7.564523 43.803348
7.559597 43.802769
7.560710 43.802430
7.562986 43.804539
7.556924 43.814845
7.559592 43.813748
7.565250 43.803063
7.562977 43.802352
7.562379 43.804079
7.567852 43.812543
7.572989 43.820955
7.572793 43.821241
7.560810 43.802058
7.561821 43.801583
7.560403 43.803737
7.564580 43.803283
7.571497 43.809279
7.567836 43.783666
7.575384 43.778690
7.571224 43.783431
7.559416 43.807190
7.560233 43.806447
7.565036 43.802773
7.601921 43.755743
7.606858 43.750368
7.561501 43.806733
7.564439 43.803863
7.562824 43.805276
7.565341 43.805745
7.564676 43.804124
7.568053 43.830862
7.560416 43.801422
7.559303 43.802927
7.589794 43.810167
7.558926 43.804719
7.561799 43.803970
7.561441 43.811343
7.559828 43.811770
7.560844 43.811288
7.559426 43.809493
7.576714 43.811557
7.572644 43.811614
7.567603 43.819225
7.548872 43.819863
7.547164 43.819808
7.560892 43.810407
7.550808 43.826293
7.547090 43.825853
7.559265 43.811830
7.563979 43.801621
7.563352 43.801383
7.558371 43.789040
7.558120 43.784562
7.563972 43.807675
7.548870 43.791770
7.576944 43.812034
7.574792 43.789195
7.565069 43.807201
7.560756 43.804448
7.571734 43.857440
7.563855 43.800766
7.559611 43.801929
7.559704 43.810098
7.558444 43.811124
7.554049 43.825384
7.564092 43.806500
7.563596 43.808911
7.551217 43.794311
7.548057 43.791287
7.560772 43.807991
7.559602 43.809124
7.558735 43.827644
7.560534 43.825329
7.561155 43.801128
7.561949 43.801048
7.554365 43.824680
7.563618 43.807682
7.579533 43.798910
7.565386 43.804991
7.565443 43.807479
7.590334 43.762440
7.564817 43.804582
7.561137 43.811085
7.560016 43.810026
7.531508 43.813698
7.540722 43.809248
7.567888 43.788335
7.566911 43.788149
7.572309 43.781363
7.573730 43.780419
7.592206 43.762436
7.579673 43.797393
7.558965 43.807407
7.559920 43.807743
7.562201 43.801326
7.561985 43.809939
7.560623 43.810673
7.564602 43.802538
7.559325 43.822604
7.560339 43.804122
7.559209 43.805789
7.565662 43.807394
7.544563 43.810201
7.564974 43.808153
7.558602 43.811142
7.560847 43.810626
7.559998 43.803159
7.559212 43.801453
7.554387 43.823728
7.561593 43.807828
7.569198 43.809031
7.559621 43.803993
7.564612 43.826087
7.569578 43.834242
7.569344 43.833699
7.561609 43.802808
7.553678 43.827084
7.562472 43.803746
7.575150 43.784679
7.576369 43.787658
7.562062 43.788003
7.581953 43.799984
7.562862 43.800340
7.564716 43.800185
7.558386 43.830237
7.559778 43.830883
7.549110 43.849069
7.582942 43.792608
7.583014 43.790158
7.583426 43.761861
7.563113 43.783113
7.568006 43.782755
7.561018 43.810290
7.561509 43.811185
7.574743 43.814891
7.584602 43.792846
7.578670 43.791949
7.565594 43.799627
7.557885 43.831193
7.555623 43.833686
7.564741 43.798708
7.564785 43.807148
7.563788 43.808361
7.559933 43.810310
7.558717 43.806568
7.575505 43.779710
7.566010 43.804938
7.562398 43.803812
7.562164 43.806295
7.578656 43.792787
7.577661 43.792886
7.562251 43.802765
7.571871 43.821117
7.559757 43.810556
7.570929 43.794005
7.559984 43.803366
7.579960 43.798499
7.561636 43.804716
7.574083 43.788442
7.624054 43.811468
7.597703 43.811301
7.563658 43.803286
7.573687 43.798711
7.572617 43.796189
7.563932 43.782189
7.562595 43.797944
7.564266 43.783891
7.562688 43.804599
7.562457 43.805647
7.558297 43.808385
7.563548 43.799992
7.560649 43.800275
7.576074 43.801314
7.566536 43.796367
7.563413 43.797142
7.560432 43.800304
7.561071 43.799691
7.560406 43.800252
7.549929 43.807634
7.559040 43.811770
7.549775 43.817516
7.548326 43.817680
7.590762 43.782235
7.561408 43.818589
7.561894 43.822451
7.558525 43.798717
7.559103 43.800452
7.561994 43.806685
7.548317 43.794740
7.586809 43.764771
7.592797 43.762278
7.558702 43.799155
7.558405 43.800493
7.581839 43.793103
7.568535 43.784148
7.565861 43.828527
7.567727 43.824197
7.562884 43.808984
7.565045 43.802411
7.548462 43.825700
7.547188 43.791208
7.565180 43.798858
7.559211 43.801664
7.564291 43.815655
7.570642 43.802429
7.574834 43.801369
7.584822 43.794532
7.561844 43.802145
7.558530 43.800006
7.562186 43.798980
7.563413 43.798229
7.550257 43.828454
7.560612 43.798440
7.563679 43.809019
7.555855 43.786754
7.559286 43.805279
7.560164 43.799406
7.557937 43.831660
7.558998 43.809429
7.558486 43.809555
7.562045 43.805081
7.565312 43.805422
7.558904 43.810993
7.562663 43.804272
7.559191 43.808950
7.561061 43.799256
7.565624 43.802589
7.555515 43.788363
7.555679 43.785077
7.572764 43.820704
7.556615 43.805510
7.565391 43.798159
7.566514 43.858446
7.574405 43.796663
7.570063 43.797840
7.564172 43.803081
7.563754 43.802253
7.576079 43.794789
7.555624 43.783427
7.560528 43.779681
7.565602 43.806914
7.550384 43.814875
7.571342 43.782829
7.561865 43.798208
7.545621 43.811861
7.561250 43.789845
7.558469 43.799734
7.554411 43.780091
7.558929 43.780684
7.556582 43.807865
7.563840 43.799836
7.555402 43.807731
7.561942 43.802800
7.556848 43.807199
7.578132 43.798564
7.569540 43.813382
7.544761 43.817375
7.544854 43.816273
7.555106 43.807335
7.556766 43.807441
7.579728 43.791144
7.554437 43.808752
7.556149 43.826322
7.560710 43.782072
7.558426 43.823064
7.643751 43.784024
7.675860 43.773520
7.564443 43.803716
7.551660 43.790663
7.561526 43.797985
7.560263 43.800609
7.561626 43.810378
7.579731 43.766463
7.565429 43.806902
7.561304 43.780974
7.554945 43.808858
7.564064 43.782926
7.565554 43.800103
7.557729 43.804006
7.554925 43.805397
7.559835 43.806223
7.560197 43.807582
7.555970 43.808857
7.555796 43.804229
7.558115 43.804487
7.550088 43.822840
7.558791 43.801422
7.563932 43.809056
7.583159 43.793686
7.565140 43.811272
7.560654 43.807566
7.564097 43.800915
7.561651 43.784461
7.556523 43.804477
7.555756 43.806062
7.565370 43.808039
7.567675 43.784012
7.559008 43.810747
7.559498 43.821523
7.554907 43.819159
7.560396 43.798647
7.557671 43.807846
7.557627 43.806389
7.563729 43.810273
7.565277 43.811553
7.572697 43.784135
7.557495 43.805761
7.558541 43.800591
7.573345 43.781430
7.559328 43.822880
7.551852 43.824202
7.552126 43.824640
7.556372 43.805813
7.564140 43.799025
7.559366 43.783377
7.557842 43.807790
7.565794 43.811291
7.560041 43.800810
7.560107 43.826722
7.557350 43.826350
7.564350 43.803954
7.568808 43.822151
7.564238 43.800828
7.550357 43.819307
7.548660 43.817554
7.559428 43.804663
7.559826 43.804874
7.565370 43.811365
7.565987 43.833227
7.566196 43.834208
7.554715 43.779164
7.554894 43.806669
7.555814 43.808458
7.557792 43.805758
7.547765 43.828401
7.579496 43.797021
7.561199 43.820794
7.560637 43.818858
7.562250 43.800214
7.557382 43.805960
7.558788 43.809145
7.569446 43.817716
7.563717 43.806089
7.546950 43.794716
7.569551 43.793651
7.560664 43.799891
7.577311 43.783855
7.559454 43.787952
7.565198 43.809301
7.557556 43.807471
7.555999 43.808924
7.564715 43.807766
7.554538 43.804876
7.564932 43.802732
7.563484 43.810822
7.579244 43.765089
7.560384 43.806015
7.561972 43.820591
7.556939 43.807871
7.560197 43.798398
7.561586 43.812267
7.561705 43.812946
7.560924 43.814128
7.576870 43.794643
7.549640 43.789822
7.564321 43.808925
7.560395 43.808360
7.558438 43.807738
7.557924 43.805390
7.557164 43.804660
7.563718 43.817311
7.562808 43.815528
7.561298 43.813419
7.560518 43.813133
7.565510 43.798449
7.563312 43.799653
7.558956 43.802660
7.581247 43.793835
7.560680 43.783172
7.564174 43.798552
7.555659 43.804129
7.569181 43.833917
7.560646 43.780263
7.575427 43.819392
7.558425 43.799190
7.559489 43.799668
7.581838 43.802800
7.559673 43.803360
7.560919 43.814309
7.556284 43.807582
7.554750 43.807394
7.557060 43.812933
7.558965 43.810445
7.550196 43.813537
7.554114 43.812759
7.582819 43.803134
7.561569 43.828788
7.558557 43.812628
7.585344 43.795795
7.563834 43.809547
7.555504 43.808110
7.556427 43.808440
7.565433 43.811132
7.563928 43.810988
7.560687 43.806791
7.557785 43.810476
7.564873 43.784246
7.568123 43.789291
7.561492 43.786733
7.557002 43.811715
7.556654 43.811576
7.560059 43.810096
7.557279 43.811451
7.565399 43.801280
7.557590 43.805498
7.564760 43.804991
7.566275 43.781805
7.565017 43.782291
7.565466 43.800698
7.564216 43.807377
7.565959 43.808797
7.557974 43.811237
7.562301 43.805300
7.556366 43.810886
7.555894 43.804475
7.554937 43.804398
7.569199 43.780199
7.564650 43.839915
7.562007 43.822131
7.563102 43.800752
7.565039 43.825327
7.550585 43.802325
7.575952 43.810842
7.560876 43.812080
7.565947 43.800090
7.584948 43.801409
7.559064 43.812123
7.549147 43.818222
7.554593 43.809336
7.554552 43.810178
7.558967 43.804245
7.560812 43.806170
7.561393 43.799638
7.555700 43.811345
7.567459 43.838375
7.561079 43.799560
7.556708 43.806575
7.551028 43.824877
7.556760 43.779807
7.569983 43.780295
7.570093 43.823610
7.559007 43.808714
7.565272 43.854229
7.560408 43.800704
7.549241 43.793598
7.564539 43.770846
7.565320 43.810072
7.559648 43.786470
7.560485 43.785359
7.556742 43.806741
7.557424 43.839116
7.565540 43.796520
7.556548 43.805697
7.561768 43.813885
7.556316 43.785307
7.563534 43.806457
7.564401 43.806691
7.560672 43.786971
7.557583 43.810764
7.563819 43.811757
7.563224 43.795966
7.563042 43.797366
7.561868 43.786492
7.577507 43.828682
7.564867 43.799119
7.556135 43.809407
7.555182 43.811225
7.555024 43.787159
7.558195 43.805467
7.557216 43.805055
7.565017 43.787793
7.567677 43.785748
7.557352 43.784527
7.564478 43.795324
7.558108 43.787805
7.558456 43.788756
7.560890 43.809255
7.563909 43.809984
7.574316 43.823126
7.582554 43.822013
7.562374 43.799282
7.564952 43.795380
7.564247 43.834648
7.562567 43.839503
7.560984 43.812652
7.547679 43.800443
7.564812 43.806796
7.556157 43.808031
7.559471 43.798079
7.561412 43.799092
7.565267 43.796772
7.563600 43.797596
7.565359 43.806201
7.557585 43.811572
7.578269 43.797991
7.566232 43.809299
7.562532 43.801912
7.560125 43.813357
7.586791 43.768907
7.582156 43.765194
7.557697 43.803872
7.557449 43.804407
7.575678 43.784134
7.560564 43.810045
7.577335 43.779830
7.555752 43.801961
7.558927 43.802762
7.557621 43.802140
7.556861 43.811091
7.555086 43.811450
7.556025 43.802089
7.582994 43.802078
7.563285 43.797280
7.556497 43.802502
7.558129 43.778825
7.566013 43.809935
7.557715 43.802519
7.557049 43.801424
7.568941 43.836588
7.559708 43.804096
7.575329 43.816001
7.559552 43.800137
7.573662 43.822628
7.562459 43.803288
7.563292 43.796465
7.560677 43.802529
7.558988 43.808569
7.554607 43.801293
7.555092 43.811533
7.554240 43.826479
7.556379 43.801305
7.562970 43.805320
7.558512 43.807014
7.552431 43.792554
7.578467 43.794669
7.565549 43.784471
7.555654 43.807953
7.557603 43.834052
7.583834 43.802561
7.556071 43.807306
7.555247 43.807097
7.566017 43.810085
7.577230 43.823626
7.562648 43.799134
7.560163 43.800240
7.557259 43.804378
7.564850 43.795889
7.557171 43.787056
7.557292 43.801376
7.558721 43.813309
7.560790 43.811852
7.561432 43.811078
7.555779 43.801489
7.556578 43.801536
7.555413 43.805484
7.551638 43.820944
7.557865 43.809289
7.557851 43.809776
7.566445 43.812783
7.563232 43.788565
7.560114 43.812700
7.562998 43.798023
7.567824 43.766207
7.576681 43.823398
7.562267 43.808121
7.560762 43.805758
7.564997 43.795937
7.564067 43.807076
7.579969 43.790310
7.563054 43.810858
7.565615 43.805651
7.556914 43.809336
7.562746 43.778282
7.562281 43.803209
7.592426 43.880323
7.557347 43.801873
7.555614 43.801165
7.577867 43.795051
7.553933 43.810304
7.565987 43.796069
7.592807 43.813335
7.560968 43.783489
7.560354 43.827562
7.575326 43.794550
7.575752 43.792324
7.555394 43.806619
7.576590 43.858494
7.561882 43.804410
7.552179 43.824979
7.562124 43.800928
7.560761 43.799485
7.560522 43.814367
7.557894 43.804315
7.556680 43.804843
7.566011 43.788978
7.556002 43.800953
7.563219 43.800554
7.562241 43.799492
7.558331 43.795511
7.568403 43.789255
7.566969 43.787706
7.560490 43.796978
7.569329 43.839809
7.566583 43.786703
7.555281 43.801001
7.573950 43.811501
7.560673 43.795232
7.556882 43.811751
7.560613 43.798087
7.562156 43.786984
7.555834 43.811658
7.560185 43.806663
7.559204 43.807900
7.565235 43.795497
7.551905 43.790950
7.574278 43.816198
7.558918 43.795264
7.564122 43.819691
7.567676 43.801536
7.566935 43.800769
7.549771 43.761312
7.561550 43.809617
7.568894 43.786145
7.560490 43.803428
7.572924 43.800712
7.588565 43.714573
7.577702 43.731783
7.566961 43.802021
7.566008 43.809638
7.586026 43.768918
7.532600 43.753371
7.559978 43.810184
7.556777 43.808989
7.567579 43.802382
7.563672 43.810309
7.554774 43.804525
7.568525 43.826975
7.558448 43.796129
7.584001 43.785230
7.582649 43.806116
7.544739 43.811163
7.556060 43.803402
7.562005 43.797307
7.562955 43.797170
7.569686 43.786897
7.561559 43.812182
7.562704 43.801544
7.565328 43.800772
7.581607 43.785596
7.572286 43.849954
7.571187 43.799998
7.569343 43.837415
7.566708 43.803125
7.565995 43.808565
7.565665 43.801915
7.569005 43.803185
7.567947 43.801540
7.573016 43.832098
7.564440 43.805312
7.563916 43.803481
7.563748 43.805260
7.571876 43.793417
7.549562 43.821816
7.559558 43.807423
7.560315 43.807412
7.554839 43.806748
7.563765 43.798585
7.584810 43.787888
7.562368 43.812498
7.565855 43.813134
7.540753 43.795768
7.557299 43.805311
7.557918 43.805227
7.559750 43.796559
7.563197 43.814041
7.560500 43.799451
7.557162 43.801681
7.561646 43.813086
7.572083 43.781374
7.557509 43.811605
7.549065 43.766103
7.558629 43.796495
7.547847 43.818449
7.585110 43.786976
7.556427 43.778841
7.574881 43.827379
7.563594 43.813211
7.564775 43.814191
7.555487 43.802294
7.559186 43.801487
7.563053 43.799119
7.569714 43.804594
7.569494 43.805920
7.561040 43.804754
7.568243 43.802839
7.565899 43.807504
7.565442 43.813630
7.562632 43.795208
7.567167 43.801836
7.569055 43.804441
7.562424 43.806918
7.556874 43.792487
7.561052 43.834057
7.564626 43.829727
7.552010 43.817532
7.567330 43.803635
7.573866 43.787342
7.573169 43.785942
7.565645 43.831389
7.564976 43.780097
7.562034 43.797527
7.565053 43.796377
7.575583 43.796648
7.566889 43.804986
7.564668 43.799424
7.579816 43.797027
7.562398 43.812603
7.576313 43.770196
7.572744 43.822796
7.569185 43.805825
7.565939 43.810209
7.554044 43.793070
7.561004 43.807631
7.557668 43.809475
7.575041 43.825222
7.561105 43.805005
7.564048 43.797947
7.556939 43.810083
7.567898 43.804813
7.573849 43.786582
7.561702 43.795736
7.561341 43.797050
7.560752 43.810805
7.558249 43.800989
7.565929 43.812408
7.568741 43.798182
7.560449 43.795278
7.580602 43.784234
7.581607 43.785104
7.561107 43.800083
7.558901 43.797844
7.569347 43.799738
7.557130 43.812498
7.556782 43.812289
7.555964 43.803678
7.584475 43.792366
7.557910 43.806862
7.567634 43.799363
7.575501 43.783700
7.569935 43.778679
7.555195 43.811027
7.562234 43.809596
7.589577 43.824521
7.568210 43.801613
7.553992 43.794902
7.559950 43.778809
7.568801 43.782332
7.557547 43.823313
7.557885 43.812329
7.566845 43.813196
7.567834 43.801353
7.561208 43.798377
7.563000 43.802527
7.557526 43.805935
7.584508 43.787931
7.558120 43.814106
7.562169 43.807483
7.555782 43.803044
7.563079 43.812914
7.557363 43.808519
7.559197 43.812949
7.547213 43.817852
7.569448 43.804778
7.562374 43.796841
7.556034 43.764485
7.558504 43.814472
7.560690 43.813599
7.566664 43.798180
7.564608 43.805499
7.549599 43.817500
7.566094 43.798722
7.566254 43.805098
7.559799 43.795940
7.558428 43.795332
7.556839 43.814044
7.565220 43.799732
7.573518 43.803321
7.558351 43.809090
7.555550 43.812320
7.561456 43.802607
7.558326 43.822982
7.563681 43.796054
7.559708 43.801316
7.566709 43.825937
7.579501 43.789397
7.558076 43.802464
7.549004 43.824946
7.565964 43.814396
7.559598 43.803724
7.566138 43.800354
7.557250 43.813710
7.561473 43.795038
7.550935 43.791100
7.531251 43.846615
7.557701 43.834667
7.564390 43.798463
7.562698 43.802381
7.556227 43.838513
7.547334 43.825771
7.568752 43.798824
7.560732 43.795361
7.569656 43.800805
7.562321 43.811170
7.564151 43.814522
7.556986 43.814368
7.555028 43.804881
7.563063 43.796278
7.566027 43.805905
7.557243 43.810247
7.558030 43.804374
7.554608 43.808318
7.569440 43.802769
7.566280 43.805677
7.562473 43.805712
7.562718 43.804198
7.560171 43.806915
7.557649 43.812646
7.591440 43.768006
7.578471 43.798463
7.557924 43.810538
7.584013 43.801956
7.581685 43.802165
7.561868 43.806267
7.558355 43.797834
7.551199 43.820011
7.567439 43.797878
7.566763 43.838055
7.544786 43.754036
7.559422 43.809666
7.560064 43.823764
7.573166 43.792627
7.560483 43.812625
7.550284 43.821521
7.578541 43.785569
7.549632 43.797609
7.555795 43.801311
7.565382 43.807433
7.537690 43.803646
7.558160 43.800725
7.558956 43.795952
7.563722 43.800701
7.564060 43.838793
7.546893 43.805696
7.547499 43.813363
7.555557 43.813559
7.563432 43.806290
7.563885 43.798402
7.564781 43.817097
7.558210 43.834886
7.569331 43.800215
7.579762 43.784365
7.562336 43.813874
7.564740 43.804006
7.557726 43.837567
7.559813 43.797326
7.567050 43.817027
7.555056 43.813252
7.565850 43.810730
7.561345 43.815462
7.558594 43.801470
7.561704 43.800542
7.563784 43.796769
7.585163 43.800785
7.559187 43.817033
7.568994 43.791293
7.565906 43.812492
7.569375 43.800621
7.548878 43.792804
7.557210 43.805745
7.559758 43.815076
7.564238 43.796522
7.569563 43.806196
7.566511 43.804310
7.555767 43.804610
7.582678 43.803601
7.558506 43.814506
7.554677 43.828453
7.557782 43.808260
7.560281 43.815804
7.559044 43.805882
7.567402 43.800446
7.557203 43.811214
7.556039 43.808847
7.569161 43.802313
7.560043 43.803683
7.574393 43.821113
7.573238 43.824396
7.560685 43.795475
7.559766 43.815669
7.577673 43.836435
7.565121 43.810709
7.553939 43.764392
7.568704 43.817635
7.569342 43.806389
7.555144 43.801836
7.555507 43.813265
7.552377 43.822514
7.569858 43.806827
7.567250 43.807964
7.559299 43.799599
7.566669 43.780175
7.555152 43.812183
7.559342 43.815333
7.570705 43.781765
7.561398 43.784737
7.559980 43.806603
7.569398 43.798715
7.558951 43.813489
7.562110 43.811125
7.573243 43.823468
7.569634 43.808096
7.570203 43.811068
7.557157 43.781720
7.560369 43.817492
7.564878 43.796482
7.580730 43.796746
7.567247 43.806823
7.557141 43.799869
7.542923 43.757630
7.562868 43.797886
7.554916 43.799124
7.561090 43.802618
7.562145 43.811231
7.548714 43.851123
7.556584 43.801481
7.565019 43.812631
7.562213 43.813611
7.560008 43.797771
7.557683 43.800261
7.558404 43.797207
7.557457 43.809422
7.575191 43.784153
7.568306 43.803550
7.554661 43.798752
7.552488 43.790334
7.563492 43.822614
7.564982 43.802896
7.564015 43.802463
7.567700 43.804159
7.566299 43.800110
7.557146 43.805660
7.559381 43.816525
7.562904 43.807374
7.566558 43.802035
7.558956 43.829919
7.534210 43.800912
7.558218 43.799110
7.567836 43.806284
7.558381 43.802385
7.576740 43.773034
7.555541 43.809740
7.554510 43.837534
7.557958 43.812821
7.556195 43.802685
7.566731 43.807711
7.554581 43.807644
7.584846 43.785096
7.563422 43.806071
7.567887 43.801757
7.566043 43.808072
7.556242 43.799495
7.556362 43.814332
7.566592 43.814762
7.562774 43.797595
7.564232 43.764529
7.564330 43.805052
7.553465 43.828745
7.576234 43.814129
7.580765 43.791899
7.558845 43.799400
7.558513 43.815439
7.554541 43.798656
7.560268 43.806052
7.567324 43.796112
7.558416 43.815325
7.563118 43.811135
7.567042 43.796457
7.557214 43.799650
7.549979 43.789409
7.550619 43.790958
7.577876 43.788277
7.564093 43.775352
7.563704 43.806523
7.562962 43.811750
7.565176 43.776524
7.562779 43.793158
7.559114 43.806555
7.558809 43.795737
7.565808 43.797649
7.558845 43.800136
7.566648 43.797600
7.562198 43.793163
7.556121 43.803543
7.554410 43.813030
7.566443 43.796901
7.562639 43.812869
7.561747 43.814265
7.562242 43.792994
7.558560 43.782654
7.559273 43.823053
7.559232 43.836595
7.563899 43.784497
7.556980 43.831879
7.559615 43.813128
7.575312 43.778178
7.569414 43.808858
7.567713 43.774682
7.557673 43.814505
7.558073 43.800504
7.558042 43.808144
7.561050 43.808607
7.567786 43.808850
7.567753 43.777375
7.556645 43.799658
7.564350 43.798151
7.554859 43.802940
7.566823 43.795892
7.568784 43.798708
7.555801 43.805817
7.569317 43.796715
7.569571 43.805285
7.564232 43.800981
7.566380 43.804613
7.583212 43.794262
7.562735 43.792240
7.563639 43.778580
7.561156 43.796888
7.559454 43.811610
7.581885 43.775121
7.556686 43.810807
7.565663 43.812102
7.549201 43.794052
7.561878 43.815334
7.569184 43.800632
7.556580 43.806398
7.564362 43.792332
7.557836 43.801146
7.579507 43.803709
7.589226 43.784290
7.562647 43.800616
7.554938 43.798688
7.558481 43.802747
7.558419 43.796354
7.564016 43.808447
7.558615 43.804428
7.568172 43.801155
7.576576 43.791214
7.561540 43.815784
7.566301 43.796798
7.557312 43.813550
7.622062 43.817187
7.569356 43.797612
7.564858 43.792499
7.566509 43.776977
7.563564 43.837902
7.561444 43.800339
7.567911 43.778613
7.568841 43.798132
7.549552 43.809193
7.555720 43.798997
7.569023 43.832806
7.562238 43.797881
7.563163 43.797098
7.558042 43.809950
7.565164 43.773797
7.564687 43.862372
7.562611 43.803845
7.556245 43.813112
7.568281 43.807203
7.565135 43.813229
7.561984 43.810117
7.566760 43.807663
7.562157 43.792493
7.563788 43.816660
7.562887 43.797489
7.557852 43.798613
7.557880 43.803022
7.551711 43.791365
7.565132 43.810747
7.547325 43.822227
7.574842 43.782442
7.569511 43.836469
7.560608 43.805866
7.560575 43.803310
7.583977 43.807971
7.531185 43.823410
7.560869 43.816026
7.579720 43.798687
7.558902 43.812955
7.563108 43.810021
7.583351 43.810715
7.569555 43.817426
7.547269 43.827070
7.571443 43.786646
7.553349 43.794637
7.563411 43.794171
7.554661 43.804594
7.579837 43.769011
7.567355 43.796191
7.556166 43.810260
7.548799 43.817304
7.559442 43.836752
7.559683 43.795680
7.565906 43.798551
7.569833 43.797222
7.557884 43.781679
7.552347 43.819279
7.568799 43.812404
7.568190 43.805851
7.567983 43.804015
7.557893 43.799975
7.535526 43.827971
7.561789 43.807914
7.549328 43.793366
7.556526 43.806332
7.565214 43.793473
7.573954 43.828453
7.581664 43.785865
7.555206 43.799405
7.588188 43.817516
7.561763 43.796064
7.558401 43.810839
7.563041 43.810873
7.558083 43.825965
7.562281 43.773404
7.565883 43.804632
7.552099 43.791486
7.565869 43.833039
7.556763 43.805927
7.563086 43.812650
7.562732 43.797165
7.553222 43.792288
7.556139 43.813553
7.559659 43.812689
7.561350 43.798684
7.572959 43.793671
7.552501 43.791375
7.559613 43.815333
7.560506 43.803222
7.563204 43.812889
7.567852 43.806938
7.568712 43.807224
7.564546 43.802902
7.568486 43.803094
7.555329 43.802060
7.566393 43.799104
7.564498 43.807248
7.553734 43.823744
7.572425 43.784560
7.563058 43.813888
7.560729 43.816762
7.556423 43.801927
7.566156 43.826937
7.563408 43.808463
7.557978 43.812913
7.557421 43.806342
7.570129 43.795959
7.569159 43.797358
7.555928 43.800548
7.569583 43.824315
7.561170 43.807735
7.571410 43.804172
7.573965 43.824529
7.582685 43.792883
7.566805 43.797597
7.559602 43.797723
7.550619 43.826924
7.563601 43.815156
7.562450 43.815146
7.563511 43.792664
7.562635 43.805160
7.558539 43.805613
7.534776 43.798693
7.564308 43.811541
7.567556 43.859641
7.555959 43.793880
7.555590 43.811434
7.560865 43.814042
7.563412 43.816752
7.595045 43.751429
7.563933 43.816270
7.552495 43.799176
7.568229 43.800362
7.555060 43.798126
7.565719 43.795409
7.563226 43.769331
7.562748 43.793607
7.565466 43.798245
7.584952 43.769096
7.556803 43.809811
7.556441 43.800581
7.569560 43.811009
7.565511 43.799973
7.556600 43.807528
7.556850 43.811979
7.591971 43.776569
7.568345 43.805997
7.571215 43.769418
7.567161 43.811008
7.568369 43.811489
7.555468 43.768651
7.554570 43.802666
7.568209 43.780003
7.558982 43.835515
7.566915 43.822296
7.569099 43.803051
7.563421 43.815118
7.567996 43.805880
7.569422 43.776773
7.559386 43.799714
7.560917 43.805002
7.568993 43.806881
7.570272 43.798209
7.567536 43.797197
7.560507 43.816917
7.561534 43.806661
7.565903 43.816409
7.561261 43.803133
7.559761 43.810099
7.556011 43.817080
7.568494 43.811533
7.558655 43.795858
7.558602 43.795054
7.568880 43.810079
7.554889 43.815080
7.565570 43.814061
7.561726 43.811192
7.555295 43.816548
7.581320 43.794406
7.552864 43.793411
7.569966 43.869473
7.563668 43.800915
7.561175 43.817410
7.562178 43.793410
7.572483 43.808395
7.566398 43.802442
7.562262 43.813139
7.557112 43.815994
7.555741 43.803583
7.578867 43.798064
7.565167 43.802494
7.559261 43.802410
7.555278 43.816378
7.556252 43.800271
7.562371 43.815356
7.575591 43.778502
7.561274 43.794851
7.560093 43.793391
7.568514 43.777383
7.560688 43.826209
7.564641 43.806429
7.557788 43.805379
7.561002 43.804099
7.554421 43.814263
7.566131 43.809095
7.554606 43.815069
7.566543 43.809213
7.533559 43.823625
7.563934 43.811210
7.559290 43.793122
7.564448 43.817307
7.556666 43.802069
7.556904 43.800555
7.561048 43.798664
7.562918 43.805368
7.571492 43.823109
7.577278 43.812772
7.563926 43.811163
7.553945 43.803858
7.560792 43.813812
7.556508 43.816058
7.555002 43.812178
7.558468 43.785427
7.561181 43.792213
7.556930 43.806659
7.566649 43.805884
7.555918 43.801172
7.573072 43.778280
7.558288 43.798626
7.564763 43.803527
7.558345 43.776293
7.579294 43.791162
7.584678 43.804146
7.569100 43.803048
7.565935 43.800289
7.557288 43.835285
7.556570 43.806537
7.563622 43.792229
7.566863 43.798105
7.566736 43.797554
7.559117 43.793778
7.569702 43.799175
7.560829 43.817222
7.560670 43.795156
7.563458 43.807162
7.563158 43.799452
7.561316 43.800459
7.557489 43.799802
7.549604 43.814173
7.583246 43.786824
7.566285 43.839853
7.569168 43.797061
7.573500 43.804077
7.562086 43.800683
7.577578 43.775228
7.555952 43.815357
7.556051 43.830191
7.568412 43.806589
7.568995 43.811636
7.561241 43.806734
7.569685 43.811093
7.562869 43.792739
7.572837 43.777964
7.555077 43.804879
7.532431 43.769714
7.562902 43.813556
7.607835 43.785262
7.534237 43.828019
7.558682 43.792442
7.567332 43.805760
7.558578 43.770944
7.567728 43.776383
7.573682 43.776199
7.562889 43.802999
7.560307 43.810447
7.559965 43.792906
7.564611 43.814897
7.580227 43.802118
7.531858 43.795645
7.565843 43.793785
7.556384 43.811196
7.565496 43.798224
7.562026 43.814904
7.554607 43.810646
7.566033 43.779655
7.567001 43.782023
7.555549 43.813503
7.558216 43.807113
7.576463 43.784731
7.559871 43.805460
7.555654 43.802009
7.558114 43.830291
7.569561 43.802886
7.563903 43.796008
7.581557 43.808773
7.561312 43.794210
7.555957 43.800551
7.549163 43.823871
7.555915 43.816242
7.566027 43.792315
7.567751 43.804966
7.557253 43.797894
7.562836 43.816416
7.568576 43.793326
7.562148 43.812027
7.566062 43.792803
7.557367 43.828242
7.566762 43.799516
7.559386 43.797622
7.575124 43.775773
7.567972 43.802440
7.562516 43.808150
7.570072 43.799218
7.555946 43.817367
7.565143 43.805859
7.576729 43.837401
7.566393 43.811314
7.566320 43.793672
7.562604 43.798880
7.582661 43.797507
7.559681 43.792697
7.559731 43.816892
7.564499 43.810914
7.566768 43.797290
7.581305 43.811770
7.567293 43.793038
7.562985 43.838174
7.575714 43.827451
7.561982 43.793630
7.559752 43.813280
7.554667 43.814078
7.567728 43.793659
7.567226 43.774291
7.561845 43.804923
7.560208 43.798385
7.558236 43.804703
7.562600 43.793434
7.547886 43.823562
7.560645 43.801935
7.557555 43.805353
7.575690 43.772978
7.567463 43.792700
7.569593 43.799404
7.567460 43.806746
7.579326 43.826736
7.554615 43.803483
7.564900 43.800775
7.561445 43.807044
7.565118 43.815403
7.558779 43.794256
7.558863 43.801847
7.572754 43.806823
7.568444 43.807663
7.564803 43.812710
7.554634 43.802774
7.560888 43.798740
7.557590 43.815795
7.564570 43.809099
7.558526 43.814176
7.557010 43.812079
7.563065 43.803287
7.559018 43.811373
7.559241 43.794058
7.555814 43.807857
7.556395 43.811443
7.574800 43.815590
7.563222 43.797112
7.570882 43.778547
7.566522 43.792500
7.569174 43.814147
7.566468 43.810816
7.554391 43.782180
7.557341 43.807628
7.562912 43.796818
7.566303 43.792202
7.567785 43.804350
7.559306 43.792735
7.560031 43.817870
7.569708 43.821955
7.566922 43.799467
7.568968 43.810077
7.570722 43.825379
7.564499 43.786435
7.564065 43.794856
7.538767 43.801354
7.563032 43.806090
7.555528 43.799935
7.562784 43.776961
7.559654 43.819689
7.558443 43.816057
7.575301 43.794074
7.556556 43.818056
7.563009 43.807862
7.561717 43.818656
7.562147 43.834446
7.558731 43.800226
7.554401 43.803611
7.556247 43.799369
7.559347 43.817398
7.567350 43.795732
7.552243 43.808115
7.548169 43.837173
7.566492 43.797005
7.552860 43.808768
7.564427 43.807006
7.562224 43.781643
7.566268 43.801420
7.555223 43.815460
7.553856 43.808292
7.569809 43.806908
7.561155 43.801811
7.559224 43.812825
7.554605 43.810403
7.550728 43.807931
7.558827 43.793157
7.565064 43.824457
7.557903 43.796852
7.554542 43.802170
7.556611 43.796468
7.551478 43.808551
7.568045 43.792387
7.547774 43.817554
7.560875 43.818149
7.552262 43.789895
7.563384 43.794607
7.564701 43.817286
7.560548 43.792689
7.563614 43.812793
7.550909 43.806627
7.557647 43.796764
7.562309 43.800023
7.556764 43.797480
7.563707 43.815471
7.554688 43.815048
7.570543 43.831731
7.559906 43.807419
7.557373 43.796431
7.555885 43.812286
7.565331 43.793569
7.583530 43.787545
7.555410 43.806990
7.570663 43.834104
7.554302 43.808076
7.555836 43.810891
7.560045 43.835882
7.553210 43.807143
7.564102 43.813466
7.534410 43.818334
7.566143 43.798238
7.583961 43.792820
7.555116 43.797501
7.558225 43.812199
7.557820 43.797373
7.576781 43.774274
7.567792 43.773383
7.567648 43.810766
7.562610 43.795509
7.560454 43.793331
7.568840 43.809778
7.554994 43.800311
7.578783 43.809796
7.562285 43.802307
7.567016 43.808143
7.560412 43.817965
7.554818 43.815901
7.558212 43.797026
7.552760 43.808140
7.555663 43.796283
7.559981 43.810543
7.579234 43.777080
7.570813 43.784413
7.559203 43.819785
7.551720 43.807508
7.558739 43.799635
7.549069 43.825972
7.554836 43.805443
7.561660 43.779907
7.547096 43.798087
7.568675 43.794200
7.561176 43.817034
7.584529 43.787894
7.577205 43.834241
7.582774 43.779039
7.556494 43.806103
7.554814 43.780109
7.553098 43.786940
7.552557 43.809083
7.555292 43.797601
7.568402 43.812639
7.552771 43.809957
7.561947 43.819590
7.578646 43.811495
7.581520 43.783540
7.562159 43.798613
7.551622 43.811291
7.554631 43.799990
7.568566 43.806799
7.547970 43.788050
7.570129 43.800654
7.552473 43.810302
7.561814 43.805958
7.563179 43.816177
7.578697 43.803350
7.577529 43.782234
7.560075 43.801319
7.567612 43.805618
7.551937 43.810343
7.568339 43.796531
7.560173 43.798263
7.565495 43.794708
7.569005 43.830020
7.560136 43.793763
7.579790 43.791338
7.554857 43.796752
7.576655 43.832323
7.562507 43.796707
7.558460 43.817626
7.553540 43.811054
7.563583 43.801150
7.558940 43.800906
7.561114 43.796970
7.560201 43.812213
7.561160 43.813168
7.562355 43.806530
7.557505 43.796295
7.604657 43.787874
7.553573 43.803956
7.551145 43.805810
7.553088 43.811368
7.564163 43.805865
7.566605 43.838788
7.556275 43.814478
7.553497 43.784393
7.558476 43.827044
7.569534 43.811983
7.554343 43.785461
7.550954 43.806102
7.560407 43.816486
7.571599 43.791274
7.563819 43.793089
7.553071 43.804615
7.555888 43.810242
7.557408 43.808199
7.567008 43.812883
7.565064 43.814681
7.557033 43.807829
7.550762 43.807259
7.555568 43.815610
7.576873 43.775120
7.569047 43.796075
7.564891 43.811288
7.551904 43.809532
7.574945 43.815227
7.561176 43.807168
7.569345 43.762825
7.568871 43.801974
7.566174 43.764862
7.552763 43.810677
7.553293 43.806101
7.562395 43.796456
7.570295 43.782762
7.591599 43.808302
7.555343 43.795812
7.568522 43.799223
7.564940 43.812476
7.585000 43.763257
7.567234 43.809341
7.568776 43.805405
7.566328 43.793982
7.567776 43.811600
7.566629 43.813538
7.582579 43.803248
7.602638 43.787359
7.562094 43.792933
7.567568 43.773150
7.557985 43.796079
7.547142 43.788919
7.551839 43.803526
7.558992 43.797984
7.576990 43.772743
7.559921 43.817640
7.557010 43.803860
7.565693 43.826531
7.551719 43.807135
7.562269 43.804476
7.565474 43.791246
7.562214 43.791192
7.551633 43.787686
7.552351 43.807179
7.563637 43.806642
7.573684 43.791489
7.565465 43.793363
7.562959 43.813819
7.561807 43.811241
7.569782 43.800947
7.557095 43.797635
7.553305 43.805681
7.556230 43.786726
7.559960 43.793038
7.567674 43.814455
7.552634 43.805655
7.567299 43.806733
7.559865 43.796296
7.565408 43.798162
7.556044 43.800522
7.565875 43.798048
7.541194 43.825474
7.574766 43.832291
7.574742 43.828268
7.548175 43.789306
7.553883 43.810311
7.559142 43.800879
7.556225 43.815660
7.566216 43.828338
7.556028 43.801601
7.553999 43.803621
7.571121 43.803789
7.554893 43.813997
7.568927 43.797740
7.550679 43.807543
7.556365 43.799940
7.577352 43.822921
7.552299 43.807935
7.555211 43.797678
7.558036 43.797065
7.555446 43.808585
7.565195 43.791941
7.561893 43.812633
7.563360 43.781433
7.554033 43.805539
7.566332 43.793517
7.580370 43.780728
7.559864 43.820030
7.564101 43.797741
7.566718 43.793542
7.559698 43.806924
7.568854 43.840015
7.576734 43.832865
7.564879 43.808852
7.564214 43.841430
7.580262 43.796435
7.582070 43.769438
7.568124 43.812305
7.551150 43.804118
7.555932 43.804161
7.563387 43.791506
7.555465 43.801511
7.559680 43.806711
7.557316 43.815568
7.564146 43.793125
7.566653 43.798536
7.568821 43.814205
7.561504 43.798737
7.555451 43.806117
7.549973 43.788435
7.574713 43.797377
7.564995 43.811383
7.564309 43.796340
7.563965 43.813046
7.566686 43.809057
7.564064 43.789834
7.554542 43.795406
7.565019 43.819151
7.576194 43.785477
7.566765 43.839301
7.565455 43.818741
7.553225 43.809233
7.554610 43.798031
7.560434 43.815930
7.596975 43.777278
7.562220 43.814737
7.569484 43.803871
7.539324 43.771025
7.558557 43.797447
7.550582 43.806127
7.554056 43.811665
7.565422 43.773545
7.560635 43.810100
7.554271 43.808264
7.568658 43.801263
7.580794 43.779252
7.559169 43.815102
7.553786 43.828574
7.564990 43.791219
7.579994 43.728185
7.563705 43.801420
7.565372 43.811212
7.562102 43.800972
7.558494 43.804535
7.568291 43.807560
7.567481 43.795955
7.560207 43.817876
7.565664 43.818838
7.561178 43.802720
7.563480 43.803234
7.557672 43.835635
7.588168 43.808091
7.566740 43.842848
7.564925 43.798465
7.567794 43.813246
7.572181 43.776056
7.550940 43.794764
7.573256 43.825953
7.557913 43.807735
7.606034 43.780017
7.557693 43.812653
7.556796 43.797442
7.563156 43.790608
7.559208 43.828139
7.575845 43.795387
7.552429 43.786465
7.569556 43.793333
7.558204 43.803608
7.562471 43.793082
7.554249 43.804935
7.558422 43.823236
7.563022 43.797315
7.552272 43.805829
7.563831 43.832317
7.566631 43.845326
7.557478 43.802066
7.553827 43.809784
7.560659 43.818202
7.569514 43.807292
7.562357 43.789560
7.579760 43.785064
7.531292 43.791160
7.575209 43.778998
7.556558 43.809870
7.562806 43.813520
7.559443 43.799768
7.566253 43.811091
7.566202 43.795717
7.569037 43.800108
7.575304 43.805009
7.564121 43.818589
7.564195 43.808408
7.557775 43.817962
7.557356 43.795273
7.565422 43.805862
7.556019 43.819004
7.552447 43.808682
7.568889 43.777714
7.552534 43.804248
7.562298 43.808405
7.575491 43.834354
7.555016 43.820077
7.563170 43.794309
7.564162 43.790473
7.556222 43.800577
7.556724 43.797601
7.554784 43.817236
7.560011 43.803144
7.552771 43.813656
7.571726 43.808659
7.557944 43.817584
7.549400 43.787963
7.564018 43.817394
7.564809 43.810167
7.566053 43.811975
7.582160 43.793686
7.553836 43.814499
7.552624 43.811127
7.564059 43.815792
7.564256 43.812238
7.561610 43.817571
7.551283 43.814397
7.556070 43.806271
7.568470 43.795498
7.568453 43.805570
7.569400 43.810814
7.566045 43.801817
7.550940 43.812383
7.562063 43.810391
7.561686 43.793949
7.564233 43.790380
7.564286 43.819532
7.553338 43.811215
7.551079 43.812024
7.545064 43.806868
7.560235 43.792948
7.552734 43.834363
7.555348 43.819964
7.568746 43.807204
7.574359 43.856502
7.571448 43.801532
7.571340 43.802814
7.557456 43.809907
7.556384 43.799095
7.566477 43.804877
7.572433 43.800128
7.542203 43.809102
7.572541 43.800046
7.554598 43.813324
7.572611 43.802822
7.539148 43.807051
7.569531 43.799642
7.548947 43.830490
7.564495 43.819481
7.553709 43.814419
7.572526 43.801480
7.574132 43.829115
7.556330 43.795900
7.557201 43.820010
7.553562 43.814084
7.563509 43.797388
7.569940 43.798139
7.561543 43.796368
7.549006 43.786862
7.554501 43.805883
7.567741 43.790924
7.549775 43.832388
7.573036 43.800611
7.554059 43.810687
7.555150 43.819013
7.571511 43.779075
7.559731 43.807507
7.560906 43.800206
7.567839 43.791239
7.542528 43.807556
7.543223 43.807509
7.563465 43.790251
7.566591 43.790570
7.552943 43.801273
7.552989 43.801064
7.571083 43.803070
7.569138 43.799703
7.573908 43.788511
7.552746 43.814275
7.552989 43.785923
7.552340 43.803408
7.561678 43.795777
7.573614 43.798073
7.573864 43.829172
7.561018 43.799538
7.568488 43.834528
7.557771 43.819667
7.570936 43.864563
7.567930 43.791475
7.563444 43.789515
7.572261 43.799629
7.554325 43.803682
7.560006 43.801132
7.554381 43.795287
7.557601 43.816260
7.570203 43.803083
7.558899 43.814046
7.565045 43.819546
7.555985 43.807165
7.553657 43.807572
7.568874 43.813309
7.571314 43.813352
7.575357 43.816809
7.585248 43.831733
7.557666 43.806201
7.562126 43.792718
7.569140 43.793095
7.560922 43.818315
7.564947 43.806010
7.568720 43.799839
7.562673 43.820033
7.554751 43.796479
7.550971 43.808047
7.552842 43.801010
7.555120 43.798559
7.554199 43.811996
7.571254 43.777311
7.568646 43.796317
7.552580 43.822459
7.541540 43.806813
7.554654 43.817652
7.565055 43.809645
7.572562 43.802375
7.563173 43.808923
7.575376 43.809736
7.567586 43.790473
7.577616 43.734561
7.556283 43.799543
7.570040 43.799100
7.561530 43.812319
7.554328 43.811768
7.560181 43.834149
7.566027 43.840190
7.553327 43.802350
7.578149 43.838766
7.569605 43.789867
7.583995 43.805927
7.552363 43.813614
7.561535 43.806178
7.564810 43.818620
7.568806 43.801178
7.553781 43.830876
7.572467 43.798391
7.553789 43.801749
7.560515 43.811353
7.562973 43.794564
7.560683 43.809185
7.555244 43.811679
7.556462 43.827560
7.571574 43.802448
7.565920 43.799838
7.551522 43.803472
7.551004 43.803343
7.550498 43.814055
7.571655 43.818494
7.561897 43.816670
7.556935 43.816995
7.563109 43.797108
7.564898 43.790390
7.567894 43.808752
7.565732 43.815852
7.555700 43.809632
7.567264 43.810487
7.558999 43.799492
7.567072 43.789566
7.561711 43.797563
7.568031 43.794374
7.556076 43.802698
7.585030 43.812231
7.557382 43.801822
7.569968 43.797753
7.570995 43.800312
7.573432 43.803931
7.571501 43.803995
7.552269 43.808856
7.566542 43.790906
7.552891 43.802078
7.558847 43.804472
7.573723 43.796338
7.566643 43.811315
7.571293 43.797500
7.565274 43.818051
7.562001 43.792918
7.575142 43.790612
7.570258 43.782498
7.556115 43.802782
7.557441 43.807361
7.566412 43.799234
7.557316 43.804938
7.584426 43.813468
7.559103 43.806407
7.555603 43.799201
7.553728 43.812236
7.564999 43.791725
7.552841 43.786360
7.554942 43.817940
7.573227 43.799353
7.548581 43.811628
7.559467 43.791880
7.570572 43.795515
7.558709 43.790987
7.558090 43.795338
7.554859 43.850109
7.561555 43.819356
7.558437 43.790353
7.570172 43.804476
7.550506 43.803460
7.569061 43.812757
7.568666 43.819672
7.552021 43.800653
7.565048 43.803860
7.569124 43.796426
7.563415 43.793632
7.566417 43.804330
7.572684 43.804811
7.561513 43.817776
7.570219 43.834483
7.560398 43.795575
7.570171 43.797644
7.568188 43.790790
7.585103 43.785555
7.565066 43.805956
7.567128 43.812183
7.560168 43.791874
7.570552 43.796167
7.573330 43.829051
7.567417 43.777425
7.553959 43.811635
7.531731 43.820446
7.557405 43.811447
7.573284 43.800902
7.566472 43.829709
7.573327 43.798343
7.563727 43.817067
7.547216 43.785338
7.542769 43.799593
7.561306 43.798092
7.557697 43.786912
7.553743 43.813315
7.551947 43.802654
7.562757 43.802419
7.561980 43.791981
7.560688 43.797140
7.552104 43.811452
7.561252 43.790793
7.566314 43.802949
7.554056 43.813801
7.565769 43.806663
7.556294 43.818116
7.570666 43.805751
7.556401 43.804655
7.568877 43.793765
7.568326 43.817134
7.556911 43.801497
7.570645 43.798841
7.561183 43.811478
7.570974 43.795450
7.577709 43.785659
7.599228 43.779205
7.542251 43.813862
7.567595 43.801625
7.569696 43.815737
7.557437 43.797837
7.570244 43.796905
7.555951 43.806770
7.561056 43.805378
7.569974 43.803370
7.560435 43.802792
7.555175 43.799060
7.577069 43.773453
7.569522 43.798543
7.544176 43.807898
7.558633 43.822258
7.557685 43.814751
7.569616 43.793077
7.558392 43.806980
7.568072 43.789933
7.566167 43.816691
7.561679 43.790138
7.566124 43.808329
7.574479 43.833108
7.551238 43.826321
7.543213 43.809270
7.561850 43.807415
7.558579 43.821592
7.566054 43.809686
7.568768 43.814810
7.551566 43.804151
7.574606 43.788470
7.568594 43.799494
7.590540 43.762563
7.561410 43.819066
7.562453 43.792977
7.565297 43.791992
7.553646 43.807188
7.566674 43.811445
7.556150 43.814946
7.570445 43.798506
7.542054 43.816945
7.570703 43.808131
7.550733 43.802874
7.550808 43.823167
7.559436 43.822469
7.571991 43.800318
7.565686 43.816171
7.576494 43.818969
7.570301 43.795771
7.552402 43.810740
7.539999 43.812055
7.565073 43.809853
7.561042 43.811971
7.559646 43.798918
7.560505 43.792196
7.574951 43.794321
7.568257 43.813835
7.552827 43.812544
7.569286 43.772861
7.574599 43.774627
7.555952 43.812940
7.557110 43.828014
7.553572 43.801335
7.573334 43.799405
7.554631 43.813974
7.557494 43.801213
7.568107 43.816094
7.559010 43.821957
7.554976 43.822134
7.558696 43.797000
7.562459 43.813587
7.564671 43.806060
7.568224 43.793527
7.565096 43.817515
7.562951 43.790517
7.562030 43.813538
7.559660 43.801881
7.583630 43.823953
7.562203 43.801294
7.557360 43.804022
7.550631 43.834099
7.560033 43.822413
7.561716 43.791658
7.564648 43.799874
7.557919 43.803226
7.567912 43.781861
7.558794 43.803626
7.556422 43.795407
7.564007 43.801472
7.568807 43.791584
7.587955 43.787431
7.565324 43.795376
7.558857 43.800933
7.566680 43.790964
7.543179 43.812104
7.560023 43.806050
7.563296 43.790915
7.556941 43.819700
7.573574 43.795598
7.554212 43.808945
7.565796 43.808168
7.566792 43.802983
7.569063 43.803857
7.572439 43.804995
7.546741 43.803086
7.557565 43.814732
7.584643 43.794541
7.572376 43.797427
7.559332 43.807274
7.559240 43.791650
7.559786 43.816706
7.564792 43.793617
7.560356 43.797144
7.568809 43.815808
7.556913 43.819886
7.553453 43.809361
7.590852 43.795478
7.569214 43.807203
7.561548 43.790518
7.566255 43.805540
7.565645 43.783264
7.557899 43.794540
7.562530 43.811437
7.555365 43.794613
7.560282 43.794054
7.566236 43.782516
7.561132 43.798035
7.554537 43.792550
7.587334 43.829523
7.560106 43.783660
7.561436 43.793830
7.547898 43.786236
7.556653 43.806174
7.568182 43.800142
7.567886 43.810226
7.566085 43.792803
7.573141 43.798896
7.553081 43.813424
7.554811 43.794487
7.574386 43.803801
7.569706 43.795186
7.563013 43.782103
7.555518 43.793936
7.554845 43.798155
7.560462 43.789905
7.539799 43.816492
7.561344 43.816527
7.566343 43.794612
7.562495 43.806018
7.562189 43.806548
7.562220 43.805869
7.571285 43.808214
7.583257 43.813140
7.544296 43.818686
7.555296 43.795529
7.564821 43.819085
7.554989 43.824569
7.564056 43.794700
7.572033 43.782917
7.571789 43.802925
7.572121 43.807634
7.573564 43.796826
7.573387 43.792614
7.567644 43.790954
7.561204 43.821657
7.562589 43.790995
7.572755 43.816123
7.557463 43.793152
7.573301 43.753107
7.559745 43.803181
7.573749 43.792892
7.576407 43.795838
7.566836 43.811933
7.562527 43.803978
7.551404 43.833726
7.563389 43.798358
7.559316 43.813590
7.563634 43.797148
7.553295 43.809639
7.570063 43.796000
7.564569 43.818481
7.573901 43.827222
7.559207 43.805615
7.575745 43.786174
7.555032 43.816227
7.555726 43.794470
7.554886 43.792312
7.571796 43.806902
7.554855 43.806241
7.551785 43.801783
7.570966 43.797430
7.561459 43.800394
7.553566 43.808430
7.572164 43.794076
7.564419 43.774756
7.558963 43.794080
7.607960 43.774061
7.559865 43.806924
7.570456 43.794750
7.557746 43.820045
7.551685 43.816535
7.555198 43.801247
7.560042 43.809660
7.557830 43.799061
7.572590 43.780621
7.574373 43.832907
7.554615 43.793281
7.569552 43.802383
7.561327 43.819193
7.550556 43.815783
7.547242 43.786142
7.564620 43.789401
7.552589 43.807668
7.571624 43.799395
7.561353 43.790952
7.565188 43.813005
7.554355 43.803551
7.571564 43.801244
7.558446 43.795327
7.563568 43.822806
7.571287 43.795293
7.559731 43.819975
7.567333 43.792530
7.570447 43.820496
7.568169 43.806656
7.564758 43.822728
7.566432 43.814975
7.551560 43.816997
7.553139 43.801459
7.568865 43.800431
7.569399 43.791738
7.567384 43.823389
7.561438 43.782138
7.569491 43.752364
7.569408 43.813242
7.556743 43.803707
7.561415 43.822870
7.563142 43.814602
7.569091 43.809186
7.563562 43.809123
7.565857 43.810885
7.566667 43.791577
7.571244 43.802917
7.561284 43.790180
7.580432 43.786096
7.552157 43.816298
7.578442 43.815252
7.546508 43.823399
7.547097 43.817974
7.573692 43.808180
7.568663 43.793000
7.570304 43.795537
7.562712 43.796906
7.545923 43.808421
7.555843 43.793515
7.573277 43.774052
7.561679 43.791250
7.559692 43.792759
7.565122 43.798808
7.571889 43.834997
7.563125 43.820760
7.573488 43.779066
7.543888 43.816381
7.561242 43.780900
7.555633 43.795735
7.554875 43.808521
7.548742 43.788488
7.554952 43.778760
7.564656 43.823032
7.559472 43.814062
7.566718 43.796240
7.553918 43.814786
7.566606 43.804453
7.550574 43.816192
7.562067 43.822340
7.564376 43.819406
7.557072 43.803622
7.556636 43.774237
7.603416 43.802246
7.569246 43.814672
7.556404 43.828344
7.565645 43.794796
7.556311 43.845401
7.550991 43.810809
7.551477 43.799187
7.560360 43.825743
7.560813 43.806184
7.556190 43.801741
7.570507 43.793160
7.558254 43.773625
7.552689 43.800562
7.565735 43.786961
7.562365 43.799157
7.562717 43.816979
7.555791 43.775482
7.569604 43.816883
7.572988 43.799115
7.572497 43.792991
7.543964 43.805974
7.567043 43.796933
7.582033 43.812335
7.554039 43.798552
7.553337 43.808708
7.561007 43.817139
7.562360 43.777192
7.566402 43.801650
7.551722 43.815426
7.572348 43.800807
7.561240 43.789487
7.557352 43.799822
7.577388 43.798454
7.568930 43.798474
7.569346 43.817438
7.586800 43.794557
7.568969 43.805522
7.560900 43.817773
7.569733 43.811684
7.551403 43.816356
7.565291 43.786569
7.557232 43.812520
7.573350 43.815911
7.551427 43.801003
7.555569 43.817556
7.567818 43.806721
7.560771 43.792793
7.540653 43.811390
7.565413 43.790265
7.567956 43.808700
7.562512 43.805799
7.551251 43.806491
7.558837 43.802196
7.554513 43.803841
7.567253 43.809494
7.560346 43.818466
7.558459 43.799078
7.557650 43.803352
7.565192 43.787640
7.558670 43.820745
7.575216 43.760222
7.572358 43.794087
7.560937 43.791847
7.563103 43.813409
7.554910 43.811272
7.563782 43.787724
7.550542 43.810731
7.561818 43.804823
7.554057 43.829683
7.562215 43.794801
7.571520 43.793350
7.564503 43.820654
7.551129 43.799492
7.559589 43.808158
7.567744 43.789617
7.560014 43.811682
7.548562 43.823519
7.553954 43.811990
7.560681 43.786955
7.568584 43.793076
7.561365 43.773320
7.565042 43.802238
7.562275 43.826056
7.561193 43.814536
7.546911 43.786492
7.567822 43.792242
7.553230 43.833564
7.541385 43.814639
7.551309 43.798023
7.547678 43.824920
7.555665 43.800421
7.550842 43.761612
7.552023 43.816982
7.556133 43.773248
7.542367 43.804771
7.572158 43.797525
7.562440 43.789297
7.555793 43.795766
7.566555 43.753295
7.556785 43.814110
7.555561 43.802032
7.569792 43.815863
7.561193 43.839109
7.556123 43.801558
7.555201 43.821843
7.555545 43.803825
7.576672 43.796870
7.557997 43.794653
7.554647 43.821117
7.539625 43.809152
7.559246 43.792611
7.559584 43.801701
7.559665 43.791342
7.558175 43.807578
7.556785 43.820511
7.569892 43.796517
7.551914 43.811609
7.572773 43.800583
7.556505 43.819951
7.557701 43.820533
7.567857 43.791909
7.562197 43.816743
7.569158 43.813474
7.560401 43.812254
7.569685 43.773118
7.560767 43.795311
7.561127 43.822416
7.558723 43.807560
7.563555 43.788047
7.564501 43.823004
7.559233 43.795713
7.566340 43.791304
7.567794 43.797119
7.574217 43.837662
7.574743 43.828520
7.560715 43.808131
7.565211 43.809500
7.554561 43.844077
7.569538 43.789253
7.560955 43.820462
7.566571 43.813517
7.558180 43.809614
7.562476 43.793211
7.565026 43.788647
7.556477 43.809551
7.565874 43.793789
7.554461 43.807691
7.561198 43.815459
7.568620 43.806174
7.554907 43.777126
7.570419 43.781024
7.555074 43.805585
7.576133 43.838927
7.554637 43.798809
7.568799 43.817958
7.564155 43.775156
7.550502 43.815280
7.568790 43.787976
7.571683 43.802165
7.569044 43.787824
7.555808 43.792803
7.554675 43.820323
7.566797 43.808008
7.576903 43.777724
7.570545 43.810161
7.570713 43.790436
7.574439 43.831212
7.563582 43.802885
7.560367 43.790780
7.561866 43.799795
7.561849 43.809778
7.568365 43.787068
7.558488 43.802998
7.569635 43.788829
7.565568 43.811792
7.557628 43.822334
7.557157 43.805762
7.566552 43.818707
7.570915 43.795419
7.561368 43.833239
7.554641 43.804999
7.563527 43.790789
7.570394 43.808549
7.567959 43.820003
7.551164 43.802181
7.571483 43.797004
7.570584 43.823395
7.568299 43.811360
7.565024 43.789028
7.566245 43.799754
7.573345 43.780675
7.558783 43.805367
7.555895 43.823014
7.563287 43.798198
7.562104 43.815118
7.573622 43.817598
7.573789 43.809627
7.559403 43.790864
7.568684 43.787368
7.569600 43.790713
7.556568 43.793621
7.553033 43.810893
7.556565 43.806797
7.561580 43.819286
7.569351 43.786603
7.565284 43.822264
7.563973 43.822366
7.553453 43.798643
7.568309 43.819149
7.568921 43.817144
7.555882 43.804507
7.568371 43.819625
7.556739 43.800285
7.555683 43.795952
7.554418 43.822896
7.569676 43.808335
7.563009 43.797663
7.552564 43.808667
7.572671 43.799218
7.581300 43.795329
7.556241 43.793039
7.544452 43.803308
7.566760 43.790215
7.571664 43.799918
7.563358 43.794247
7.566998 43.800785
7.563440 43.820528
7.569984 43.811328
7.560739 43.801784
7.539162 43.802121
7.539941 43.811883
7.567231 43.836511
7.552209 43.800738
7.555547 43.804870
7.566169 43.818466
7.554444 43.806376
7.560931 43.821698
7.556833 43.822399
7.567652 43.813264
7.565096 43.759913
7.570882 43.789902
7.564413 43.808877
7.563943 43.804283
7.566313 43.818965
7.554630 43.801227
7.568201 43.819361
7.585255 43.839371
7.578511 43.787255
7.567360 43.804438
7.548713 43.803859
7.560057 43.776262
7.559017 43.809881
7.565497 43.791281
7.557191 43.817261
7.571086 43.819404
7.560628 43.814775
7.570687 43.790834
7.590080 43.763797
7.573481 43.794527
7.567161 43.789885
7.568287 43.814231
7.552758 43.798938
7.557750 43.818294
7.577648 43.837254
7.557576 43.805259
7.554697 43.807378
7.571545 43.790693
7.555024 43.811997
7.573735 43.793538
7.555753 43.802403
7.548130 43.785869
7.561691 43.789981
7.558051 43.795537
7.574085 43.783768
7.563307 43.810709
7.570802 43.796422
7.570213 43.791151
7.580155 43.807917
7.559916 43.791431
7.572137 43.793788
7.565305 43.793217
7.561908 43.795124
7.557599 43.799217
7.589435 43.822532
7.575719 43.775426
7.560788 43.804095
7.566236 43.816872
7.551487 43.803753
7.565651 43.789454
7.556241 43.804934
7.557306 43.800215
7.555133 43.807718
7.565847 43.796458
7.560159 43.802460
7.570282 43.798814
7.554516 43.834798
7.554606 43.800782
7.564599 43.798171
7.542724 43.811049
7.555189 43.821802
7.552047 43.788900
7.573664 43.791394
7.555604 43.822169
7.557961 43.810144
7.558520 43.813464
7.564347 43.787588
7.570833 43.807392
7.557914 43.805044
7.557511 43.803500
7.555471 43.806012
7.557350 43.805713
7.559963 43.776869
7.548760 43.830890
7.565011 43.790087
7.574631 43.794566
7.561590 43.805559
7.568524 43.804732
7.566025 43.799889
7.561997 43.807005
7.552015 43.813238
7.558532 43.796329
7.569467 43.794065
7.574375 43.834636
7.556825 43.806668
7.558358 43.790002
7.556865 43.795802
7.543749 43.809911
7.559797 43.800658
7.557182 43.793949
7.575897 43.776666
7.542359 43.816715
7.560242 43.810245
7.577866 43.775448
7.571722 43.801611
7.566606 43.827825
7.549943 43.812332
7.556061 43.798440
7.547874 43.795090
7.558120 43.812685
7.572425 43.791831
7.560242 43.821480
7.558895 43.825736
7.566423 43.818160
7.559764 43.817743
7.567099 43.799055
7.571031 43.793435
7.570682 43.806203
7.558340 43.815559
7.556973 43.809128
7.556001 43.808244
7.551440 43.804863
7.552484 43.816506
7.557489 43.822794
7.568237 43.774440
7.572878 43.787865
7.572464 43.793407
7.567424 43.803373
7.556617 43.804393
7.578766 43.815987
7.575069 43.793430
7.573060 43.791874
7.561407 43.794541
7.563051 43.815474
7.567344 43.812023
7.559853 43.797840
7.572289 43.787243
7.568892 43.795030
7.555659 43.804438
7.556291 43.821593
7.560750 43.814107
7.577654 43.795156
7.558718 43.790207
7.557708 43.794188
7.565570 43.789909
7.551866 43.786418
7.565708 43.776522
7.569148 43.788833
7.553281 43.812068
7.565507 43.819062
7.559131 43.795642
7.574213 43.829838
7.571990 43.834683
7.566505 43.783465
7.555203 43.806701
7.553609 43.816026
7.540816 43.813014
7.556537 43.808524
7.562380 43.804657
7.562663 43.802632
7.564317 43.821510
7.565446 43.814185
7.559268 43.789244
7.558343 43.823887
7.544837 43.814800
7.568602 43.793018
7.564912 43.789997
7.550767 43.805577
7.556725 43.809198
7.564971 43.821398
7.554947 43.803333
7.552990 43.784762
7.561069 43.787783
7.560792 43.811294
7.550851 43.819949
7.552922 43.784466
7.552383 43.786180
7.555562 43.815578
7.556655 43.800869
7.552438 43.809392
7.550543 43.822908
7.561989 43.804751
7.576605 43.777834
7.571862 43.769851
7.558890 43.801131
7.557559 43.794480
7.572408 43.794390
7.556268 43.795500
7.557415 43.799310
7.561394 43.789080
7.554242 43.802808
7.577262 43.816708
7.552560 43.830315
7.559761 43.818299
7.561779 43.797072
7.569881 43.786980
7.558384 43.806466
7.552866 43.826345
7.564845 43.818934
7.546564 43.811604
7.556333 43.861093
7.569986 43.808462
7.561031 43.802883
7.552086 43.802683
7.557844 43.796709
7.556801 43.806838
7.569721 43.792171
7.561139 43.801409
7.558384 43.814278
7.557003 43.822782
7.568504 43.818067
7.560623 43.802683
7.558577 43.787855
7.558160 43.793412
7.550237 43.823961
7.575027 43.824114
7.571333 43.788219
7.562218 43.758806
7.561346 43.793572
7.555347 43.798060
7.555871 43.802548
7.568590 43.817920
7.573533 43.799614
7.562114 43.808687
7.562016 43.805723
7.559535 43.805838
7.554512 43.794465
7.574673 43.837138
7.558634 43.803628
7.569043 43.811006
7.556990 43.822528
7.588623 43.792874
7.561428 43.805276
7.572090 43.800748
7.559956 43.805981
7.556665 43.805706
7.551990 43.824799
7.562157 43.786989
7.585770 43.789840
7.582386 43.773065
7.561452 43.814571
7.575051 43.824239
7.563015 43.825866
7.571092 43.811873
7.561089 43.787348
7.566690 43.810110
7.551561 43.798868
7.558989 43.798710
7.563448 43.820536
7.561198 43.800645
7.568094 43.800271
7.563031 43.810172
7.557785 43.800241
7.572849 43.779194
7.560260 43.823800
7.572566 43.813344
7.558067 43.818060
7.570570 43.809561
7.555607 43.801962
7.564741 43.788546
7.565100 43.813620
7.553251 43.817514
7.580511 43.800519
7.550787 43.812065
7.591588 43.790885
7.560248 43.815068
7.569481 43.789804
7.570212 43.813529
7.566645 43.848413
7.563428 43.791747
7.560181 43.795220
7.551494 43.810096
7.572767 43.785909
7.567779 43.791141
7.591703 43.825160
7.569279 43.801457
7.558432 43.799377
7.554981 43.793216
7.556451 43.811398
7.560941 43.811804
7.564810 43.816526
7.570135 43.805519
7.566347 43.812037
7.580498 43.810300
7.568316 43.815205
7.553126 43.797821
7.554096 43.817137
7.565751 43.799040
7.549750 43.825224
7.559944 43.812166
7.567796 43.812415
7.561599 43.806406
7.565782 43.824121
7.551907 43.825791
7.557523 43.791367
7.551375 43.799143
7.558756 43.801070
7.559681 43.805789
7.548054 43.831092
7.567533 43.815773
7.566293 43.820217
7.574945 43.800901
7.543131 43.795512
7.561656 43.821010
7.560393 43.787106
7.575707 43.772686
7.569312 43.793768
7.542166 43.815532
7.555427 43.799124
7.570049 43.836037
7.555452 43.790788
7.564955 43.796650
7.567057 43.796642
7.560974 43.788573
7.551221 43.814322
7.558292 43.796293
7.551301 43.803721
7.557183 43.792704
7.578898 43.775786
7.568874 43.808966
7.580235 43.759602
7.564669 43.807568
7.568343 43.787306
7.565804 43.804060
7.558905 43.800385
7.556509 43.801127
7.591217 43.792301
7.555684 43.790858
7.559764 43.801949
7.573803 43.820009
7.575225 43.795067
7.556280 43.790189
7.565970 43.825000
7.573018 43.801952
7.560927 43.787906
7.570683 43.812307
7.551331 43.826826
7.548522 43.832629
7.556081 43.812854
7.588650 43.800564
7.592089 43.791051
7.556462 43.820247
7.547310 43.786330
7.600914 43.768587
7.571574 43.808019
7.553101 43.803053
7.571171 43.790812
7.559768 43.812851
7.568455 43.802198
7.560141 43.797184
7.554553 43.802725
7.551873 43.813353
7.567375 43.788173
7.555407 43.791970
7.543100 43.802692
7.567669 43.821199
7.557811 43.819787
7.572743 43.806669
7.562549 43.846916
7.591578 43.794985
7.568917 43.820036
7.569077 43.794103
7.559969 43.802706
7.540290 43.821724
7.539661 43.822671
7.565370 43.796357
7.566881 43.813162
7.556757 43.810915
7.565941 43.791915
7.593027 43.796921
7.566017 43.814158
7.577654 43.751631
7.566905 43.820938
7.564328 43.825552
7.566129 43.789325
7.554369 43.792429
7.556702 43.811685
7.572240 43.812950
7.555673 43.821646
7.567249 43.814786
7.570541 43.788603
7.565320 43.806671
7.576744 43.786178
7.558618 43.776844
7.557568 43.797841
7.561989 43.807122
7.588576 43.784558
7.564325 43.803051
7.556686 43.789915
7.586129 43.784764
7.571741 43.786770
7.559993 43.795913
7.572880 43.800350
7.560487 43.808841
7.550515 43.820142
7.559371 43.806565
7.558149 43.806176
7.556840 43.790712
7.567313 43.813476
7.567271 43.818500
7.551617 43.795874
7.561204 43.805856
7.570866 43.784261
7.563279 43.809999
7.554641 43.821078
7.558373 43.816072
7.550976 43.805865
7.571911 43.790674
7.562226 43.816096
7.550113 43.799066
7.580984 43.757450
7.572037 43.812160
7.572388 43.787064
7.581175 43.792868
7.560435 43.788864
7.554793 43.791003
7.572446 43.784022
7.560910 43.809069
7.557021 43.804496
7.556631 43.796548
7.563788 43.798713
7.557607 43.799758
7.562227 43.785576
7.591701 43.785371
7.540770 43.802431
7.551037 43.795339
7.562470 43.785141
7.559026 43.789835
7.564086 43.789479
7.568806 43.795517
7.562408 43.780239
7.551527 43.796497
7.562443 43.785676
7.556638 43.825351
7.542318 43.801855
7.540049 43.794906
7.571900 43.809229
7.571894 43.808921
7.568149 43.756389
7.557051 43.817141
7.557468 43.790334
7.565364 43.815656
7.545427 43.804715
7.563637 43.830371
7.554994 43.823602
7.570448 43.794720
7.561574 43.802255
7.567981 43.785402
7.563445 43.785421
7.569958 43.804477
7.550733 43.817544
7.554155 43.795422
7.567623 43.812419
7.573047 43.801137
7.553304 43.811234
7.552411 43.808649
7.576157 43.797897
7.567751 43.806046
7.558207 43.791443
7.575351 43.799322
7.568891 43.786075
7.574271 43.798841
7.558068 43.813345
7.561963 43.810725
7.562592 43.785912
7.562546 43.795301
7.568630 43.823005
7.573839 43.785826
7.558829 43.791202
7.568966 43.784542
7.568017 43.820815
7.551824 43.816938
7.589848 43.762348
7.576841 43.795810
7.575415 43.795432
7.560519 43.788065
7.567303 43.807038
7.569227 43.788288
7.551821 43.805040
7.568045 43.849193
7.556486 43.814692
7.587419 43.785161
7.588660 43.786690
7.586918 43.799685
7.564057 43.785266
7.554186 43.820208
7.560828 43.817781
7.558026 43.807083
7.567162 43.809534
7.564014 43.786104
7.564383 43.798410
7.551865 43.829985
7.583836 43.776644
7.558133 43.789914
7.575439 43.802150
7.558514 43.797148
7.558758 43.775590
7.575912 43.753949
7.573536 43.809310
7.571947 43.796481
7.555764 43.810142
7.573073 43.799676
7.574454 43.801103
7.582239 43.798020
7.561872 43.817345
7.578045 43.807191
7.555880 43.794794
7.558304 43.793921
7.563366 43.786011
7.573872 43.803207
7.560025 43.822385
7.562213 43.773500
7.565678 43.783902
7.563452 43.806196
7.561639 43.818815
7.566354 43.784156
7.568987 43.806127
7.549612 43.806640
7.549291 43.809539
7.560380 43.822526
7.575332 43.800945
7.546949 43.808214
7.569198 43.798610
7.542851 43.813726
7.549901 43.806766
7.554407 43.794960
7.557265 43.799794
7.567693 43.813888
7.571800 43.839113
7.576783 43.796015
7.570058 43.816896
7.560505 43.813091
7.576349 43.797176
7.559886 43.816789
7.565375 43.836781
7.565677 43.817086
7.563368 43.789227
7.575138 43.798015
7.554387 43.797354
7.559206 43.794949
7.562893 43.787007
7.557630 43.815658
7.554770 43.790984
7.560450 43.810911
7.557465 43.791331
7.574359 43.800036
7.566652 43.791276
7.547331 43.807403
7.554895 43.824380
7.566497 43.800714
7.550076 43.810685
7.568130 43.819233
7.560763 43.825980
7.566935 43.785642
7.547429 43.810440
7.551898 43.797299
7.571357 43.815547
7.572810 43.795747
7.553097 43.809830
7.569555 43.807789
7.559507 43.796735
7.550240 43.806327
7.574927 43.797713
7.554392 43.796417
7.568257 43.820541
7.574270 43.800766
7.572122 43.787579
7.560121 43.805024
7.551577 43.803393
7.560904 43.795575
7.576525 43.794949
7.565402 43.806656
7.568842 43.822298
7.564516 43.813358
7.577290 43.792294
7.561260 43.789261
7.576031 43.794673
7.569942 43.807981
7.544676 43.800529
7.546335 43.800387
7.556962 43.821067
7.540824 43.796485
7.592345 43.800326
7.544566 43.795398
7.564775 43.810492
7.547365 43.809632
7.555858 43.818362
7.576593 43.802736
7.545395 43.796142
7.578313 43.774212
7.558318 43.790979
7.581743 43.774359
7.574994 43.807611
7.567824 43.814952
7.546803 43.811049
7.566469 43.786372
7.555290 43.790496
7.554554 43.797464
7.562014 43.817895
7.573340 43.813678
7.552333 43.816966
7.572411 43.776118
7.547917 43.806795
7.575044 43.803636
7.590459 43.793331
7.562810 43.820795
7.563008 43.819401
7.570764 43.788963
7.553717 43.820589
7.575608 43.798876
7.562753 43.795130
7.556613 43.795745
7.546935 43.783745
7.555735 43.814650
7.577527 43.802153
7.555503 43.806661
7.569005 43.801267
7.544284 43.795907
7.571350 43.842385
7.574698 43.804133
7.539426 43.806242
7.550038 43.810430
7.569037 43.850809
7.566808 43.821455
7.576498 43.758325
7.576743 43.792433
7.566380 43.791080
7.567699 43.784720
7.570704 43.793792
7.572544 43.821031
7.555609 43.811832
7.551676 43.801692
7.573157 43.842453
7.554294 43.782139
7.547486 43.804282
7.557402 43.796281
7.575924 43.800825
7.576966 43.805582
7.555554 43.791146
7.558497 43.810024
7.559448 43.793574
7.546898 43.805066
7.547922 43.803482
7.566920 43.806249
7.550176 43.805691
7.563838 43.784558
7.572058 43.836535
7.547348 43.809701
7.550154 43.812017
7.573584 43.811532
7.554804 43.790667
7.556480 43.794408
7.575888 43.775647
7.562846 43.803503
7.548768 43.807780
7.553307 43.821663
7.567248 43.789607
7.590251 43.802982
7.551646 43.803871
7.573620 43.814293
7.546815 43.779910
7.565959 43.795601
7.547132 43.804903
7.544213 43.799901
7.564339 43.790122
7.555506 43.817610
7.566116 43.832693
7.575550 43.802558
7.553793 43.802378
7.574633 43.800004
7.553005 43.802802
7.553980 43.816783
7.568971 43.797112
7.570608 43.803067
7.586053 43.801588
7.549672 43.812446
7.548247 43.804779
7.574499 43.800467
7.570657 43.824271
7.577010 43.796454
7.561531 43.796186
7.547962 43.810130
7.552957 43.800287
7.547926 43.812029
7.563535 43.804997
7.543483 43.800085
7.576453 43.803913
7.573430 43.843293
7.558712 43.789241
7.574962 43.838288
7.577413 43.796367
7.564312 43.801368
7.566891 43.820375
7.589358 43.805229
7.567825 43.816669
7.590310 43.795783
7.573933 43.804820
7.554552 43.795052
7.567946 43.819522
7.550096 43.808115
7.570577 43.841802
7.559799 43.825709
7.575576 43.774396
7.567495 43.775974
7.547596 43.803972
7.552439 43.814746
7.577591 43.802707
7.563051 43.826885
7.582220 43.776646
7.567818 43.807552
7.548344 43.834551
7.570565 43.782807
7.547152 43.806171
7.557804 43.817124
7.553834 43.802943
7.561001 43.787658
7.569072 43.823749
7.558876 43.818419
7.540559 43.821499
7.554698 43.810012
7.574657 43.790905
7.557770 43.790616
7.549438 43.803483
7.574759 43.789761
7.550221 43.808092
7.560911 43.785407
7.587028 43.790894
7.559443 43.785118
7.553948 43.798699
7.593202 43.804364
7.553342 43.793382
7.564317 43.827467
7.564508 43.802447
7.554798 43.792290
7.564377 43.791938
7.574366 43.805542
7.561655 43.791920
7.559302 43.817407
7.563919 43.805429
7.560655 43.814269
7.566742 43.816922
7.572889 43.786082
7.556772 43.791296
7.564191 43.786264
7.567707 43.821377
7.568263 43.824590
7.571852 43.797991
7.555179 43.833707
7.551935 43.799445
7.569185 43.792602
7.571708 43.806227
7.549757 43.805379
7.586631 43.802027
7.566756 43.812004
7.569991 43.778187
7.556643 43.839606
7.550483 43.814526
7.556915 43.825872
7.565366 43.805553
7.576789 43.803056
7.550226 43.806456
7.560969 43.784455
7.547613 43.805487
7.573364 43.843451
7.562589 43.812369
7.572008 43.808046
7.572411 43.791192
7.571884 43.776393
7.556163 43.801332
7.547152 43.811804
7.548795 43.808151
7.570113 43.823573
7.566357 43.814728
7.566239 43.784007
7.581928 43.818177
7.572285 43.796223
7.566782 43.821287
7.573145 43.794776
7.562212 43.828238
7.558015 43.849195
7.577276 43.789850
7.559386 43.784861
7.573421 43.817876
7.575664 43.806816
7.555382 43.787604
7.548419 43.804894
7.577556 43.806575
7.558081 43.787204
7.554674 43.822639
7.565234 43.772903
7.556568 43.789979
7.559572 43.788731
7.551094 43.792898
7.556097 43.789193
7.565762 43.811315
7.573575 43.799842
7.565466 43.804293
7.552221 43.797372
7.559205 43.784607
7.583151 43.836169
7.567673 43.787458
7.575616 43.795673
7.549675 43.810030
7.570309 43.809652
7.565376 43.815226
7.554233 43.834694
7.563942 43.802108
7.560975 43.784260
7.558091 43.787655
7.550651 43.779027
7.568005 43.803342
7.547646 43.816568
7.566464 43.820650
7.548454 43.816478
7.554196 43.796482
7.554452 43.828270
7.548278 43.813077
7.574759 43.813742
7.549518 43.816550
7.576546 43.819508
7.557076 43.788233
7.548086 43.808219
7.569080 43.823243
7.588870 43.784858
7.554879 43.782537
7.568145 43.819560
7.550230 43.816168
7.573864 43.797408
7.582652 43.827227
7.552004 43.820532
7.554784 43.815567
7.547646 43.803170
7.552049 43.798202
7.552637 43.794547
7.568750 43.788677
7.562775 43.785371
7.574901 43.805547
7.553800 43.781706
7.570802 43.778973
7.562329 43.803329
7.561881 43.824830
7.567488 43.784582
7.549918 43.815819
7.550158 43.805669
7.550282 43.779539
7.549432 43.801612
7.588906 43.805263
7.568313 43.782037
7.574385 43.807216
7.570815 43.786262
7.546048 43.798072
7.559529 43.789371
7.548801 43.814818
7.568347 43.795983
7.532340 43.822163
7.558958 43.785783
7.560243 43.776606
7.576616 43.789212
7.556908 43.828386
7.554596 43.774727
7.547702 43.803368
7.549694 43.808847
7.575557 43.804037
7.570826 43.786131
7.576457 43.806298
7.586530 43.805542
7.573994 43.772598
7.556677 43.798870
7.563618 43.781333
7.560846 43.824274
7.573942 43.790348
7.539649 43.822180
7.549581 43.808884
7.539490 43.797833
7.550463 43.802665
7.551104 43.817688
7.549207 43.803765
7.567558 43.818897
7.548882 43.829947
7.568850 43.781475
7.570543 43.811653
7.551112 43.806529
7.556838 43.814866
7.556837 43.823127
7.583135 43.847784
7.570457 43.816713
7.574935 43.802512
7.550095 43.801222
7.567078 43.801184
7.557149 43.788346
7.590156 43.804711
7.552729 43.794481
7.554304 43.782678
7.573129 43.792891
7.560016 43.789839
7.584041 43.795528
7.560744 43.827310
7.589250 43.792612
7.552569 43.797398
7.571713 43.805602
7.553095 43.792860
7.584967 43.804022
7.576509 43.828304
7.543481 43.795430
7.551943 43.796741
7.547206 43.815455
7.550734 43.812912
7.550695 43.817574
7.558925 43.827363
7.550929 43.817615
7.566870 43.773794
7.586847 43.809279
7.550118 43.806595
7.547542 43.803772
7.567953 43.769689
7.576241 43.801947
7.558083 43.823294
7.560238 43.784921
7.567500 43.856195
7.571064 43.793561
7.579915 43.786994
7.585748 43.802595
7.551585 43.830390
7.549618 43.815204
7.549802 43.812426
7.558108 43.795659
7.559982 43.826654
7.573410 43.796528
7.577386 43.787285
7.592700 43.814862
7.550210 43.813599
7.574141 43.795372
7.567121 43.796793
7.539555 43.802007
7.546738 43.810175
7.554957 43.786947
7.570927 43.815522
7.549250 43.799218
7.571186 43.806955
7.564803 43.809064
7.573373 43.812960
7.546863 43.818382
7.556418 43.790136
7.536802 43.834929
7.548173 43.817976
7.554772 43.790469
7.547761 43.807202
7.552869 43.812197
7.550752 43.781518
7.565689 43.811827
7.553949 43.803938
7.550136 43.802392
7.548962 43.779434
7.592257 43.810554
7.558764 43.785022
7.621730 43.827210
7.548613 43.778723
7.563483 43.838082
7.576695 43.799232
7.587620 43.776471
7.591861 43.777754
7.547811 43.806149
7.575335 43.795534
7.577115 43.810178
7.566600 43.805234
7.550058 43.818439
7.590923 43.789780
7.567194 43.801226
7.552662 43.789551
7.591882 43.782944
7.553307 43.809576
7.557132 43.789260
7.574659 43.784470
7.600150 43.815839
7.548584 43.799165
7.570938 43.849856
7.551708 43.824529
7.553666 43.789449
7.571519 43.839347
7.559863 43.815409
7.557843 43.789629
7.553352 43.789343
7.569044 43.795803
7.575238 43.786387
7.545849 43.826950
7.563764 43.778060
7.568375 43.800383
7.568811 43.785072
7.570303 43.802051
7.552837 43.791251
7.567766 43.806882
7.559668 43.831457
7.549754 43.817365
7.547473 43.819839
7.542377 43.809334
7.580756 43.795880
7.560212 43.760248
7.553953 43.826390
7.545190 43.784422
7.547960 43.812546
7.555933 43.784136
7.575159 43.812697
7.555200 43.821775
7.548751 43.804172
7.590112 43.777478
7.546706 43.809861
7.603516 43.784774
7.557341 43.785991
7.548714 43.818077
7.571620 43.771111
7.580754 43.776797
7.579961 43.824535
7.582577 43.831664
7.546251 43.791007
7.555166 43.827071
7.574614 43.795317
7.567633 43.801826
7.586460 43.824279
7.578435 43.794064
7.550630 43.821014
7.550384 43.799959
7.582182 43.796280
7.585690 43.805986
7.567314 43.761801
7.570918 43.813363
7.547700 43.800554
7.578623 43.773647
7.571062 43.823051
7.542496 43.791099
7.557651 43.785950
7.571694 43.808027
7.578191 43.802788
7.573151 43.813411
7.568488 43.828692
7.575326 43.796945
7.572544 43.823538
7.557229 43.785411
7.569459 43.807511
7.539439 43.793051
7.576891 43.814782
7.549141 43.801588
7.568784 43.802125
7.576850 43.804161
7.577863 43.804199
7.545168 43.826658
7.549306 43.795847
7.564788 43.778162
7.548018 43.801129
7.548472 43.802582
7.547718 43.802445
7.548980 43.822002
7.575906 43.764924
7.556664 43.784520
7.569457 43.801262
7.578557 43.834137
7.579955 43.798594
7.588275 43.791073
7.587731 43.813426
7.563774 43.766338
7.573152 43.815681
7.582300 43.848076
7.548805 43.821595
7.570503 43.776167
7.569279 43.803520
7.554123 43.776228
7.552364 43.833625
7.554119 43.776295
7.557434 43.785367
7.579235 43.804953
7.551004 43.773094
7.564992 43.770581
7.547023 43.836983
7.576534 43.799055
7.600859 43.784432
7.574493 43.776603
7.541136 43.827505
7.549262 43.800226
7.547032 43.821495
7.564983 43.832859
7.574244 43.804719
7.575844 43.791502
7.573337 43.814682
7.569026 43.803965
7.557720 43.785001
7.569056 43.812766
7.571572 43.808248
7.547966 43.796304
7.550025 43.773104
7.588193 43.837787
7.544617 43.820191
7.548865 43.821392
7.576413 43.804204
7.547812 43.804390
7.549274 43.797497
7.580190 43.824194
7.548848 43.835617
7.588379 43.803883
7.543433 43.794751
7.586228 43.810343
7.616223 43.783499
7.544372 43.811449
7.547757 43.799738
7.580099 43.799784
7.545012 43.814489
7.544503 43.808388
7.585317 43.803194
7.553973 43.775642
7.546655 43.799279
7.549130 43.792532
7.549072 43.777005
7.543666 43.812845
7.563466 43.762009
7.567516 43.814749
7.575294 43.805491
7.547018 43.793085
7.544045 43.812930
7.537765 43.781754
7.547391 43.833070
7.547545 43.823564
7.546503 43.774590
7.534501 43.780343
7.544695 43.773957
7.549522 43.813417
7.536935 43.772789
7.563646 43.762564
7.592945 43.819229
7.592928 43.820788
7.583619 43.799497
7.575935 43.791113
7.590730 43.819850
7.574192 43.830260
7.532022 43.837640
7.574462 43.803347
7.577359 43.823081
7.551100 43.863188
7.540719 43.784994
7.574089 43.814727
7.546303 43.801627
7.544047 43.785046
7.583905 43.794079
7.549897 43.791450
7.547511 43.789528
7.576638 43.808637
7.585151 43.804854
7.540874 43.816108
7.542072 43.787785
7.583269 43.835729
7.577441 43.862191
7.591520 43.813912
7.577934 43.806464
7.574656 43.805409
7.571484 43.839278
7.588182 43.807019
7.544628 43.829959
7.586337 43.774708
7.578098 43.795610
7.580826 43.809290
7.585138 43.846608
7.547880 43.774856
7.534919 43.817133
7.541468 43.810651
7.539372 43.804321
7.534674 43.821816
7.590209 43.838503
7.586567 43.784314
7.537149 43.822157
