 >
  0.0000000E+00   1.077752    
   193.3333       1.077752    
 >
   193.3333      0.8116306    
   386.6667      0.8116306    
 >
   386.6667      0.4859835    
   580.0000      0.4859835    
 >
   580.0000      0.3307480    
   773.3333      0.3307480    
 >
   773.3333      0.2706090    
   966.6666      0.2706090    
 >
   966.6666      0.2403909    
   1160.000      0.2403909    
 >
   1160.000      0.2400592    
   1353.333      0.2400592    
 >
   1353.333      0.2330444    
   1546.667      0.2330444    
 >
   1546.667      0.2152896    
   1740.000      0.2152896    
 >
   1740.000      0.1973842    
   1933.333      0.1973842    
 >
   1933.333      0.1893587    
   2126.667      0.1893587    
 >
   2126.667      0.1883292    
   2320.000      0.1883292    
 >
   2320.000      0.2140192    
   2513.333      0.2140192    
 >
   2513.333      0.2392305    
   2706.667      0.2392305    
 >
   2706.667      0.2620903    
   2900.000      0.2620903    
