   0.0000000      0.20000000      -1160812.4             599       24840
   0.0000000      0.20000000      -1160812.4             599       24840
   0.0000000      0.20000000      -1160812.4             599       24840
   0.0000000      0.20000000      -1160812.4             599       24840
   0.0000000      0.20000000      -1160812.4             599       24840
   0.0000000       10.000000      -1164121.4             322       24840
   0.0000000       100.00000      -1182710.3             202       24840
   0.0000000       500.00000      -1208539.6             103       24840
   0.0000000       100.00000      -1182710.3             202       24840
   0.0000000       100.00000      -4354770.0              86       24840
   0.0000000       10.000000      -4338496.0             154       24840
   0.0000000       50.000000      -4347805.5             106       24840
   0.0000000       50.000000      -1174564.4             251       24840
   0.0000000       50.000000      -1158239.5             279       91840
   0.0000000       100.00000      -1171711.6             210       91840
   0.0000000       100.00000      -44.738605             778       68880
   0.0000000       100.00000      -44.738605             778       68880
   0.0000000       100.00000      -1977.0262             214       24840
   0.0000000       100.00000      -1032401.3             152       24840
   0.0000000       100.00000      -1032401.3             152       24840
   0.0000000       100.00000      -4095072.8              93       24840
   0.0000000       100.00000      -4078468.0              96       91840
   0.0000000       100.00000      -788317.31             126       61110
   0.0000000       100.00000      -1033166.8             141       61110
   0.0000000       100.00000                 NaN           1       61110
   0.0000000       100.00000      -959.39325             399       29490
   0.0000000       100.00000      -1033166.8             141       61110
  0.0000000E+00   100.0000      -228944.0             128       24840
  0.0000000E+00   100.0000      -228944.0             128       24840
  0.0000000E+00   100.0000      -3748554.              85       24840
  0.0000000E+00   100.0000      -4064600.              92       24840
  0.0000000E+00   100.0000      -1043787.             119       24840
  0.0000000E+00   100.0000      -1043787.             119       24840
  0.0000000E+00   100.0000      -4064600.              92       24840
