 >
  0.0000000E+00  0.2226660    
   193.3333      0.2226660    
 >
   193.3333      0.2030512    
   386.6667      0.2030512    
 >
   386.6667      9.5678158E-02
   580.0000      9.5678158E-02
 >
   580.0000     -3.4419071E-02
   773.3333     -3.4419071E-02
 >
   773.3333     -8.5402630E-02
   966.6666     -8.5402630E-02
 >
   966.6666     -9.0021104E-02
   1160.000     -9.0021104E-02
 >
   1160.000     -7.8060858E-02
   1353.333     -7.8060858E-02
 >
   1353.333     -7.0936479E-02
   1546.667     -7.0936479E-02
 >
   1546.667     -8.4168218E-02
   1740.000     -8.4168218E-02
 >
   1740.000     -0.1089266    
   1933.333     -0.1089266    
 >
   1933.333     -0.1566737    
   2126.667     -0.1566737    
 >
   2126.667     -0.1918660    
   2320.000     -0.1918660    
 >
   2320.000     -0.2122133    
   2513.333     -0.2122133    
 >
   2513.333     -0.2152731    
   2706.667     -0.2152731    
 >
   2706.667     -0.2427122    
   2900.000     -0.2427122    
