7.568229 43.816815
7.572977 43.794325
7.558409 43.801874
7.567007 43.798075
7.558206 43.823320
7.553406 43.773165
7.554928 43.825370
7.556975 43.797904
7.549165 43.811570
7.550900 43.795235
7.560811 43.790184
7.552959 43.810601
7.550426 43.813618
7.551042 43.795173
7.550061 43.829483
7.561871 43.806063
7.570375 43.805820
7.569981 43.809127
7.565115 43.801575
7.557488 43.784263
7.554803 43.797031
7.561291 43.824603
7.569598 43.791239
7.556151 43.828174
7.559924 43.790945
7.557863 43.787475
7.555960 43.821122
7.575145 43.789480
7.552050 43.813412
7.571817 43.780408
7.561049 43.813472
7.563837 43.797908
7.549918 43.795594
7.573389 43.810160
7.563578 43.820524
7.567213 43.797930
7.558750 43.795074
7.565698 43.787225
7.563002 43.789599
7.569629 43.801938
7.568757 43.808091
7.561458 43.790975
7.552669 43.805812
7.576201 43.802791
7.550659 43.809500
7.550106 43.813969
7.546943 43.796852
7.560864 43.786314
7.548618 43.778336
7.557403 43.824624
7.568009 43.791573
7.558892 43.786875
7.563134 43.799991
7.577480 43.794329
7.562885 43.802568
7.555237 43.816240
7.549793 43.834034
7.554804 43.792398
7.566919 43.824869
7.552682 43.818314
7.570909 43.793784
7.561482 43.785560
7.567247 43.816398
7.558766 43.821627
7.554427 43.815768
7.567538 43.805830
7.565241 43.792578
7.548871 43.818829
7.568947 43.799847
7.566369 43.802369
7.567983 43.796041
7.560910 43.793256
7.576851 43.813833
7.557406 43.796249
7.567329 43.818464
7.551895 43.817461
7.574372 43.805796
7.571887 43.808742
7.559877 43.815328
7.563812 43.778901
7.556140 43.786520
7.560301 43.824128
7.561385 43.790922
7.565111 43.800374
7.562201 43.804039
7.563583 43.781363
7.565782 43.781951
7.563901 43.790289
7.571102 43.783794
7.560247 43.816780
7.566626 43.784187
7.555760 43.790352
7.557810 43.792327
7.560303 43.793243
7.576143 43.790308
7.572972 43.810280
7.566008 43.807881
7.554722 43.784441
7.554436 43.792581
7.548184 43.781998
7.576996 43.794535
7.577204 43.797307
7.575967 43.786114
7.555910 43.793892
7.547769 43.795333
7.569156 43.808983
7.551598 43.796367
7.574758 43.784064
7.555691 43.817515
7.554951 43.794728
7.567646 43.786855
7.560967 43.786797
7.563351 43.821313
7.559447 43.805644
7.560331 43.805144
7.561850 43.808151
7.559534 43.805534
7.562106 43.804759
7.559483 43.808053
7.565786 43.805050
7.561963 43.806173
7.564924 43.803495
7.558694 43.807522
7.565994 43.802174
7.566190 43.811428
7.550289 43.819710
7.563052 43.790496
7.554402 43.785891
7.560150 43.803430
7.563777 43.805888
7.560394 43.804320
7.563031 43.806958
7.563149 43.801989
7.567595 43.797183
7.560609 43.806482
7.561359 43.808116
7.561192 43.801000
7.562253 43.806033
7.560668 43.809740
7.572750 43.793513
7.561161 43.809327
7.558806 43.801034
7.563333 43.801784
7.561209 43.808999
7.564871 43.805044
7.561779 43.792118
7.565061 43.805554
7.553445 43.811267
7.551298 43.814169
7.567179 43.780267
7.551880 43.804479
7.565410 43.806607
7.559291 43.803390
7.570868 43.801293
7.564370 43.787291
7.546896 43.796892
7.558743 43.804869
7.563750 43.802697
7.566073 43.825159
7.561783 43.806007
7.560556 43.802406
7.559806 43.808600
7.561092 43.808869
7.561545 43.803388
7.564330 43.810469
7.577163 43.809725
7.565427 43.807079
7.565712 43.799597
7.564952 43.798476
7.546703 43.811371
7.560336 43.801524
7.563330 43.794059
7.559202 43.806634
7.561147 43.804113
7.563001 43.800396
7.557653 43.777992
7.550569 43.794689
7.560079 43.801452
7.562231 43.787064
7.564710 43.804215
7.565325 43.802542
7.557463 43.818262
7.560753 43.799988
7.563196 43.809865
7.547032 43.801008
7.565392 43.811372
7.565608 43.798649
7.561125 43.801262
7.559508 43.800545
7.561969 43.803785
7.565351 43.803011
7.561506 43.813752
7.561339 43.813037
7.561969 43.798648
7.561878 43.798322
7.565028 43.809241
7.566990 43.805636
7.564279 43.806573
7.562694 43.792984
7.560023 43.813833
7.560198 43.803866
7.559531 43.813816
7.554178 43.797380
7.573467 43.815861
7.553178 43.831595
7.553007 43.809477
7.558769 43.812514
7.561486 43.804856
7.568046 43.788596
7.554087 43.802373
7.560790 43.810451
7.564100 43.807162
7.558328 43.802942
7.563459 43.800739
7.554466 43.787214
7.563036 43.797903
7.561341 43.781825
7.559985 43.814245
7.556756 43.806970
7.571254 43.796363
7.558770 43.808449
7.555510 43.808694
7.577061 43.801890
7.564733 43.798088
7.566393 43.783201
7.555536 43.780131
7.558952 43.802867
7.560787 43.813278
7.556536 43.806000
7.563233 43.805329
7.560786 43.805512
7.560888 43.800399
7.558105 43.803642
7.568674 43.789879
7.567952 43.812260
7.565406 43.813185
7.567021 43.800447
7.571384 43.802346
7.570240 43.786218
7.569227 43.772067
7.574023 43.768578
7.564994 43.795022
7.561265 43.809878
7.563014 43.805021
7.562379 43.797274
7.563605 43.802164
7.555356 43.810106
7.567181 43.788899
7.548507 43.812336
7.564056 43.780887
7.565454 43.796690
7.555290 43.811766
7.562345 43.813599
7.565041 43.802586
7.561650 43.813102
7.557380 43.809892
7.547398 43.817903
7.584433 43.796930
7.561742 43.801439
7.561170 43.804187
7.567616 43.801646
7.560615 43.809614
7.561006 43.823028
7.564229 43.804782
7.562297 43.809311
7.564311 43.807944
7.568886 43.804665
7.556980 43.800956
7.559252 43.804902
7.562565 43.797374
7.557906 43.810053
7.572767 43.799608
7.568952 43.802638
7.569525 43.803670
7.561331 43.789157
7.566488 43.820611
7.565163 43.798560
7.557817 43.784664
7.563071 43.803186
7.568498 43.786291
7.562659 43.813494
7.564661 43.795138
7.552420 43.812298
7.560463 43.811765
7.567161 43.807981
7.562696 43.807601
7.560832 43.795006
7.566948 43.806068
7.569758 43.803104
7.561519 43.779921
7.560547 43.798827
7.561272 43.778170
7.556308 43.806728
7.559412 43.816934
7.559009 43.804822
7.560132 43.803617
7.558789 43.814697
7.555756 43.810557
7.559272 43.796378
7.564949 43.798017
7.553626 43.821140
7.559897 43.800984
7.568308 43.779689
7.558632 43.816950
7.560929 43.806757
7.564623 43.795253
7.574715 43.807384
7.568379 43.799547
7.561678 43.817174
7.560151 43.797256
7.567798 43.806220
7.564529 43.809570
7.552288 43.823694
7.566731 43.804585
7.559552 43.806460
7.556023 43.801053
7.547856 43.787952
7.565250 43.806187
7.552799 43.826990
7.561974 43.803612
7.567905 43.799068
7.562339 43.812151
7.546796 43.797203
7.568252 43.801665
7.567171 43.806871
7.557933 43.807546
7.558564 43.798799
7.560304 43.811909
7.558705 43.815789
7.571470 43.785047
7.552410 43.828147
7.563897 43.813949
7.566958 43.799721
7.575746 43.793397
7.565654 43.796661
7.558841 43.816964
7.557954 43.815273
7.553882 43.799460
7.555413 43.804060
7.568514 43.803430
7.548390 43.824374
7.563332 43.801304
7.565369 43.810658
7.561528 43.803325
7.576678 43.783278
7.555637 43.798795
7.566395 43.809304
7.551053 43.814999
7.562898 43.797543
7.563132 43.815655
7.568672 43.808131
7.591405 43.760395
7.561547 43.811739
7.561401 43.818860
7.562062 43.796656
7.568804 43.811579
7.569157 43.809854
7.561849 43.800387
7.554640 43.800272
7.568893 43.822556
7.567401 43.813013
7.572449 43.805492
7.558242 43.817705
7.563620 43.795480
7.565979 43.802529
7.568729 43.809860
7.557094 43.806171
7.556171 43.798571
7.562155 43.815440
7.556051 43.810202
7.564332 43.814018
7.562666 43.793454
7.554455 43.802426
7.568982 43.808061
7.567050 43.787219
7.560346 43.797529
7.567657 43.810192
7.565915 43.808375
7.562657 43.804664
7.569391 43.797793
7.558760 43.814922
7.563221 43.800121
7.560982 43.807917
7.556894 43.783895
7.577018 43.785696
7.570348 43.779090
7.567617 43.799067
7.560824 43.798922
7.555556 43.830243
7.561313 43.811624
7.566292 43.809769
7.567172 43.810117
7.569746 43.803814
7.556145 43.803820
7.560620 43.794214
7.559165 43.793138
7.567602 43.783854
7.555043 43.781023
7.554477 43.801700
7.565362 43.816558
7.561131 43.794044
7.573005 43.797224
7.562342 43.815592
7.574982 43.790073
7.547683 43.823049
7.561308 43.796462
7.563367 43.802605
7.556624 43.810030
7.569794 43.796270
7.555903 43.814785
7.556781 43.798496
7.557148 43.814828
7.556216 43.807755
7.566121 43.809216
7.558789 43.814328
7.567000 43.804293
7.562837 43.809487
7.561861 43.807821
7.565975 43.814085
7.562681 43.798686
7.559077 43.792417
7.549390 43.837355
7.560139 43.800642
7.569478 43.783476
7.568160 43.808726
7.561165 43.805345
7.562766 43.803947
7.564455 43.785299
7.556616 43.803656
7.567298 43.809065
7.564226 43.809496
7.567694 43.811607
7.564789 43.797781
7.565836 43.792486
7.559409 43.819506
7.561676 43.799000
7.555658 43.811616
7.563211 43.812783
7.564984 43.795060
7.550952 43.805034
7.559516 43.793622
7.568998 43.778623
7.567604 43.810044
7.564021 43.815921
7.562805 43.784151
7.565057 43.808178
7.555598 43.797716
7.563209 43.794775
7.561889 43.792467
7.558838 43.795755
7.566810 43.813554
7.566672 43.798021
7.558319 43.797954
7.569523 43.808643
7.567429 43.808867
7.569429 43.803415
7.568811 43.779619
7.557593 43.785624
7.555986 43.809561
7.570926 43.820676
7.567135 43.810915
7.569796 43.793165
7.554444 43.795612
7.556052 43.816117
7.557484 43.805146
7.560554 43.818631
7.557184 43.809539
7.567583 43.812924
7.569039 43.791387
7.560669 43.796417
7.575761 43.785918
7.569628 43.805480
7.577139 43.785695
7.554756 43.815165
7.563406 43.807544
7.561879 43.792314
7.556727 43.795098
7.568405 43.798341
7.567967 43.793496
7.563052 43.817143
7.563676 43.798274
7.565649 43.818200
7.564605 43.818789
7.558526 43.797497
7.568393 43.783313
7.569140 43.800675
7.562537 43.819493
7.561725 43.799383
7.559075 43.798990
7.572627 43.821386
7.557340 43.814626
7.568616 43.796782
7.559818 43.801553
7.566241 43.809279
7.568204 43.807536
7.562534 43.805246
7.563927 43.792656
7.556790 43.798170
7.553483 43.812695
7.554960 43.795401
7.567278 43.798056
7.563902 43.791696
7.559771 43.792552
7.560370 43.789606
7.562699 43.792934
7.556311 43.806578
7.563458 43.818579
7.559673 43.798199
7.562133 43.811853
7.550181 43.793064
7.552099 43.830563
7.553161 43.806970
7.552275 43.807532
7.570153 43.787249
7.568493 43.799233
7.567581 43.801686
7.564063 43.819789
7.550616 43.808920
7.557589 43.808257
7.559895 43.805194
7.564924 43.793199
7.556947 43.826511
7.566768 43.796551
7.561019 43.793227
7.566467 43.808552
7.554518 43.818232
7.556514 43.796555
7.554615 43.818976
7.551073 43.828509
7.557608 43.796805
7.569462 43.805715
7.553861 43.809254
7.565319 43.792745
7.553948 43.809554
7.553475 43.809800
7.569472 43.799347
7.564085 43.801901
7.551541 43.818708
7.569031 43.793930
7.557168 43.807875
7.552233 43.808302
7.561961 43.791173
7.568605 43.815206
7.551819 43.805345
7.555721 43.800976
7.560249 43.796102
7.569843 43.802251
7.568340 43.811598
7.571092 43.802535
7.555936 43.795516
7.563838 43.811367
7.564402 43.801483
7.566997 43.810436
7.564919 43.799219
7.553963 43.804967
7.561738 43.816963
7.566632 43.815612
7.561566 43.806820
7.570035 43.801093
7.563156 43.793502
7.563468 43.816867
7.547792 43.785066
7.568141 43.793616
7.567484 43.792618
7.562835 43.796399
7.558438 43.795006
7.565863 43.819811
7.561095 43.790366
7.552005 43.811523
7.573213 43.804013
7.563401 43.782413
7.550903 43.805337
7.561993 43.791809
7.567268 43.805284
7.564818 43.802888
7.555026 43.809109
7.554473 43.797338
7.563846 43.794686
7.563520 43.800854
7.559655 43.823629
7.563615 43.804018
7.569599 43.814021
7.568429 43.793414
7.572951 43.804930
7.555360 43.794322
7.562660 43.819574
7.555766 43.817368
7.559582 43.808274
7.555833 43.812264
7.571020 43.806068
7.559424 43.809475
7.564288 43.815957
7.565405 43.790288
7.559571 43.820281
7.572838 43.798546
7.553006 43.802615
7.551979 43.801579
7.556220 43.793524
7.563788 43.795179
7.577357 43.794206
7.565707 43.813281
7.557088 43.810109
7.573227 43.806719
7.571058 43.807115
7.550640 43.813435
7.551692 43.805750
7.568168 43.780255
7.564386 43.793047
7.567856 43.800253
7.552458 43.801930
7.568985 43.815260
7.561644 43.790335
7.565522 43.796674
7.551964 43.802624
7.551088 43.804156
7.560921 43.822844
7.559696 43.805070
7.563927 43.808307
7.573640 43.797056
7.560018 43.820238
7.555102 43.802456
7.573042 43.796993
7.568010 43.792301
7.551889 43.801212
7.564693 43.794064
7.554750 43.807540
7.559078 43.813149
7.568516 43.811363
7.552762 43.813006
7.572077 43.801781
7.567340 43.772757
7.571377 43.802359
7.559509 43.821593
7.562970 43.819460
7.573149 43.798048
7.565847 43.806238
7.557552 43.796422
7.550553 43.804080
7.551791 43.810602
7.569110 43.790065
7.570438 43.807910
7.551995 43.801072
7.558354 43.799604
7.571815 43.817214
7.561572 43.806780
7.568574 43.812218
7.559255 43.795378
7.568009 43.799215
7.567818 43.815476
7.558868 43.809276
7.565741 43.788792
7.568272 43.793815
7.559364 43.791073
7.572534 43.808965
7.562685 43.821143
7.561924 43.822237
7.561261 43.798271
7.562423 43.812728
7.566286 43.811684
7.566566 43.796606
7.566798 43.791748
7.562851 43.787943
7.558467 43.804536
7.564594 43.822331
7.550830 43.806219
7.573899 43.825735
7.572545 43.788438
7.559052 43.805018
7.574209 43.799180
7.570112 43.800387
7.568568 43.777353
7.554897 43.796722
7.556009 43.806201
7.562922 43.777299
7.569976 43.802537
7.578571 43.800469
7.581784 43.799867
7.560685 43.808100
7.563355 43.821224
7.570361 43.811682
7.549728 43.819764
7.569434 43.813531
7.554143 43.807916
7.556757 43.815951
7.556923 43.806785
7.557742 43.797223
7.567092 43.807228
7.551726 43.809109
7.556194 43.805635
7.571100 43.794591
7.556861 43.793830
7.564237 43.802792
7.561079 43.798467
7.571165 43.801651
7.559690 43.817787
7.568578 43.789925
7.572486 43.797259
7.550619 43.812531
7.553511 43.801877
7.572173 43.797187
7.561855 43.804256
7.563599 43.788070
7.557826 43.806842
7.562634 43.797686
7.567238 43.818930
7.554774 43.796299
7.556167 43.804655
7.568362 43.805485
7.568062 43.812718
7.566678 43.787146
7.560436 43.789159
7.569847 43.789916
7.560865 43.788387
7.566692 43.812854
7.572082 43.819654
7.561833 43.805345
7.559709 43.787048
7.559798 43.796221
7.554723 43.807463
7.561196 43.800683
7.566243 43.787621
7.567137 43.808810
7.566059 43.818991
7.559476 43.787695
7.557500 43.814246
7.560720 43.815459
7.557567 43.821435
7.569120 43.819237
7.568093 43.796177
7.552912 43.787506
7.559879 43.805064
7.555511 43.815863
7.566397 43.806182
7.572361 43.808909
7.578356 43.783713
7.565383 43.816806
7.556619 43.795182
7.564848 43.803658
7.564703 43.816970
7.569852 43.818141
7.561292 43.809939
7.554597 43.798295
7.564268 43.808334
7.563747 43.805272
7.567485 43.809417
7.552261 43.803860
7.566278 43.788174
7.564902 43.821462
7.566941 43.812394
7.555144 43.791759
7.569202 43.823048
7.557511 43.779578
7.560231 43.792938
7.573184 43.807679
7.563877 43.801453
7.561390 43.789786
7.567292 43.813121
7.554634 43.792060
7.568608 43.818037
7.559755 43.828397
7.571558 43.797987
7.566929 43.804593
7.571311 43.796010
7.555034 43.791972
7.555545 43.822726
7.557842 43.791847
7.554640 43.812094
7.552305 43.797086
7.564300 43.789635
7.564490 43.792765
7.557619 43.804296
7.572420 43.813181
7.563225 43.821740
7.557130 43.819402
7.550905 43.808782
7.570870 43.797257
7.568157 43.795369
7.560314 43.824533
7.570612 43.812751
7.570346 43.809407
7.556962 43.812134
7.551719 43.795182
7.554550 43.797537
7.559549 43.815781
7.558528 43.788595
7.572361 43.782347
7.561976 43.803564
7.563728 43.827873
7.571767 43.825133
7.552907 43.795623
7.561706 43.802276
7.553877 43.818541
7.554681 43.789812
7.556907 43.813028
7.566110 43.818385
7.553109 43.809917
7.564437 43.815353
7.557704 43.790800
7.554668 43.816114
7.571780 43.794888
7.560834 43.800826
7.560597 43.808519
7.564736 43.814559
7.569349 43.811205
7.562276 43.782059
7.560731 43.803746
7.555907 43.806746
7.570495 43.814318
7.568459 43.787211
7.567897 43.787693
7.552824 43.812106
7.555564 43.802844
7.565035 43.831201
7.562338 43.805694
7.557500 43.805532
7.573463 43.796386
7.565886 43.816294
7.569826 43.795528
7.563712 43.783941
7.564754 43.823546
7.557689 43.802786
7.555818 43.805167
7.556243 43.804153
7.557801 43.792364
7.559314 43.794344
7.558762 43.819600
7.562715 43.811226
7.566767 43.822988
7.568665 43.807839
7.557749 43.802787
7.556221 43.793484
7.571982 43.776509
7.563115 43.794561
7.568080 43.816222
7.569508 43.821848
7.554577 43.805075
7.567913 43.785144
7.557540 43.796383
7.555330 43.807665
7.568518 43.799720
7.547505 43.808928
7.568619 43.804293
7.555972 43.797381
7.562836 43.827868
7.569518 43.786822
7.559015 43.796282
7.555998 43.812145
7.557505 43.806251
7.553726 43.797507
7.569865 43.795806
7.576289 43.791951
7.561405 43.800180
7.569009 43.812726
7.560873 43.794547
7.571564 43.809258
7.554371 43.787210
7.559121 43.784954
7.569217 43.806812
7.551331 43.802823
7.566562 43.791982
7.561996 43.795451
7.557758 43.823430
7.556203 43.809886
7.568230 43.799111
7.573219 43.788177
7.562481 43.814482
7.557343 43.788530
7.561013 43.819378
7.551885 43.822231
7.556629 43.787381
7.541389 43.815052
7.568431 43.776784
7.557263 43.773930
7.565006 43.785736
7.558923 43.811709
7.571685 43.795583
7.563780 43.804084
7.560595 43.824000
7.557627 43.789653
7.578930 43.810780
7.566582 43.802555
7.552004 43.803645
7.541126 43.810017
7.557302 43.795672
7.536016 43.802719
7.556153 43.821075
7.550132 43.808562
7.559577 43.786204
7.562719 43.805860
7.573089 43.817004
7.558717 43.791110
7.567120 43.821064
7.571830 43.797556
7.565845 43.784073
7.554008 43.780267
7.553640 43.800332
7.567286 43.822551
7.563279 43.823546
7.565551 43.786369
7.580162 43.807428
7.547685 43.813421
7.564098 43.777238
7.566123 43.791751
7.547683 43.801961
7.572829 43.807755
7.569548 43.788147
7.560835 43.814279
7.568802 43.782026
7.571050 43.785409
7.553071 43.779329
7.561965 43.786262
7.558170 43.791497
7.549333 43.807127
7.557360 43.809849
7.582084 43.799991
7.566084 43.820411
7.553194 43.786097
7.552526 43.792355
7.557004 43.767081
7.563540 43.781560
7.564927 43.815937
7.552957 43.818633
7.560915 43.785288
7.552459 43.798791
7.547529 43.815955
7.556628 43.793589
7.566396 43.821330
7.565814 43.828361
7.553884 43.790650
7.573357 43.801088
7.562073 43.783502
7.554903 43.785140
7.568479 43.782516
7.570692 43.815006
7.576048 43.797243
7.546858 43.806169
7.558970 43.783880
7.566208 43.814712
7.569514 43.783394
7.572983 43.802910
7.581624 43.814761
7.557734 43.784521
7.543339 43.797004
7.567997 43.784971
7.571713 43.808816
7.547529 43.804914
7.555126 43.791883
7.576513 43.804519
7.547171 43.811574
7.575457 43.831366
7.551175 43.827202
7.566865 43.795004
7.545258 43.795697
7.564115 43.827729
7.575412 43.788808
7.547320 43.797058
7.570931 43.813574
7.568711 43.801742
7.573947 43.805383
7.568445 43.808010
7.561577 43.773451
7.545759 43.803362
7.575721 43.814099
7.548078 43.802405
7.547720 43.810579
7.553138 43.820839
7.569285 43.823478
7.569070 43.814127
7.540889 43.790857
7.571277 43.813948
7.548777 43.802635
7.572288 43.788311
7.581292 43.775167
7.549630 43.811959
7.574838 43.815001
7.582585 43.816774
7.567236 43.809408
7.575871 43.789090
7.581049 43.804680
7.571361 43.813543
7.575616 43.795701
7.569995 43.820844
7.548022 43.809303
7.580870 43.810886
7.575476 43.820359
7.575938 43.806114
7.547900 43.787161
7.588913 43.791808
7.589675 43.799020
7.583672 43.803416
7.589814 43.786398
7.580938 43.784544
7.591240 43.781287
7.538978 43.801985
7.544977 43.835454
