anisotropic prem with ocean filled in
   1   1.   0
   12   33   66  6371.000    0
   33     0.000  1221.500
  13.0885000              0.     -8.83810000              0.              0.    
  11.2622000              0.     -6.36400000              0.              0.    
  3.66780000              0.     -4.44750000              0.              0.    
  1327.70000              0.              0.              0.              0.    
  84.6000000              0.              0.              0.              0.    
  11.2622000              0.     -6.36400000              0.              0.    
  3.66780000              0.     -4.44750000              0.              0.    
  1.00000000              0.              0.              0.              0.    
   33  1221.500  3480.000
  12.5815000     -1.26380000     -3.64260000     -5.52810000              0.    
  11.0487000     -4.03620000      4.80230000     -13.5732000              0.    
          0.              0.              0.              0.              0.    
  57823.0000              0.              0.              0.              0.    
          0.              0.              0.              0.              0.    
  11.0487000     -4.03620000      4.80230000     -13.5732000              0.    
          0.              0.              0.              0.              0.    
  1.00000000              0.              0.              0.              0.    
    5  3480.000  3630.000
  7.95650000     -6.47610000      5.52830000     -3.08070000              0.    
  15.3891000     -5.31810000      5.52420000     -2.55140000              0.    
  6.92540000      1.46720000     -2.08340000     0.978300000              0.    
  57823.0000              0.              0.              0.              0.    
  312.000000              0.              0.              0.              0.    
  15.3891000     -5.31810000      5.52420000     -2.55140000              0.    
  6.92540000      1.46720000     -2.08340000     0.978300000              0.    
  1.00000000              0.              0.              0.              0.    
   55  3630.000  5600.000
  7.95650000     -6.47610000      5.52830000     -3.08070000              0.    
  24.9520000     -40.4673000      51.4832000     -26.6419000              0.    
  11.1671000     -13.7818000      17.4575000     -9.27770000              0.    
  57823.0000              0.              0.              0.              0.    
  312.000000              0.              0.              0.              0.    
  24.9520000     -40.4673000      51.4832000     -26.6419000              0.    
  11.1671000     -13.7818000      17.4575000     -9.27770000              0.    
  1.00000000              0.              0.              0.              0.    
    4  5600.000  5701.000
  7.95650000     -6.47610000      5.52830000     -3.08070000              0.    
  29.2766000     -23.6027000      5.52420000     -2.55140000              0.    
  22.3459000     -17.2473000     -2.08340000     0.978300000              0.    
  57823.0000              0.              0.              0.              0.    
  312.000000              0.              0.              0.              0.    
  29.2766000     -23.6027000      5.52420000     -2.55140000              0.    
  22.3459000     -17.2473000     -2.08340000     0.978300000              0.    
  1.00000000              0.              0.              0.              0.    
    2  5701.000  5771.000
  5.31970000     -1.48360000              0.              0.              0.    
  19.0957000     -9.86720000              0.              0.              0.    
  9.98390000     -4.93240000              0.              0.              0.    
  57823.0000              0.              0.              0.              0.    
  143.000000              0.              0.              0.              0.    
  19.0957000     -9.86720000              0.              0.              0.    
  9.98390000     -4.93240000              0.              0.              0.    
  1.00000000              0.              0.              0.              0.    
    7  5771.000  5971.000
  11.2494000     -8.02980000              0.              0.              0.    
  39.7027000     -32.6166000              0.              0.              0.    
  22.3512000     -18.5856000              0.              0.              0.    
  57823.0000              0.              0.              0.              0.    
  143.000000              0.              0.              0.              0.    
  39.7027000     -32.6166000              0.              0.              0.    
  22.3512000     -18.5856000              0.              0.              0.    
  1.00000000              0.              0.              0.              0.    
    9  5971.000  6151.000
  7.10890000     -3.80450000              0.              0.              0.    
  20.3926000     -12.2569000              0.              0.              0.    
  8.94960000     -4.45970000              0.              0.              0.    
  57823.0000              0.              0.              0.              0.    
  143.000000              0.              0.              0.              0.    
  20.3926000     -12.2569000              0.              0.              0.    
  8.94960000     -4.45970000              0.              0.              0.    
  1.00000000              0.              0.              0.              0.    
    6  6151.000  6291.000
  2.69100000     0.692400000              0.              0.              0.    
 0.831700000      7.21800000              0.              0.              0.    
  5.85820000     -1.46780000              0.              0.              0.    
  57823.0000              0.              0.              0.              0.    
  80.0000000              0.              0.              0.              0.    
  3.59080000      4.61720000              0.              0.              0.    
 -1.08390000      5.71760000              0.              0.              0.    
  3.36870000     -2.47780000              0.              0.              0.    
    3  6291.000  6346.600
  2.69100000     0.692400000              0.              0.              0.    
 0.831700000      7.21800000              0.              0.              0.    
  5.85820000     -1.46780000              0.              0.              0.    
  57823.0000              0.              0.              0.              0.    
  600.000000              0.              0.              0.              0.    
  3.59080000      4.61720000              0.              0.              0.    
 -1.08390000      5.71769000              0.              0.              0.    
  3.36870000     -2.47780000              0.              0.              0.    
    2  6346.600  6356.000
  2.90000000              0.              0.              0.              0.    
  6.80000000              0.              0.              0.              0.    
  3.90000000              0.              0.              0.              0.    
  57823.0000              0.              0.              0.              0.    
  600.000000              0.              0.              0.              0.    
  6.80000000              0.              0.              0.              0.    
  3.90000000              0.              0.              0.              0.    
  1.00000000              0.              0.              0.              0.    
    5  6356.000  6371.000
  2.60000000              0.              0.              0.              0.    
  5.80000000              0.              0.              0.              0.    
  3.20000000              0.              0.              0.              0.    
  57823.0000              0.              0.              0.              0.    
  600.000000              0.              0.              0.              0.    
  5.80000000              0.              0.              0.              0.    
  3.20000000              0.              0.              0.              0.    
  1.00000000              0.              0.              0.              0.    
