 >
  0.0000000E+00   1.240770    
   193.3333       1.240770    
 >
   193.3333      0.8499734    
   386.6667      0.8499734    
 >
   386.6667      0.5270352    
   580.0000      0.5270352    
 >
   580.0000      0.3485710    
   773.3333      0.3485710    
 >
   773.3333      0.2909500    
   966.6666      0.2909500    
 >
   966.6666      0.2567140    
   1160.000      0.2567140    
 >
   1160.000      0.2478495    
   1353.333      0.2478495    
 >
   1353.333      0.2360885    
   1546.667      0.2360885    
 >
   1546.667      0.2189748    
   1740.000      0.2189748    
 >
   1740.000      0.2148039    
   1933.333      0.2148039    
 >
   1933.333      0.2093201    
   2126.667      0.2093201    
 >
   2126.667      0.2043717    
   2320.000      0.2043717    
 >
   2320.000      0.2535429    
   2513.333      0.2535429    
 >
   2513.333      0.2858291    
   2706.667      0.2858291    
 >
   2706.667      0.2855559    
   2900.000      0.2855559    
