> -G176/246/167
  0.0000000E+00   80.00000    
   90.00000       80.00000    
   90.00000       90.00000    
  0.0000000E+00   90.00000    
> -G129/236/196
   90.00000       80.00000    
   180.0000       80.00000    
   180.0000       90.00000    
   90.00000       90.00000    
> -G136/237/191
   180.0000       80.00000    
   270.0000       80.00000    
   270.0000       90.00000    
   180.0000       90.00000    
> -G153/241/180
   270.0000       80.00000    
   360.0000       80.00000    
   360.0000       90.00000    
   270.0000       90.00000    
> -G177/246/167
  0.0000000E+00   70.00000    
   36.00000       70.00000    
   36.00000       80.00000    
  0.0000000E+00   80.00000    
> -G168/244/170
   36.00000       70.00000    
   72.00000       70.00000    
   72.00000       80.00000    
   36.00000       80.00000    
> -G160/242/175
   72.00000       70.00000    
   108.0000       70.00000    
   108.0000       80.00000    
   72.00000       80.00000    
> -G173/245/167
   108.0000       70.00000    
   144.0000       70.00000    
   144.0000       80.00000    
   108.0000       80.00000    
> -G152/240/181
   144.0000       70.00000    
   180.0000       70.00000    
   180.0000       80.00000    
   144.0000       80.00000    
> -G130/236/195
   180.0000       70.00000    
   216.0000       70.00000    
   216.0000       80.00000    
   180.0000       80.00000    
> -G113/231/214
   216.0000       70.00000    
   252.0000       70.00000    
   252.0000       80.00000    
   216.0000       80.00000    
> -G161/242/175
   252.0000       70.00000    
   288.0000       70.00000    
   288.0000       80.00000    
   252.0000       80.00000    
> -G209/252/156
   288.0000       70.00000    
   324.0000       70.00000    
   324.0000       80.00000    
   288.0000       80.00000    
> -G191/250/164
   324.0000       70.00000    
   360.0000       70.00000    
   360.0000       80.00000    
   324.0000       80.00000    
> -G206/253/159
  0.0000000E+00   60.00000    
   22.50000       60.00000    
   22.50000       70.00000    
  0.0000000E+00   70.00000    
> -G190/250/164
   22.50000       60.00000    
   45.00000       60.00000    
   45.00000       70.00000    
   22.50000       70.00000    
> -G130/236/195
   45.00000       60.00000    
   67.50000       60.00000    
   67.50000       70.00000    
   45.00000       70.00000    
> -G153/241/180
   67.50000       60.00000    
   90.00000       60.00000    
   90.00000       70.00000    
   67.50000       70.00000    
> -G140/238/189
   90.00000       60.00000    
   112.5000       60.00000    
   112.5000       70.00000    
   90.00000       70.00000    
> -G128/235/196
   112.5000       60.00000    
   135.0000       60.00000    
   135.0000       70.00000    
   112.5000       70.00000    
> -G106/228/226
   135.0000       60.00000    
   157.5000       60.00000    
   157.5000       70.00000    
   135.0000       70.00000    
> -G111/230/218
   157.5000       60.00000    
   180.0000       60.00000    
   180.0000       70.00000    
   157.5000       70.00000    
> -G116/232/211
   180.0000       60.00000    
   202.5000       60.00000    
   202.5000       70.00000    
   180.0000       70.00000    
> -G167/243/171
   202.5000       60.00000    
   225.0000       60.00000    
   225.0000       70.00000    
   202.5000       70.00000    
> -G142/238/187
   225.0000       60.00000    
   247.5000       60.00000    
   247.5000       70.00000    
   225.0000       70.00000    
> -G188/250/164
   247.5000       60.00000    
   270.0000       60.00000    
   270.0000       70.00000    
   247.5000       70.00000    
> -G190/250/164
   270.0000       60.00000    
   292.5000       60.00000    
   292.5000       70.00000    
   270.0000       70.00000    
> -G230/241/131
   292.5000       60.00000    
   315.0000       60.00000    
   315.0000       70.00000    
   292.5000       70.00000    
> -G196/252/163
   315.0000       60.00000    
   337.5000       60.00000    
   337.5000       70.00000    
   315.0000       70.00000    
> -G174/245/167
   337.5000       60.00000    
   360.0000       60.00000    
   360.0000       70.00000    
   337.5000       70.00000    
> -G162/243/174
  0.0000000E+00   50.00000    
   18.00000       50.00000    
   18.00000       60.00000    
  0.0000000E+00   60.00000    
> -G159/242/176
   18.00000       50.00000    
   36.00000       50.00000    
   36.00000       60.00000    
   18.00000       60.00000    
> -G172/245/167
   36.00000       50.00000    
   54.00000       50.00000    
   54.00000       60.00000    
   36.00000       60.00000    
> -G202/254/162
   54.00000       50.00000    
   72.00000       50.00000    
   72.00000       60.00000    
   54.00000       60.00000    
> -G120/233/205
   72.00000       50.00000    
   90.00000       50.00000    
   90.00000       60.00000    
   72.00000       60.00000    
> -G145/239/185
   90.00000       50.00000    
   108.0000       50.00000    
   108.0000       60.00000    
   90.00000       60.00000    
> -G134/237/193
   108.0000       50.00000    
   126.0000       50.00000    
   126.0000       60.00000    
   108.0000       60.00000    
> -G112/230/217
   126.0000       50.00000    
   144.0000       50.00000    
   144.0000       60.00000    
   126.0000       60.00000    
> -G176/246/167
   144.0000       50.00000    
   162.0000       50.00000    
   162.0000       60.00000    
   144.0000       60.00000    
> -G111/230/218
   162.0000       50.00000    
   180.0000       50.00000    
   180.0000       60.00000    
   162.0000       60.00000    
> -G130/236/195
   180.0000       50.00000    
   198.0000       50.00000    
   198.0000       60.00000    
   180.0000       60.00000    
> -G178/246/166
   198.0000       50.00000    
   216.0000       50.00000    
   216.0000       60.00000    
   198.0000       60.00000    
> -G177/246/166
   216.0000       50.00000    
   234.0000       50.00000    
   234.0000       60.00000    
   216.0000       60.00000    
> -G121/234/203
   234.0000       50.00000    
   252.0000       50.00000    
   252.0000       60.00000    
   234.0000       60.00000    
> -G158/242/177
   252.0000       50.00000    
   270.0000       50.00000    
   270.0000       60.00000    
   252.0000       60.00000    
> -G162/242/174
   270.0000       50.00000    
   288.0000       50.00000    
   288.0000       60.00000    
   270.0000       60.00000    
> -G141/238/188
   288.0000       50.00000    
   306.0000       50.00000    
   306.0000       60.00000    
   288.0000       60.00000    
> -G210/251/155
   306.0000       50.00000    
   324.0000       50.00000    
   324.0000       60.00000    
   306.0000       60.00000    
> -G185/248/165
   324.0000       50.00000    
   342.0000       50.00000    
   342.0000       60.00000    
   324.0000       60.00000    
> -G188/249/165
   342.0000       50.00000    
   360.0000       50.00000    
   360.0000       60.00000    
   342.0000       60.00000    
> -G155/241/179
  0.0000000E+00   40.00000    
   13.84615       40.00000    
   13.84615       50.00000    
  0.0000000E+00   50.00000    
> -G169/244/169
   13.84615       40.00000    
   27.69231       40.00000    
   27.69231       50.00000    
   13.84615       50.00000    
> -G177/246/167
   27.69231       40.00000    
   41.53846       40.00000    
   41.53846       50.00000    
   27.69231       50.00000    
> -G163/243/173
   41.53846       40.00000    
   55.38462       40.00000    
   55.38462       50.00000    
   41.53846       50.00000    
> -G149/240/182
   55.38462       40.00000    
   69.23077       40.00000    
   69.23077       50.00000    
   55.38462       50.00000    
> -G160/242/175
   69.23077       40.00000    
   83.07693       40.00000    
   83.07693       50.00000    
   69.23077       50.00000    
> -G114/231/214
   83.07693       40.00000    
   96.92308       40.00000    
   96.92308       50.00000    
   83.07693       50.00000    
> -G174/245/167
   96.92308       40.00000    
   110.7692       40.00000    
   110.7692       50.00000    
   96.92308       50.00000    
> -G118/232/208
   110.7692       40.00000    
   124.6154       40.00000    
   124.6154       50.00000    
   110.7692       50.00000    
> -G093/222/241
   124.6154       40.00000    
   138.4615       40.00000    
   138.4615       50.00000    
   124.6154       50.00000    
> -G161/242/175
   138.4615       40.00000    
   152.3077       40.00000    
   152.3077       50.00000    
   138.4615       50.00000    
> -G176/246/167
   152.3077       40.00000    
   166.1539       40.00000    
   166.1539       50.00000    
   152.3077       50.00000    
> -G159/242/176
   166.1539       40.00000    
   180.0000       40.00000    
   180.0000       50.00000    
   166.1539       50.00000    
> -G154/241/179
   180.0000       40.00000    
   193.8462       40.00000    
   193.8462       50.00000    
   180.0000       50.00000    
> -G119/233/206
   193.8462       40.00000    
   207.6923       40.00000    
   207.6923       50.00000    
   193.8462       50.00000    
> -G188/250/164
   207.6923       40.00000    
   221.5385       40.00000    
   221.5385       50.00000    
   207.6923       50.00000    
> -G174/245/167
   221.5385       40.00000    
   235.3846       40.00000    
   235.3846       50.00000    
   221.5385       50.00000    
> -G109/229/221
   235.3846       40.00000    
   249.2308       40.00000    
   249.2308       50.00000    
   235.3846       50.00000    
> -G205/254/161
   249.2308       40.00000    
   263.0769       40.00000    
   263.0769       50.00000    
   249.2308       50.00000    
> -G202/254/162
   263.0769       40.00000    
   276.9231       40.00000    
   276.9231       50.00000    
   263.0769       50.00000    
> -G195/252/163
   276.9231       40.00000    
   290.7693       40.00000    
   290.7693       50.00000    
   276.9231       50.00000    
> -G122/234/202
   290.7692       40.00000    
   304.6154       40.00000    
   304.6154       50.00000    
   290.7692       50.00000    
> -G186/249/165
   304.6154       40.00000    
   318.4615       40.00000    
   318.4615       50.00000    
   304.6154       50.00000    
> -G167/243/171
   318.4615       40.00000    
   332.3077       40.00000    
   332.3077       50.00000    
   318.4615       50.00000    
> -G178/247/166
   332.3077       40.00000    
   346.1539       40.00000    
   346.1539       50.00000    
   332.3077       50.00000    
> -G197/252/163
   346.1539       40.00000    
   360.0000       40.00000    
   360.0000       50.00000    
   346.1539       50.00000    
> -G175/246/167
  0.0000000E+00   30.00000    
   12.00000       30.00000    
   12.00000       40.00000    
  0.0000000E+00   40.00000    
> -G193/251/164
   12.00000       30.00000    
   24.00000       30.00000    
   24.00000       40.00000    
   12.00000       40.00000    
> -G131/236/194
   24.00000       30.00000    
   36.00000       30.00000    
   36.00000       40.00000    
   24.00000       40.00000    
> -G142/238/187
   36.00000       30.00000    
   48.00000       30.00000    
   48.00000       40.00000    
   36.00000       40.00000    
> -G119/233/206
   48.00000       30.00000    
   60.00000       30.00000    
   60.00000       40.00000    
   48.00000       40.00000    
> -G190/250/164
   60.00000       30.00000    
   72.00000       30.00000    
   72.00000       40.00000    
   60.00000       40.00000    
> -G172/245/167
   72.00000       30.00000    
   84.00000       30.00000    
   84.00000       40.00000    
   72.00000       40.00000    
> -G104/227/229
   84.00000       30.00000    
   96.00000       30.00000    
   96.00000       40.00000    
   84.00000       40.00000    
> -G129/236/196
   96.00000       30.00000    
   108.0000       30.00000    
   108.0000       40.00000    
   96.00000       40.00000    
> -G121/234/203
   108.0000       30.00000    
   120.0000       30.00000    
   120.0000       40.00000    
   108.0000       40.00000    
> -G103/227/230
   120.0000       30.00000    
   132.0000       30.00000    
   132.0000       40.00000    
   120.0000       40.00000    
> -G122/234/202
   132.0000       30.00000    
   144.0000       30.00000    
   144.0000       40.00000    
   132.0000       40.00000    
> -G169/244/169
   144.0000       30.00000    
   156.0000       30.00000    
   156.0000       40.00000    
   144.0000       40.00000    
> -G174/245/167
   156.0000       30.00000    
   168.0000       30.00000    
   168.0000       40.00000    
   156.0000       40.00000    
> -G146/239/184
   168.0000       30.00000    
   180.0000       30.00000    
   180.0000       40.00000    
   168.0000       40.00000    
> -G178/246/166
   180.0000       30.00000    
   192.0000       30.00000    
   192.0000       40.00000    
   180.0000       40.00000    
> -G148/240/183
   192.0000       30.00000    
   204.0000       30.00000    
   204.0000       40.00000    
   192.0000       40.00000    
> -G181/247/166
   204.0000       30.00000    
   216.0000       30.00000    
   216.0000       40.00000    
   204.0000       40.00000    
> -G132/236/194
   216.0000       30.00000    
   228.0000       30.00000    
   228.0000       40.00000    
   216.0000       40.00000    
> -G204/254/162
   228.0000       30.00000    
   240.0000       30.00000    
   240.0000       40.00000    
   228.0000       40.00000    
> -G212/251/153
   240.0000       30.00000    
   252.0000       30.00000    
   252.0000       40.00000    
   240.0000       40.00000    
> -G127/235/197
   252.0000       30.00000    
   264.0000       30.00000    
   264.0000       40.00000    
   252.0000       40.00000    
> -G157/242/177
   264.0000       30.00000    
   276.0000       30.00000    
   276.0000       40.00000    
   264.0000       40.00000    
> -G185/249/165
   276.0000       30.00000    
   288.0000       30.00000    
   288.0000       40.00000    
   276.0000       40.00000    
> -G099/225/236
   288.0000       30.00000    
   300.0000       30.00000    
   300.0000       40.00000    
   288.0000       40.00000    
> -G154/241/179
   300.0000       30.00000    
   312.0000       30.00000    
   312.0000       40.00000    
   300.0000       40.00000    
> -G180/247/166
   312.0000       30.00000    
   324.0000       30.00000    
   324.0000       40.00000    
   312.0000       40.00000    
> -G172/245/167
   324.0000       30.00000    
   336.0000       30.00000    
   336.0000       40.00000    
   324.0000       40.00000    
> -G179/247/166
   336.0000       30.00000    
   348.0000       30.00000    
   348.0000       40.00000    
   336.0000       40.00000    
> -G180/247/166
   348.0000       30.00000    
   360.0000       30.00000    
   360.0000       40.00000    
   348.0000       40.00000    
> -G146/239/185
  0.0000000E+00   20.00000    
   11.25000       20.00000    
   11.25000       30.00000    
  0.0000000E+00   30.00000    
> -G174/245/167
   11.25000       20.00000    
   22.50000       20.00000    
   22.50000       30.00000    
   11.25000       30.00000    
> -G181/247/166
   22.50000       20.00000    
   33.75000       20.00000    
   33.75000       30.00000    
   22.50000       30.00000    
> -G195/252/163
   33.75000       20.00000    
   45.00000       20.00000    
   45.00000       30.00000    
   33.75000       30.00000    
> -G207/253/159
   45.00000       20.00000    
   56.25000       20.00000    
   56.25000       30.00000    
   45.00000       30.00000    
> -G192/251/164
   56.25000       20.00000    
   67.50000       20.00000    
   67.50000       30.00000    
   56.25000       30.00000    
> -G137/237/190
   67.50000       20.00000    
   78.75000       20.00000    
   78.75000       30.00000    
   67.50000       30.00000    
> -G124/235/199
   78.75000       20.00000    
   90.00000       20.00000    
   90.00000       30.00000    
   78.75000       30.00000    
> -G133/237/193
   90.00000       20.00000    
   101.2500       20.00000    
   101.2500       30.00000    
   90.00000       30.00000    
> -G107/228/225
   101.2500       20.00000    
   112.5000       20.00000    
   112.5000       30.00000    
   101.2500       30.00000    
> -G187/249/165
   112.5000       20.00000    
   123.7500       20.00000    
   123.7500       30.00000    
   112.5000       30.00000    
> -G160/242/175
   123.7500       20.00000    
   135.0000       20.00000    
   135.0000       30.00000    
   123.7500       30.00000    
> -G183/248/165
   135.0000       20.00000    
   146.2500       20.00000    
   146.2500       30.00000    
   135.0000       30.00000    
> -G203/254/162
   146.2500       20.00000    
   157.5000       20.00000    
   157.5000       30.00000    
   146.2500       30.00000    
> -G121/234/203
   157.5000       20.00000    
   168.7500       20.00000    
   168.7500       30.00000    
   157.5000       30.00000    
> -G176/246/167
   168.7500       20.00000    
   180.0000       20.00000    
   180.0000       30.00000    
   168.7500       30.00000    
> -G158/242/176
   180.0000       20.00000    
   191.2500       20.00000    
   191.2500       30.00000    
   180.0000       30.00000    
> -G178/247/166
   191.2500       20.00000    
   202.5000       20.00000    
   202.5000       30.00000    
   191.2500       30.00000    
> -G189/250/164
   202.5000       20.00000    
   213.7500       20.00000    
   213.7500       30.00000    
   202.5000       30.00000    
> -G155/241/179
   213.7500       20.00000    
   225.0000       20.00000    
   225.0000       30.00000    
   213.7500       30.00000    
> -G205/254/161
   225.0000       20.00000    
   236.2500       20.00000    
   236.2500       30.00000    
   225.0000       30.00000    
> -G152/241/180
   236.2500       20.00000    
   247.5000       20.00000    
   247.5000       30.00000    
   236.2500       30.00000    
> -G147/239/184
   247.5000       20.00000    
   258.7500       20.00000    
   258.7500       30.00000    
   247.5000       30.00000    
> -G123/234/201
   258.7500       20.00000    
   270.0000       20.00000    
   270.0000       30.00000    
   258.7500       30.00000    
> -G134/237/192
   270.0000       20.00000    
   281.2500       20.00000    
   281.2500       30.00000    
   270.0000       30.00000    
> -G124/235/199
   281.2500       20.00000    
   292.5000       20.00000    
   292.5000       30.00000    
   281.2500       30.00000    
> -G117/232/209
   292.5000       20.00000    
   303.7500       20.00000    
   303.7500       30.00000    
   292.5000       30.00000    
> -G171/244/168
   303.7500       20.00000    
   315.0000       20.00000    
   315.0000       30.00000    
   303.7500       30.00000    
> -G159/242/176
   315.0000       20.00000    
   326.2500       20.00000    
   326.2500       30.00000    
   315.0000       30.00000    
> -G177/246/167
   326.2500       20.00000    
   337.5000       20.00000    
   337.5000       30.00000    
   326.2500       30.00000    
> -G191/250/164
   337.5000       20.00000    
   348.7500       20.00000    
   348.7500       30.00000    
   337.5000       30.00000    
> -G196/252/163
   348.7500       20.00000    
   360.0000       20.00000    
   360.0000       30.00000    
   348.7500       30.00000    
> -G149/240/182
  0.0000000E+00   10.00000    
   10.58823       10.00000    
   10.58823       20.00000    
  0.0000000E+00   20.00000    
> -G184/248/165
   10.58823       10.00000    
   21.17647       10.00000    
   21.17647       20.00000    
   10.58823       20.00000    
> -G145/239/185
   21.17647       10.00000    
   31.76471       10.00000    
   31.76471       20.00000    
   21.17647       20.00000    
> -G180/247/166
   31.76471       10.00000    
   42.35294       10.00000    
   42.35294       20.00000    
   31.76471       20.00000    
> -G205/254/161
   42.35294       10.00000    
   52.94117       10.00000    
   52.94117       20.00000    
   42.35294       20.00000    
> -G209/252/156
   52.94117       10.00000    
   63.52941       10.00000    
   63.52941       20.00000    
   52.94117       20.00000    
> -G154/241/179
   63.52941       10.00000    
   74.11765       10.00000    
   74.11765       20.00000    
   63.52941       20.00000    
> -G083/214/246
   74.11765       10.00000    
   84.70588       10.00000    
   84.70588       20.00000    
   74.11765       20.00000    
> -G159/242/176
   84.70588       10.00000    
   95.29411       10.00000    
   95.29411       20.00000    
   84.70588       20.00000    
> -G136/237/191
   95.29411       10.00000    
   105.8823       10.00000    
   105.8823       20.00000    
   95.29411       20.00000    
> -G146/239/185
   105.8823       10.00000    
   116.4706       10.00000    
   116.4706       20.00000    
   105.8823       20.00000    
> -G178/246/166
   116.4706       10.00000    
   127.0588       10.00000    
   127.0588       20.00000    
   116.4706       20.00000    
> -G174/245/167
   127.0588       10.00000    
   137.6471       10.00000    
   137.6471       20.00000    
   127.0588       20.00000    
> -G177/246/166
   137.6470       10.00000    
   148.2353       10.00000    
   148.2353       20.00000    
   137.6470       20.00000    
> -G174/245/167
   148.2353       10.00000    
   158.8235       10.00000    
   158.8235       20.00000    
   148.2353       20.00000    
> -G229/241/133
   158.8235       10.00000    
   169.4118       10.00000    
   169.4118       20.00000    
   158.8235       20.00000    
> -G217/247/146
   169.4118       10.00000    
   180.0000       10.00000    
   180.0000       20.00000    
   169.4118       20.00000    
> -G200/253/162
   180.0000       10.00000    
   190.5882       10.00000    
   190.5882       20.00000    
   180.0000       20.00000    
> -G213/250/152
   190.5882       10.00000    
   201.1765       10.00000    
   201.1765       20.00000    
   190.5882       20.00000    
> -G190/250/164
   201.1765       10.00000    
   211.7647       10.00000    
   211.7647       20.00000    
   201.1765       20.00000    
> -G165/243/172
   211.7647       10.00000    
   222.3529       10.00000    
   222.3529       20.00000    
   211.7647       20.00000    
> -G168/244/170
   222.3529       10.00000    
   232.9412       10.00000    
   232.9412       20.00000    
   222.3529       20.00000    
> -G183/248/165
   232.9412       10.00000    
   243.5294       10.00000    
   243.5294       20.00000    
   232.9412       20.00000    
> -G181/248/166
   243.5294       10.00000    
   254.1176       10.00000    
   254.1176       20.00000    
   243.5294       20.00000    
> -G204/254/162
   254.1176       10.00000    
   264.7059       10.00000    
   264.7059       20.00000    
   254.1176       20.00000    
> -G187/249/165
   264.7059       10.00000    
   275.2941       10.00000    
   275.2941       20.00000    
   264.7059       20.00000    
> -G130/236/195
   275.2941       10.00000    
   285.8823       10.00000    
   285.8823       20.00000    
   275.2941       20.00000    
> -G192/251/164
   285.8824       10.00000    
   296.4706       10.00000    
   296.4706       20.00000    
   285.8824       20.00000    
> -G122/234/202
   296.4706       10.00000    
   307.0588       10.00000    
   307.0588       20.00000    
   296.4706       20.00000    
> -G181/247/166
   307.0588       10.00000    
   317.6470       10.00000    
   317.6470       20.00000    
   307.0588       20.00000    
> -G157/242/177
   317.6470       10.00000    
   328.2353       10.00000    
   328.2353       20.00000    
   317.6470       20.00000    
> -G136/237/191
   328.2353       10.00000    
   338.8235       10.00000    
   338.8235       20.00000    
   328.2353       20.00000    
> -G223/244/140
   338.8235       10.00000    
   349.4117       10.00000    
   349.4117       20.00000    
   338.8235       20.00000    
> -G199/253/163
   349.4117       10.00000    
   360.0000       10.00000    
   360.0000       20.00000    
   349.4117       20.00000    
> -G144/239/186
  0.0000000E+00  0.0000000E+00
   10.00000      0.0000000E+00
   10.00000       10.00000    
  0.0000000E+00   10.00000    
> -G176/246/167
   10.00000      0.0000000E+00
   20.00000      0.0000000E+00
   20.00000       10.00000    
   10.00000       10.00000    
> -G168/244/170
   20.00000      0.0000000E+00
   30.00000      0.0000000E+00
   30.00000       10.00000    
   20.00000       10.00000    
> -G168/244/170
   30.00000      0.0000000E+00
   40.00000      0.0000000E+00
   40.00000       10.00000    
   30.00000       10.00000    
> -G134/237/192
   40.00000      0.0000000E+00
   50.00000      0.0000000E+00
   50.00000       10.00000    
   40.00000       10.00000    
> -G183/248/165
   50.00000      0.0000000E+00
   60.00000      0.0000000E+00
   60.00000       10.00000    
   50.00000       10.00000    
> -G200/253/162
   60.00000      0.0000000E+00
   70.00000      0.0000000E+00
   70.00000       10.00000    
   60.00000       10.00000    
> -G171/244/168
   70.00000      0.0000000E+00
   80.00000      0.0000000E+00
   80.00000       10.00000    
   70.00000       10.00000    
> -G121/234/203
   80.00000      0.0000000E+00
   90.00000      0.0000000E+00
   90.00000       10.00000    
   80.00000       10.00000    
> -G177/246/166
   90.00000      0.0000000E+00
   100.0000      0.0000000E+00
   100.0000       10.00000    
   90.00000       10.00000    
> -G189/250/164
   100.0000      0.0000000E+00
   110.0000      0.0000000E+00
   110.0000       10.00000    
   100.0000       10.00000    
> -G195/252/163
   110.0000      0.0000000E+00
   120.0000      0.0000000E+00
   120.0000       10.00000    
   110.0000       10.00000    
> -G160/242/175
   120.0000      0.0000000E+00
   130.0000      0.0000000E+00
   130.0000       10.00000    
   120.0000       10.00000    
> -G132/236/194
   130.0000      0.0000000E+00
   140.0000      0.0000000E+00
   140.0000       10.00000    
   130.0000       10.00000    
> -G147/239/184
   140.0000      0.0000000E+00
   150.0000      0.0000000E+00
   150.0000       10.00000    
   140.0000       10.00000    
> -G185/248/165
   150.0000      0.0000000E+00
   160.0000      0.0000000E+00
   160.0000       10.00000    
   150.0000       10.00000    
> -G219/247/145
   160.0000      0.0000000E+00
   170.0000      0.0000000E+00
   170.0000       10.00000    
   160.0000       10.00000    
> -G177/246/167
   170.0000      0.0000000E+00
   180.0000      0.0000000E+00
   180.0000       10.00000    
   170.0000       10.00000    
> -G166/243/171
   180.0000      0.0000000E+00
   190.0000      0.0000000E+00
   190.0000       10.00000    
   180.0000       10.00000    
> -G222/245/140
   190.0000      0.0000000E+00
   200.0000      0.0000000E+00
   200.0000       10.00000    
   190.0000       10.00000    
> -G230/241/132
   200.0000      0.0000000E+00
   210.0000      0.0000000E+00
   210.0000       10.00000    
   200.0000       10.00000    
> -G173/245/167
   210.0000      0.0000000E+00
   220.0000      0.0000000E+00
   220.0000       10.00000    
   210.0000       10.00000    
> -G118/232/208
   220.0000      0.0000000E+00
   230.0000      0.0000000E+00
   230.0000       10.00000    
   220.0000       10.00000    
> -G119/233/206
   230.0000      0.0000000E+00
   240.0000      0.0000000E+00
   240.0000       10.00000    
   230.0000       10.00000    
> -G143/239/187
   240.0000      0.0000000E+00
   250.0000      0.0000000E+00
   250.0000       10.00000    
   240.0000       10.00000    
> -G180/247/166
   250.0000      0.0000000E+00
   260.0000      0.0000000E+00
   260.0000       10.00000    
   250.0000       10.00000    
> -G194/251/163
   260.0000      0.0000000E+00
   270.0000      0.0000000E+00
   270.0000       10.00000    
   260.0000       10.00000    
> -G169/244/169
   270.0000      0.0000000E+00
   280.0000      0.0000000E+00
   280.0000       10.00000    
   270.0000       10.00000    
> -G141/238/188
   280.0000      0.0000000E+00
   290.0000      0.0000000E+00
   290.0000       10.00000    
   280.0000       10.00000    
> -G147/239/184
   290.0000      0.0000000E+00
   300.0000      0.0000000E+00
   300.0000       10.00000    
   290.0000       10.00000    
> -G196/252/163
   300.0000      0.0000000E+00
   310.0000      0.0000000E+00
   310.0000       10.00000    
   300.0000       10.00000    
> -G217/248/146
   310.0000      0.0000000E+00
   320.0000      0.0000000E+00
   320.0000       10.00000    
   310.0000       10.00000    
> -G153/241/180
   320.0000      0.0000000E+00
   330.0000      0.0000000E+00
   330.0000       10.00000    
   320.0000       10.00000    
> -G142/238/187
   330.0000      0.0000000E+00
   340.0000      0.0000000E+00
   340.0000       10.00000    
   330.0000       10.00000    
> -G211/251/154
   340.0000      0.0000000E+00
   350.0000      0.0000000E+00
   350.0000       10.00000    
   340.0000       10.00000    
> -G172/245/167
   350.0000      0.0000000E+00
   360.0000      0.0000000E+00
   360.0000       10.00000    
   350.0000       10.00000    
> -G207/253/159
  0.0000000E+00  -10.00000    
   10.00000      -10.00000    
   10.00000      0.0000000E+00
  0.0000000E+00  0.0000000E+00
> -G182/248/166
   10.00000      -10.00000    
   20.00000      -10.00000    
   20.00000      0.0000000E+00
   10.00000      0.0000000E+00
> -G181/247/166
   20.00000      -10.00000    
   30.00000      -10.00000    
   30.00000      0.0000000E+00
   20.00000      0.0000000E+00
> -G196/252/163
   30.00000      -10.00000    
   40.00000      -10.00000    
   40.00000      0.0000000E+00
   30.00000      0.0000000E+00
> -G145/239/185
   40.00000      -10.00000    
   50.00000      -10.00000    
   50.00000      0.0000000E+00
   40.00000      0.0000000E+00
> -G190/250/164
   50.00000      -10.00000    
   60.00000      -10.00000    
   60.00000      0.0000000E+00
   50.00000      0.0000000E+00
> -G188/249/165
   60.00000      -10.00000    
   70.00000      -10.00000    
   70.00000      0.0000000E+00
   60.00000      0.0000000E+00
> -G159/242/176
   70.00000      -10.00000    
   80.00000      -10.00000    
   80.00000      0.0000000E+00
   70.00000      0.0000000E+00
> -G125/235/198
   80.00000      -10.00000    
   90.00000      -10.00000    
   90.00000      0.0000000E+00
   80.00000      0.0000000E+00
> -G117/232/210
   90.00000      -10.00000    
   100.0000      -10.00000    
   100.0000      0.0000000E+00
   90.00000      0.0000000E+00
> -G167/244/170
   100.0000      -10.00000    
   110.0000      -10.00000    
   110.0000      0.0000000E+00
   100.0000      0.0000000E+00
> -G153/241/180
   110.0000      -10.00000    
   120.0000      -10.00000    
   120.0000      0.0000000E+00
   110.0000      0.0000000E+00
> -G140/238/189
   120.0000      -10.00000    
   130.0000      -10.00000    
   130.0000      0.0000000E+00
   120.0000      0.0000000E+00
> -G210/251/155
   130.0000      -10.00000    
   140.0000      -10.00000    
   140.0000      0.0000000E+00
   130.0000      0.0000000E+00
> -G199/253/163
   140.0000      -10.00000    
   150.0000      -10.00000    
   150.0000      0.0000000E+00
   140.0000      0.0000000E+00
> -G225/244/138
   150.0000      -10.00000    
   160.0000      -10.00000    
   160.0000      0.0000000E+00
   150.0000      0.0000000E+00
> -G210/252/156
   160.0000      -10.00000    
   170.0000      -10.00000    
   170.0000      0.0000000E+00
   160.0000      0.0000000E+00
> -G223/244/140
   170.0000      -10.00000    
   180.0000      -10.00000    
   180.0000      0.0000000E+00
   170.0000      0.0000000E+00
> -G209/252/156
   180.0000      -10.00000    
   190.0000      -10.00000    
   190.0000      0.0000000E+00
   180.0000      0.0000000E+00
> -G246/215/104
   190.0000      -10.00000    
   200.0000      -10.00000    
   200.0000      0.0000000E+00
   190.0000      0.0000000E+00
> -G248/205/097
   200.0000      -10.00000    
   210.0000      -10.00000    
   210.0000      0.0000000E+00
   200.0000      0.0000000E+00
> -G215/249/149
   210.0000      -10.00000    
   220.0000      -10.00000    
   220.0000      0.0000000E+00
   210.0000      0.0000000E+00
> -G150/240/182
   220.0000      -10.00000    
   230.0000      -10.00000    
   230.0000      0.0000000E+00
   220.0000      0.0000000E+00
> -G164/243/172
   230.0000      -10.00000    
   240.0000      -10.00000    
   240.0000      0.0000000E+00
   230.0000      0.0000000E+00
> -G184/248/165
   240.0000      -10.00000    
   250.0000      -10.00000    
   250.0000      0.0000000E+00
   240.0000      0.0000000E+00
> -G231/240/131
   250.0000      -10.00000    
   260.0000      -10.00000    
   260.0000      0.0000000E+00
   250.0000      0.0000000E+00
> -G179/247/166
   260.0000      -10.00000    
   270.0000      -10.00000    
   270.0000      0.0000000E+00
   260.0000      0.0000000E+00
> -G116/232/210
   270.0000      -10.00000    
   280.0000      -10.00000    
   280.0000      0.0000000E+00
   270.0000      0.0000000E+00
> -G170/244/168
   280.0000      -10.00000    
   290.0000      -10.00000    
   290.0000      0.0000000E+00
   280.0000      0.0000000E+00
> -G175/245/167
   290.0000      -10.00000    
   300.0000      -10.00000    
   300.0000      0.0000000E+00
   290.0000      0.0000000E+00
> -G140/238/189
   300.0000      -10.00000    
   310.0000      -10.00000    
   310.0000      0.0000000E+00
   300.0000      0.0000000E+00
> -G147/239/184
   310.0000      -10.00000    
   320.0000      -10.00000    
   320.0000      0.0000000E+00
   310.0000      0.0000000E+00
> -G183/248/165
   320.0000      -10.00000    
   330.0000      -10.00000    
   330.0000      0.0000000E+00
   320.0000      0.0000000E+00
> -G142/238/187
   330.0000      -10.00000    
   340.0000      -10.00000    
   340.0000      0.0000000E+00
   330.0000      0.0000000E+00
> -G201/253/162
   340.0000      -10.00000    
   350.0000      -10.00000    
   350.0000      0.0000000E+00
   340.0000      0.0000000E+00
> -G207/253/159
   350.0000      -10.00000    
   360.0000      -10.00000    
   360.0000      0.0000000E+00
   350.0000      0.0000000E+00
> -G183/248/165
  0.0000000E+00  -20.00000    
   10.58823      -20.00000    
   10.58823      -10.00000    
  0.0000000E+00  -10.00000    
> -G195/252/163
   10.58823      -20.00000    
   21.17647      -20.00000    
   21.17647      -10.00000    
   10.58823      -10.00000    
> -G200/253/162
   21.17647      -20.00000    
   31.76471      -20.00000    
   31.76471      -10.00000    
   21.17647      -10.00000    
> -G186/249/165
   31.76471      -20.00000    
   42.35294      -20.00000    
   42.35294      -10.00000    
   31.76471      -10.00000    
> -G188/250/164
   42.35294      -20.00000    
   52.94117      -20.00000    
   52.94117      -10.00000    
   42.35294      -10.00000    
> -G173/245/167
   52.94117      -20.00000    
   63.52941      -20.00000    
   63.52941      -10.00000    
   52.94117      -10.00000    
> -G173/245/167
   63.52941      -20.00000    
   74.11765      -20.00000    
   74.11765      -10.00000    
   63.52941      -10.00000    
> -G143/239/186
   74.11765      -20.00000    
   84.70588      -20.00000    
   84.70588      -10.00000    
   74.11765      -10.00000    
> -G129/236/196
   84.70588      -20.00000    
   95.29411      -20.00000    
   95.29411      -10.00000    
   84.70588      -10.00000    
> -G174/245/167
   95.29411      -20.00000    
   105.8823      -20.00000    
   105.8823      -10.00000    
   95.29411      -10.00000    
> -G175/246/167
   105.8823      -20.00000    
   116.4706      -20.00000    
   116.4706      -10.00000    
   105.8823      -10.00000    
> -G115/231/212
   116.4706      -20.00000    
   127.0588      -20.00000    
   127.0588      -10.00000    
   116.4706      -10.00000    
> -G117/232/209
   127.0588      -20.00000    
   137.6471      -20.00000    
   137.6471      -10.00000    
   127.0588      -10.00000    
> -G223/244/139
   137.6470      -20.00000    
   148.2353      -20.00000    
   148.2353      -10.00000    
   137.6470      -10.00000    
> -G222/245/141
   148.2353      -20.00000    
   158.8235      -20.00000    
   158.8235      -10.00000    
   148.2353      -10.00000    
> -G191/250/164
   158.8235      -20.00000    
   169.4118      -20.00000    
   169.4118      -10.00000    
   158.8235      -10.00000    
> -G204/254/162
   169.4118      -20.00000    
   180.0000      -20.00000    
   180.0000      -10.00000    
   169.4118      -10.00000    
> -G199/253/163
   180.0000      -20.00000    
   190.5882      -20.00000    
   190.5882      -10.00000    
   180.0000      -10.00000    
> -G227/242/135
   190.5882      -20.00000    
   201.1765      -20.00000    
   201.1765      -10.00000    
   190.5882      -10.00000    
> -G204/254/162
   201.1765      -20.00000    
   211.7647      -20.00000    
   211.7647      -10.00000    
   201.1765      -10.00000    
> -G171/244/168
   211.7647      -20.00000    
   222.3529      -20.00000    
   222.3529      -10.00000    
   211.7647      -10.00000    
> -G177/246/166
   222.3529      -20.00000    
   232.9412      -20.00000    
   232.9412      -10.00000    
   222.3529      -10.00000    
> -G185/248/165
   232.9412      -20.00000    
   243.5294      -20.00000    
   243.5294      -10.00000    
   232.9412      -10.00000    
> -G213/250/151
   243.5294      -20.00000    
   254.1176      -20.00000    
   254.1176      -10.00000    
   243.5294      -10.00000    
> -G216/248/148
   254.1176      -20.00000    
   264.7059      -20.00000    
   264.7059      -10.00000    
   254.1176      -10.00000    
> -G152/240/180
   264.7059      -20.00000    
   275.2941      -20.00000    
   275.2941      -10.00000    
   264.7059      -10.00000    
> -G130/236/195
   275.2941      -20.00000    
   285.8823      -20.00000    
   285.8823      -10.00000    
   275.2941      -10.00000    
> -G189/250/164
   285.8824      -20.00000    
   296.4706      -20.00000    
   296.4706      -10.00000    
   285.8824      -10.00000    
> -G108/229/223
   296.4706      -20.00000    
   307.0588      -20.00000    
   307.0588      -10.00000    
   296.4706      -10.00000    
> -G114/231/214
   307.0588      -20.00000    
   317.6470      -20.00000    
   317.6470      -10.00000    
   307.0588      -10.00000    
> -G161/242/175
   317.6470      -20.00000    
   328.2353      -20.00000    
   328.2353      -10.00000    
   317.6470      -10.00000    
> -G150/240/182
   328.2353      -20.00000    
   338.8235      -20.00000    
   338.8235      -10.00000    
   328.2353      -10.00000    
> -G184/248/165
   338.8235      -20.00000    
   349.4117      -20.00000    
   349.4117      -10.00000    
   338.8235      -10.00000    
> -G192/251/164
   349.4117      -20.00000    
   360.0000      -20.00000    
   360.0000      -10.00000    
   349.4117      -10.00000    
> -G205/254/161
  0.0000000E+00  -30.00000    
   11.25000      -30.00000    
   11.25000      -20.00000    
  0.0000000E+00  -20.00000    
> -G198/252/163
   11.25000      -30.00000    
   22.50000      -30.00000    
   22.50000      -20.00000    
   11.25000      -20.00000    
> -G212/251/153
   22.50000      -30.00000    
   33.75000      -30.00000    
   33.75000      -20.00000    
   22.50000      -20.00000    
> -G181/247/166
   33.75000      -30.00000    
   45.00000      -30.00000    
   45.00000      -20.00000    
   33.75000      -20.00000    
> -G182/248/166
   45.00000      -30.00000    
   56.25000      -30.00000    
   56.25000      -20.00000    
   45.00000      -20.00000    
> -G163/243/173
   56.25000      -30.00000    
   67.50000      -30.00000    
   67.50000      -20.00000    
   56.25000      -20.00000    
> -G192/251/164
   67.50000      -30.00000    
   78.75000      -30.00000    
   78.75000      -20.00000    
   67.50000      -20.00000    
> -G121/234/203
   78.75000      -30.00000    
   90.00000      -30.00000    
   90.00000      -20.00000    
   78.75000      -20.00000    
> -G183/248/165
   90.00000      -30.00000    
   101.2500      -30.00000    
   101.2500      -20.00000    
   90.00000      -20.00000    
> -G190/250/164
   101.2500      -30.00000    
   112.5000      -30.00000    
   112.5000      -20.00000    
   101.2500      -20.00000    
> -G154/241/179
   112.5000      -30.00000    
   123.7500      -30.00000    
   123.7500      -20.00000    
   112.5000      -20.00000    
> -G167/244/171
   123.7500      -30.00000    
   135.0000      -30.00000    
   135.0000      -20.00000    
   123.7500      -20.00000    
> -G157/241/177
   135.0000      -30.00000    
   146.2500      -30.00000    
   146.2500      -20.00000    
   135.0000      -20.00000    
> -G110/230/219
   146.2500      -30.00000    
   157.5000      -30.00000    
   157.5000      -20.00000    
   146.2500      -20.00000    
> -G114/231/213
   157.5000      -30.00000    
   168.7500      -30.00000    
   168.7500      -20.00000    
   157.5000      -20.00000    
> -G118/233/207
   168.7500      -30.00000    
   180.0000      -30.00000    
   180.0000      -20.00000    
   168.7500      -20.00000    
> -G176/246/167
   180.0000      -30.00000    
   191.2500      -30.00000    
   191.2500      -20.00000    
   180.0000      -20.00000    
> -G218/247/146
   191.2500      -30.00000    
   202.5000      -30.00000    
   202.5000      -20.00000    
   191.2500      -20.00000    
> -G229/241/133
   202.5000      -30.00000    
   213.7500      -30.00000    
   213.7500      -20.00000    
   202.5000      -20.00000    
> -G166/243/171
   213.7500      -30.00000    
   225.0000      -30.00000    
   225.0000      -20.00000    
   213.7500      -20.00000    
> -G152/240/181
   225.0000      -30.00000    
   236.2500      -30.00000    
   236.2500      -20.00000    
   225.0000      -20.00000    
> -G182/248/166
   236.2500      -30.00000    
   247.5000      -30.00000    
   247.5000      -20.00000    
   236.2500      -20.00000    
> -G189/250/164
   247.5000      -30.00000    
   258.7500      -30.00000    
   258.7500      -20.00000    
   247.5000      -20.00000    
> -G225/244/138
   258.7500      -30.00000    
   270.0000      -30.00000    
   270.0000      -20.00000    
   258.7500      -20.00000    
> -G185/249/165
   270.0000      -30.00000    
   281.2500      -30.00000    
   281.2500      -20.00000    
   270.0000      -20.00000    
> -G172/245/167
   281.2500      -30.00000    
   292.5000      -30.00000    
   292.5000      -20.00000    
   281.2500      -20.00000    
> -G174/245/167
   292.5000      -30.00000    
   303.7500      -30.00000    
   303.7500      -20.00000    
   292.5000      -20.00000    
> -G145/239/185
   303.7500      -30.00000    
   315.0000      -30.00000    
   315.0000      -20.00000    
   303.7500      -20.00000    
> -G130/236/195
   315.0000      -30.00000    
   326.2500      -30.00000    
   326.2500      -20.00000    
   315.0000      -20.00000    
> -G120/233/204
   326.2500      -30.00000    
   337.5000      -30.00000    
   337.5000      -20.00000    
   326.2500      -20.00000    
> -G176/246/167
   337.5000      -30.00000    
   348.7500      -30.00000    
   348.7500      -20.00000    
   337.5000      -20.00000    
> -G177/246/167
   348.7500      -30.00000    
   360.0000      -30.00000    
   360.0000      -20.00000    
   348.7500      -20.00000    
> -G193/251/164
  0.0000000E+00  -40.00000    
   12.00000      -40.00000    
   12.00000      -30.00000    
  0.0000000E+00  -30.00000    
> -G198/252/163
   12.00000      -40.00000    
   24.00000      -40.00000    
   24.00000      -30.00000    
   12.00000      -30.00000    
> -G183/248/165
   24.00000      -40.00000    
   36.00000      -40.00000    
   36.00000      -30.00000    
   24.00000      -30.00000    
> -G174/245/167
   36.00000      -40.00000    
   48.00000      -40.00000    
   48.00000      -30.00000    
   36.00000      -30.00000    
> -G189/250/164
   48.00000      -40.00000    
   60.00000      -40.00000    
   60.00000      -30.00000    
   48.00000      -30.00000    
> -G200/253/162
   60.00000      -40.00000    
   72.00000      -40.00000    
   72.00000      -30.00000    
   60.00000      -30.00000    
> -G198/253/163
   72.00000      -40.00000    
   84.00000      -40.00000    
   84.00000      -30.00000    
   72.00000      -30.00000    
> -G198/253/163
   84.00000      -40.00000    
   96.00000      -40.00000    
   96.00000      -30.00000    
   84.00000      -30.00000    
> -G194/251/163
   96.00000      -40.00000    
   108.0000      -40.00000    
   108.0000      -30.00000    
   96.00000      -30.00000    
> -G164/243/172
   108.0000      -40.00000    
   120.0000      -40.00000    
   120.0000      -30.00000    
   108.0000      -30.00000    
> -G151/240/181
   120.0000      -40.00000    
   132.0000      -40.00000    
   132.0000      -30.00000    
   120.0000      -30.00000    
> -G118/233/207
   132.0000      -40.00000    
   144.0000      -40.00000    
   144.0000      -30.00000    
   132.0000      -30.00000    
> -G154/241/179
   144.0000      -40.00000    
   156.0000      -40.00000    
   156.0000      -30.00000    
   144.0000      -30.00000    
> -G143/239/186
   156.0000      -40.00000    
   168.0000      -40.00000    
   168.0000      -30.00000    
   156.0000      -30.00000    
> -G195/252/163
   168.0000      -40.00000    
   180.0000      -40.00000    
   180.0000      -30.00000    
   168.0000      -30.00000    
> -G208/253/158
   180.0000      -40.00000    
   192.0000      -40.00000    
   192.0000      -30.00000    
   180.0000      -30.00000    
> -G217/248/147
   192.0000      -40.00000    
   204.0000      -40.00000    
   204.0000      -30.00000    
   192.0000      -30.00000    
> -G179/247/166
   204.0000      -40.00000    
   216.0000      -40.00000    
   216.0000      -30.00000    
   204.0000      -30.00000    
> -G143/239/186
   216.0000      -40.00000    
   228.0000      -40.00000    
   228.0000      -30.00000    
   216.0000      -30.00000    
> -G146/239/185
   228.0000      -40.00000    
   240.0000      -40.00000    
   240.0000      -30.00000    
   228.0000      -30.00000    
> -G176/246/167
   240.0000      -40.00000    
   252.0000      -40.00000    
   252.0000      -30.00000    
   240.0000      -30.00000    
> -G172/245/167
   252.0000      -40.00000    
   264.0000      -40.00000    
   264.0000      -30.00000    
   252.0000      -30.00000    
> -G178/246/166
   264.0000      -40.00000    
   276.0000      -40.00000    
   276.0000      -30.00000    
   264.0000      -30.00000    
> -G186/249/165
   276.0000      -40.00000    
   288.0000      -40.00000    
   288.0000      -30.00000    
   276.0000      -30.00000    
> -G174/245/167
   288.0000      -40.00000    
   300.0000      -40.00000    
   300.0000      -30.00000    
   288.0000      -30.00000    
> -G187/249/165
   300.0000      -40.00000    
   312.0000      -40.00000    
   312.0000      -30.00000    
   300.0000      -30.00000    
> -G183/248/165
   312.0000      -40.00000    
   324.0000      -40.00000    
   324.0000      -30.00000    
   312.0000      -30.00000    
> -G148/240/183
   324.0000      -40.00000    
   336.0000      -40.00000    
   336.0000      -30.00000    
   324.0000      -30.00000    
> -G185/248/165
   336.0000      -40.00000    
   348.0000      -40.00000    
   348.0000      -30.00000    
   336.0000      -30.00000    
> -G151/240/181
   348.0000      -40.00000    
   360.0000      -40.00000    
   360.0000      -30.00000    
   348.0000      -30.00000    
> -G183/248/165
  0.0000000E+00  -50.00000    
   13.84615      -50.00000    
   13.84615      -40.00000    
  0.0000000E+00  -40.00000    
> -G184/248/165
   13.84615      -50.00000    
   27.69231      -50.00000    
   27.69231      -40.00000    
   13.84615      -40.00000    
> -G171/244/168
   27.69231      -50.00000    
   41.53846      -50.00000    
   41.53846      -40.00000    
   27.69231      -40.00000    
> -G183/248/165
   41.53846      -50.00000    
   55.38462      -50.00000    
   55.38462      -40.00000    
   41.53846      -40.00000    
> -G196/252/163
   55.38462      -50.00000    
   69.23077      -50.00000    
   69.23077      -40.00000    
   55.38462      -40.00000    
> -G182/248/166
   69.23077      -50.00000    
   83.07693      -50.00000    
   83.07693      -40.00000    
   69.23077      -40.00000    
> -G145/239/185
   83.07693      -50.00000    
   96.92308      -50.00000    
   96.92308      -40.00000    
   83.07693      -40.00000    
> -G154/241/179
   96.92308      -50.00000    
   110.7692      -50.00000    
   110.7692      -40.00000    
   96.92308      -40.00000    
> -G120/233/205
   110.7692      -50.00000    
   124.6154      -50.00000    
   124.6154      -40.00000    
   110.7692      -40.00000    
> -G130/236/195
   124.6154      -50.00000    
   138.4615      -50.00000    
   138.4615      -40.00000    
   124.6154      -40.00000    
> -G121/234/203
   138.4615      -50.00000    
   152.3077      -50.00000    
   152.3077      -40.00000    
   138.4615      -40.00000    
> -G119/233/206
   152.3077      -50.00000    
   166.1539      -50.00000    
   166.1539      -40.00000    
   152.3077      -40.00000    
> -G149/240/182
   166.1539      -50.00000    
   180.0000      -50.00000    
   180.0000      -40.00000    
   166.1539      -40.00000    
> -G180/247/166
   180.0000      -50.00000    
   193.8462      -50.00000    
   193.8462      -40.00000    
   180.0000      -40.00000    
> -G192/251/164
   193.8462      -50.00000    
   207.6923      -50.00000    
   207.6923      -40.00000    
   193.8462      -40.00000    
> -G139/238/189
   207.6923      -50.00000    
   221.5385      -50.00000    
   221.5385      -40.00000    
   207.6923      -40.00000    
> -G167/244/171
   221.5385      -50.00000    
   235.3846      -50.00000    
   235.3846      -40.00000    
   221.5385      -40.00000    
> -G236/237/124
   235.3846      -50.00000    
   249.2308      -50.00000    
   249.2308      -40.00000    
   235.3846      -40.00000    
> -G201/253/162
   249.2308      -50.00000    
   263.0769      -50.00000    
   263.0769      -40.00000    
   249.2308      -40.00000    
> -G161/242/175
   263.0769      -50.00000    
   276.9231      -50.00000    
   276.9231      -40.00000    
   263.0769      -40.00000    
> -G108/229/222
   276.9231      -50.00000    
   290.7693      -50.00000    
   290.7693      -40.00000    
   276.9231      -40.00000    
> -G150/240/182
   290.7692      -50.00000    
   304.6154      -50.00000    
   304.6154      -40.00000    
   290.7692      -40.00000    
> -G167/244/170
   304.6154      -50.00000    
   318.4615      -50.00000    
   318.4615      -40.00000    
   304.6154      -40.00000    
> -G156/241/178
   318.4615      -50.00000    
   332.3077      -50.00000    
   332.3077      -40.00000    
   318.4615      -40.00000    
> -G184/248/165
   332.3077      -50.00000    
   346.1539      -50.00000    
   346.1539      -40.00000    
   332.3077      -40.00000    
> -G157/241/177
   346.1539      -50.00000    
   360.0000      -50.00000    
   360.0000      -40.00000    
   346.1539      -40.00000    
> -G185/249/165
  0.0000000E+00  -60.00000    
   18.00000      -60.00000    
   18.00000      -50.00000    
  0.0000000E+00  -50.00000    
> -G176/246/167
   18.00000      -60.00000    
   36.00000      -60.00000    
   36.00000      -50.00000    
   18.00000      -50.00000    
> -G188/249/165
   36.00000      -60.00000    
   54.00000      -60.00000    
   54.00000      -50.00000    
   36.00000      -50.00000    
> -G164/243/172
   54.00000      -60.00000    
   72.00000      -60.00000    
   72.00000      -50.00000    
   54.00000      -50.00000    
> -G179/247/166
   72.00000      -60.00000    
   90.00000      -60.00000    
   90.00000      -50.00000    
   72.00000      -50.00000    
> -G135/237/192
   90.00000      -60.00000    
   108.0000      -60.00000    
   108.0000      -50.00000    
   90.00000      -50.00000    
> -G146/239/184
   108.0000      -60.00000    
   126.0000      -60.00000    
   126.0000      -50.00000    
   108.0000      -50.00000    
> -G221/245/142
   126.0000      -60.00000    
   144.0000      -60.00000    
   144.0000      -50.00000    
   126.0000      -50.00000    
> -G203/254/162
   144.0000      -60.00000    
   162.0000      -60.00000    
   162.0000      -50.00000    
   144.0000      -50.00000    
> -G130/236/195
   162.0000      -60.00000    
   180.0000      -60.00000    
   180.0000      -50.00000    
   162.0000      -50.00000    
> -G121/233/204
   180.0000      -60.00000    
   198.0000      -60.00000    
   198.0000      -50.00000    
   180.0000      -50.00000    
> -G177/246/167
   198.0000      -60.00000    
   216.0000      -60.00000    
   216.0000      -50.00000    
   198.0000      -50.00000    
> -G211/251/153
   216.0000      -60.00000    
   234.0000      -60.00000    
   234.0000      -50.00000    
   216.0000      -50.00000    
> -G222/245/141
   234.0000      -60.00000    
   252.0000      -60.00000    
   252.0000      -50.00000    
   234.0000      -50.00000    
> -G153/241/180
   252.0000      -60.00000    
   270.0000      -60.00000    
   270.0000      -50.00000    
   252.0000      -50.00000    
> -G123/234/201
   270.0000      -60.00000    
   288.0000      -60.00000    
   288.0000      -50.00000    
   270.0000      -50.00000    
> -G113/231/215
   288.0000      -60.00000    
   306.0000      -60.00000    
   306.0000      -50.00000    
   288.0000      -50.00000    
> -G126/235/198
   306.0000      -60.00000    
   324.0000      -60.00000    
   324.0000      -50.00000    
   306.0000      -50.00000    
> -G159/242/176
   324.0000      -60.00000    
   342.0000      -60.00000    
   342.0000      -50.00000    
   324.0000      -50.00000    
> -G204/254/162
   342.0000      -60.00000    
   360.0000      -60.00000    
   360.0000      -50.00000    
   342.0000      -50.00000    
> -G165/243/172
  0.0000000E+00  -70.00000    
   22.50000      -70.00000    
   22.50000      -60.00000    
  0.0000000E+00  -60.00000    
> -G182/248/166
   22.50000      -70.00000    
   45.00000      -70.00000    
   45.00000      -60.00000    
   22.50000      -60.00000    
> -G208/252/157
   45.00000      -70.00000    
   67.50000      -70.00000    
   67.50000      -60.00000    
   45.00000      -60.00000    
> -G184/248/165
   67.50000      -70.00000    
   90.00000      -70.00000    
   90.00000      -60.00000    
   67.50000      -60.00000    
> -G172/245/167
   90.00000      -70.00000    
   112.5000      -70.00000    
   112.5000      -60.00000    
   90.00000      -60.00000    
> -G151/240/181
   112.5000      -70.00000    
   135.0000      -70.00000    
   135.0000      -60.00000    
   112.5000      -60.00000    
> -G155/241/179
   135.0000      -70.00000    
   157.5000      -70.00000    
   157.5000      -60.00000    
   135.0000      -60.00000    
> -G136/237/191
   157.5000      -70.00000    
   180.0000      -70.00000    
   180.0000      -60.00000    
   157.5000      -60.00000    
> -G152/241/180
   180.0000      -70.00000    
   202.5000      -70.00000    
   202.5000      -60.00000    
   180.0000      -60.00000    
> -G184/248/165
   202.5000      -70.00000    
   225.0000      -70.00000    
   225.0000      -60.00000    
   202.5000      -60.00000    
> -G212/251/153
   225.0000      -70.00000    
   247.5000      -70.00000    
   247.5000      -60.00000    
   225.0000      -60.00000    
> -G146/239/185
   247.5000      -70.00000    
   270.0000      -70.00000    
   270.0000      -60.00000    
   247.5000      -60.00000    
> -G159/242/176
   270.0000      -70.00000    
   292.5000      -70.00000    
   292.5000      -60.00000    
   270.0000      -60.00000    
> -G150/240/182
   292.5000      -70.00000    
   315.0000      -70.00000    
   315.0000      -60.00000    
   292.5000      -60.00000    
> -G136/237/191
   315.0000      -70.00000    
   337.5000      -70.00000    
   337.5000      -60.00000    
   315.0000      -60.00000    
> -G175/246/167
   337.5000      -70.00000    
   360.0000      -70.00000    
   360.0000      -60.00000    
   337.5000      -60.00000    
> -G142/238/187
  0.0000000E+00  -80.00000    
   36.00000      -80.00000    
   36.00000      -70.00000    
  0.0000000E+00  -70.00000    
> -G175/246/167
   36.00000      -80.00000    
   72.00000      -80.00000    
   72.00000      -70.00000    
   36.00000      -70.00000    
> -G187/249/165
   72.00000      -80.00000    
   108.0000      -80.00000    
   108.0000      -70.00000    
   72.00000      -70.00000    
> -G164/243/172
   108.0000      -80.00000    
   144.0000      -80.00000    
   144.0000      -70.00000    
   108.0000      -70.00000    
> -G140/238/189
   144.0000      -80.00000    
   180.0000      -80.00000    
   180.0000      -70.00000    
   144.0000      -70.00000    
> -G130/236/195
   180.0000      -80.00000    
   216.0000      -80.00000    
   216.0000      -70.00000    
   180.0000      -70.00000    
> -G175/246/167
   216.0000      -80.00000    
   252.0000      -80.00000    
   252.0000      -70.00000    
   216.0000      -70.00000    
> -G168/244/170
   252.0000      -80.00000    
   288.0000      -80.00000    
   288.0000      -70.00000    
   252.0000      -70.00000    
> -G127/235/197
   288.0000      -80.00000    
   324.0000      -80.00000    
   324.0000      -70.00000    
   288.0000      -70.00000    
> -G170/244/168
   324.0000      -80.00000    
   360.0000      -80.00000    
   360.0000      -70.00000    
   324.0000      -70.00000    
> -G145/239/185
  0.0000000E+00  -90.00000    
   90.00000      -90.00000    
   90.00000      -80.00000    
  0.0000000E+00  -80.00000    
> -G131/236/194
   90.00000      -90.00000    
   180.0000      -90.00000    
   180.0000      -80.00000    
   90.00000      -80.00000    
> -G140/238/188
   180.0000      -90.00000    
   270.0000      -90.00000    
   270.0000      -80.00000    
   180.0000      -80.00000    
> -G119/233/206
   270.0000      -90.00000    
   360.0000      -90.00000    
   360.0000      -80.00000    
   270.0000      -80.00000    
