> -G185/249/165
  0.0000000E+00   80.00000    
   90.00000       80.00000    
   90.00000       90.00000    
  0.0000000E+00   90.00000    
> -G176/246/167
   90.00000       80.00000    
   180.0000       80.00000    
   180.0000       90.00000    
   90.00000       90.00000    
> -G163/243/173
   180.0000       80.00000    
   270.0000       80.00000    
   270.0000       90.00000    
   180.0000       90.00000    
> -G095/223/240
   270.0000       80.00000    
   360.0000       80.00000    
   360.0000       90.00000    
   270.0000       90.00000    
> -G156/241/178
  0.0000000E+00   70.00000    
   36.00000       70.00000    
   36.00000       80.00000    
  0.0000000E+00   80.00000    
> -G216/248/148
   36.00000       70.00000    
   72.00000       70.00000    
   72.00000       80.00000    
   36.00000       80.00000    
> -G221/246/142
   72.00000       70.00000    
   108.0000       70.00000    
   108.0000       80.00000    
   72.00000       80.00000    
> -G083/214/247
   108.0000       70.00000    
   144.0000       70.00000    
   144.0000       80.00000    
   108.0000       80.00000    
> -G117/232/209
   144.0000       70.00000    
   180.0000       70.00000    
   180.0000       80.00000    
   144.0000       80.00000    
> -G183/248/165
   180.0000       70.00000    
   216.0000       70.00000    
   216.0000       80.00000    
   180.0000       80.00000    
> -G165/243/172
   216.0000       70.00000    
   252.0000       70.00000    
   252.0000       80.00000    
   216.0000       80.00000    
> -G163/243/173
   252.0000       70.00000    
   288.0000       70.00000    
   288.0000       80.00000    
   252.0000       80.00000    
> -G150/240/182
   288.0000       70.00000    
   324.0000       70.00000    
   324.0000       80.00000    
   288.0000       80.00000    
> -G199/253/162
   324.0000       70.00000    
   360.0000       70.00000    
   360.0000       80.00000    
   324.0000       80.00000    
> -G194/251/163
  0.0000000E+00   60.00000    
   22.50000       60.00000    
   22.50000       70.00000    
  0.0000000E+00   70.00000    
> -G154/241/179
   22.50000       60.00000    
   45.00000       60.00000    
   45.00000       70.00000    
   22.50000       70.00000    
> -G222/245/141
   45.00000       60.00000    
   67.50000       60.00000    
   67.50000       70.00000    
   45.00000       70.00000    
> -G175/245/167
   67.50000       60.00000    
   90.00000       60.00000    
   90.00000       70.00000    
   67.50000       70.00000    
> -G087/217/244
   90.00000       60.00000    
   112.5000       60.00000    
   112.5000       70.00000    
   90.00000       70.00000    
> -G072/205/252
   112.5000       60.00000    
   135.0000       60.00000    
   135.0000       70.00000    
   112.5000       70.00000    
> -G116/232/210
   135.0000       60.00000    
   157.5000       60.00000    
   157.5000       70.00000    
   135.0000       70.00000    
> -G119/233/206
   157.5000       60.00000    
   180.0000       60.00000    
   180.0000       70.00000    
   157.5000       70.00000    
> -G180/247/166
   180.0000       60.00000    
   202.5000       60.00000    
   202.5000       70.00000    
   180.0000       70.00000    
> -G159/242/176
   202.5000       60.00000    
   225.0000       60.00000    
   225.0000       70.00000    
   202.5000       70.00000    
> -G210/252/155
   225.0000       60.00000    
   247.5000       60.00000    
   247.5000       70.00000    
   225.0000       70.00000    
> -G183/248/165
   247.5000       60.00000    
   270.0000       60.00000    
   270.0000       70.00000    
   247.5000       70.00000    
> -G210/252/155
   270.0000       60.00000    
   292.5000       60.00000    
   292.5000       70.00000    
   270.0000       70.00000    
> -G155/241/179
   292.5000       60.00000    
   315.0000       60.00000    
   315.0000       70.00000    
   292.5000       70.00000    
> -G221/246/142
   315.0000       60.00000    
   337.5000       60.00000    
   337.5000       70.00000    
   315.0000       70.00000    
> -G220/246/144
   337.5000       60.00000    
   360.0000       60.00000    
   360.0000       70.00000    
   337.5000       70.00000    
> -G167/244/170
  0.0000000E+00   50.00000    
   18.00000       50.00000    
   18.00000       60.00000    
  0.0000000E+00   60.00000    
> -G175/245/167
   18.00000       50.00000    
   36.00000       50.00000    
   36.00000       60.00000    
   18.00000       60.00000    
> -G184/248/165
   36.00000       50.00000    
   54.00000       50.00000    
   54.00000       60.00000    
   36.00000       60.00000    
> -G184/248/165
   54.00000       50.00000    
   72.00000       50.00000    
   72.00000       60.00000    
   54.00000       60.00000    
> -G177/246/167
   72.00000       50.00000    
   90.00000       50.00000    
   90.00000       60.00000    
   72.00000       60.00000    
> -G124/235/199
   90.00000       50.00000    
   108.0000       50.00000    
   108.0000       60.00000    
   90.00000       60.00000    
> -G143/238/187
   108.0000       50.00000    
   126.0000       50.00000    
   126.0000       60.00000    
   108.0000       60.00000    
> -G117/232/209
   126.0000       50.00000    
   144.0000       50.00000    
   144.0000       60.00000    
   126.0000       60.00000    
> -G051/191/255
   144.0000       50.00000    
   162.0000       50.00000    
   162.0000       60.00000    
   144.0000       60.00000    
> -G144/239/186
   162.0000       50.00000    
   180.0000       50.00000    
   180.0000       60.00000    
   162.0000       60.00000    
> -G119/233/205
   180.0000       50.00000    
   198.0000       50.00000    
   198.0000       60.00000    
   180.0000       60.00000    
> -G156/241/178
   198.0000       50.00000    
   216.0000       50.00000    
   216.0000       60.00000    
   198.0000       60.00000    
> -G199/253/162
   216.0000       50.00000    
   234.0000       50.00000    
   234.0000       60.00000    
   216.0000       60.00000    
> -G206/254/160
   234.0000       50.00000    
   252.0000       50.00000    
   252.0000       60.00000    
   234.0000       60.00000    
> -G145/239/185
   252.0000       50.00000    
   270.0000       50.00000    
   270.0000       60.00000    
   252.0000       60.00000    
> -G175/246/167
   270.0000       50.00000    
   288.0000       50.00000    
   288.0000       60.00000    
   270.0000       60.00000    
> -G184/248/165
   288.0000       50.00000    
   306.0000       50.00000    
   306.0000       60.00000    
   288.0000       60.00000    
> -G167/243/171
   306.0000       50.00000    
   324.0000       50.00000    
   324.0000       60.00000    
   306.0000       60.00000    
> -G161/242/175
   324.0000       50.00000    
   342.0000       50.00000    
   342.0000       60.00000    
   324.0000       60.00000    
> -G172/245/167
   342.0000       50.00000    
   360.0000       50.00000    
   360.0000       60.00000    
   342.0000       60.00000    
> -G143/239/187
  0.0000000E+00   40.00000    
   13.84615       40.00000    
   13.84615       50.00000    
  0.0000000E+00   50.00000    
> -G087/217/245
   13.84615       40.00000    
   27.69231       40.00000    
   27.69231       50.00000    
   13.84615       50.00000    
> -G129/236/196
   27.69231       40.00000    
   41.53846       40.00000    
   41.53846       50.00000    
   27.69231       50.00000    
> -G181/248/166
   41.53846       40.00000    
   55.38462       40.00000    
   55.38462       50.00000    
   41.53846       50.00000    
> -G194/251/163
   55.38462       40.00000    
   69.23077       40.00000    
   69.23077       50.00000    
   55.38462       50.00000    
> -G188/249/165
   69.23077       40.00000    
   83.07693       40.00000    
   83.07693       50.00000    
   69.23077       50.00000    
> -G175/246/167
   83.07693       40.00000    
   96.92308       40.00000    
   96.92308       50.00000    
   83.07693       50.00000    
> -G167/244/171
   96.92308       40.00000    
   110.7692       40.00000    
   110.7692       50.00000    
   96.92308       50.00000    
> -G149/240/182
   110.7692       40.00000    
   124.6154       40.00000    
   124.6154       50.00000    
   110.7692       50.00000    
> -G115/231/212
   124.6154       40.00000    
   138.4615       40.00000    
   138.4615       50.00000    
   124.6154       50.00000    
> -G172/245/167
   138.4615       40.00000    
   152.3077       40.00000    
   152.3077       50.00000    
   138.4615       50.00000    
> -G157/241/177
   152.3077       40.00000    
   166.1539       40.00000    
   166.1539       50.00000    
   152.3077       50.00000    
> -G141/238/188
   166.1539       40.00000    
   180.0000       40.00000    
   180.0000       50.00000    
   166.1539       50.00000    
> -G124/235/199
   180.0000       40.00000    
   193.8462       40.00000    
   193.8462       50.00000    
   180.0000       50.00000    
> -G169/244/169
   193.8462       40.00000    
   207.6923       40.00000    
   207.6923       50.00000    
   193.8462       50.00000    
> -G203/254/162
   207.6923       40.00000    
   221.5385       40.00000    
   221.5385       50.00000    
   207.6923       50.00000    
> -G217/248/147
   221.5385       40.00000    
   235.3846       40.00000    
   235.3846       50.00000    
   221.5385       50.00000    
> -G219/247/145
   235.3846       40.00000    
   249.2308       40.00000    
   249.2308       50.00000    
   235.3846       50.00000    
> -G092/221/242
   249.2308       40.00000    
   263.0769       40.00000    
   263.0769       50.00000    
   249.2308       50.00000    
> -G118/232/208
   263.0769       40.00000    
   276.9231       40.00000    
   276.9231       50.00000    
   263.0769       50.00000    
> -G174/245/167
   276.9231       40.00000    
   290.7693       40.00000    
   290.7693       50.00000    
   276.9231       50.00000    
> -G205/254/161
   290.7692       40.00000    
   304.6154       40.00000    
   304.6154       50.00000    
   290.7692       50.00000    
> -G116/232/210
   304.6154       40.00000    
   318.4615       40.00000    
   318.4615       50.00000    
   304.6154       50.00000    
> -G131/236/195
   318.4615       40.00000    
   332.3077       40.00000    
   332.3077       50.00000    
   318.4615       50.00000    
> -G120/233/205
   332.3077       40.00000    
   346.1539       40.00000    
   346.1539       50.00000    
   332.3077       50.00000    
> -G176/246/167
   346.1539       40.00000    
   360.0000       40.00000    
   360.0000       50.00000    
   346.1539       50.00000    
> -G225/243/138
  0.0000000E+00   30.00000    
   12.00000       30.00000    
   12.00000       40.00000    
  0.0000000E+00   40.00000    
> -G140/238/188
   12.00000       30.00000    
   24.00000       30.00000    
   24.00000       40.00000    
   12.00000       40.00000    
> -G134/237/193
   24.00000       30.00000    
   36.00000       30.00000    
   36.00000       40.00000    
   24.00000       40.00000    
> -G131/236/195
   36.00000       30.00000    
   48.00000       30.00000    
   48.00000       40.00000    
   36.00000       40.00000    
> -G132/236/194
   48.00000       30.00000    
   60.00000       30.00000    
   60.00000       40.00000    
   48.00000       40.00000    
> -G172/245/167
   60.00000       30.00000    
   72.00000       30.00000    
   72.00000       40.00000    
   60.00000       40.00000    
> -G139/238/189
   72.00000       30.00000    
   84.00000       30.00000    
   84.00000       40.00000    
   72.00000       40.00000    
> -G194/251/163
   84.00000       30.00000    
   96.00000       30.00000    
   96.00000       40.00000    
   84.00000       40.00000    
> -G196/252/163
   96.00000       30.00000    
   108.0000       30.00000    
   108.0000       40.00000    
   96.00000       40.00000    
> -G110/230/219
   108.0000       30.00000    
   120.0000       30.00000    
   120.0000       40.00000    
   108.0000       40.00000    
> -G118/233/207
   120.0000       30.00000    
   132.0000       30.00000    
   132.0000       40.00000    
   120.0000       40.00000    
> -G185/248/165
   132.0000       30.00000    
   144.0000       30.00000    
   144.0000       40.00000    
   132.0000       40.00000    
> -G204/254/162
   144.0000       30.00000    
   156.0000       30.00000    
   156.0000       40.00000    
   144.0000       40.00000    
> -G189/250/164
   156.0000       30.00000    
   168.0000       30.00000    
   168.0000       40.00000    
   156.0000       40.00000    
> -G194/251/163
   168.0000       30.00000    
   180.0000       30.00000    
   180.0000       40.00000    
   168.0000       40.00000    
> -G218/247/145
   180.0000       30.00000    
   192.0000       30.00000    
   192.0000       40.00000    
   180.0000       40.00000    
> -G240/235/120
   192.0000       30.00000    
   204.0000       30.00000    
   204.0000       40.00000    
   192.0000       40.00000    
> -G229/241/133
   204.0000       30.00000    
   216.0000       30.00000    
   216.0000       40.00000    
   204.0000       40.00000    
> -G159/242/176
   216.0000       30.00000    
   228.0000       30.00000    
   228.0000       40.00000    
   216.0000       40.00000    
> -G120/233/204
   228.0000       30.00000    
   240.0000       30.00000    
   240.0000       40.00000    
   228.0000       40.00000    
> -G178/247/166
   240.0000       30.00000    
   252.0000       30.00000    
   252.0000       40.00000    
   240.0000       40.00000    
> -G146/239/185
   252.0000       30.00000    
   264.0000       30.00000    
   264.0000       40.00000    
   252.0000       40.00000    
> -G099/225/236
   264.0000       30.00000    
   276.0000       30.00000    
   276.0000       40.00000    
   264.0000       40.00000    
> -G179/247/166
   276.0000       30.00000    
   288.0000       30.00000    
   288.0000       40.00000    
   276.0000       40.00000    
> -G215/249/149
   288.0000       30.00000    
   300.0000       30.00000    
   300.0000       40.00000    
   288.0000       40.00000    
> -G182/248/166
   300.0000       30.00000    
   312.0000       30.00000    
   312.0000       40.00000    
   300.0000       40.00000    
> -G195/252/163
   312.0000       30.00000    
   324.0000       30.00000    
   324.0000       40.00000    
   312.0000       40.00000    
> -G197/252/163
   324.0000       30.00000    
   336.0000       30.00000    
   336.0000       40.00000    
   324.0000       40.00000    
> -G173/245/167
   336.0000       30.00000    
   348.0000       30.00000    
   348.0000       40.00000    
   336.0000       40.00000    
> -G181/247/166
   348.0000       30.00000    
   360.0000       30.00000    
   360.0000       40.00000    
   348.0000       40.00000    
> -G213/250/151
  0.0000000E+00   20.00000    
   11.25000       20.00000    
   11.25000       30.00000    
  0.0000000E+00   30.00000    
> -G164/243/172
   11.25000       20.00000    
   22.50000       20.00000    
   22.50000       30.00000    
   11.25000       30.00000    
> -G189/250/164
   22.50000       20.00000    
   33.75000       20.00000    
   33.75000       30.00000    
   22.50000       30.00000    
> -G162/243/174
   33.75000       20.00000    
   45.00000       20.00000    
   45.00000       30.00000    
   33.75000       30.00000    
> -G143/239/187
   45.00000       20.00000    
   56.25000       20.00000    
   56.25000       30.00000    
   45.00000       30.00000    
> -G143/239/186
   56.25000       20.00000    
   67.50000       20.00000    
   67.50000       30.00000    
   56.25000       30.00000    
> -G120/233/204
   67.50000       20.00000    
   78.75000       20.00000    
   78.75000       30.00000    
   67.50000       30.00000    
> -G097/225/239
   78.75000       20.00000    
   90.00000       20.00000    
   90.00000       30.00000    
   78.75000       30.00000    
> -G143/239/186
   90.00000       20.00000    
   101.2500       20.00000    
   101.2500       30.00000    
   90.00000       30.00000    
> -G187/249/165
   101.2500       20.00000    
   112.5000       20.00000    
   112.5000       30.00000    
   101.2500       30.00000    
> -G149/240/183
   112.5000       20.00000    
   123.7500       20.00000    
   123.7500       30.00000    
   112.5000       30.00000    
> -G167/244/170
   123.7500       20.00000    
   135.0000       20.00000    
   135.0000       30.00000    
   123.7500       30.00000    
> -G174/245/167
   135.0000       20.00000    
   146.2500       20.00000    
   146.2500       30.00000    
   135.0000       30.00000    
> -G176/246/167
   146.2500       20.00000    
   157.5000       20.00000    
   157.5000       30.00000    
   146.2500       30.00000    
> -G167/244/170
   157.5000       20.00000    
   168.7500       20.00000    
   168.7500       30.00000    
   157.5000       30.00000    
> -G181/247/166
   168.7500       20.00000    
   180.0000       20.00000    
   180.0000       30.00000    
   168.7500       30.00000    
> -G219/247/145
   180.0000       20.00000    
   191.2500       20.00000    
   191.2500       30.00000    
   180.0000       30.00000    
> -G247/210/101
   191.2500       20.00000    
   202.5000       20.00000    
   202.5000       30.00000    
   191.2500       30.00000    
> -G240/234/119
   202.5000       20.00000    
   213.7500       20.00000    
   213.7500       30.00000    
   202.5000       30.00000    
> -G150/240/182
   213.7500       20.00000    
   225.0000       20.00000    
   225.0000       30.00000    
   213.7500       30.00000    
> -G162/242/174
   225.0000       20.00000    
   236.2500       20.00000    
   236.2500       30.00000    
   225.0000       30.00000    
> -G192/251/164
   236.2500       20.00000    
   247.5000       20.00000    
   247.5000       30.00000    
   236.2500       30.00000    
> -G183/248/165
   247.5000       20.00000    
   258.7500       20.00000    
   258.7500       30.00000    
   247.5000       30.00000    
> -G178/247/166
   258.7500       20.00000    
   270.0000       20.00000    
   270.0000       30.00000    
   258.7500       30.00000    
> -G109/229/221
   270.0000       20.00000    
   281.2500       20.00000    
   281.2500       30.00000    
   270.0000       30.00000    
> -G206/253/159
   281.2500       20.00000    
   292.5000       20.00000    
   292.5000       30.00000    
   281.2500       30.00000    
> -G203/254/162
   292.5000       20.00000    
   303.7500       20.00000    
   303.7500       30.00000    
   292.5000       30.00000    
> -G189/250/164
   303.7500       20.00000    
   315.0000       20.00000    
   315.0000       30.00000    
   303.7500       30.00000    
> -G217/248/147
   315.0000       20.00000    
   326.2500       20.00000    
   326.2500       30.00000    
   315.0000       30.00000    
> -G180/247/166
   326.2500       20.00000    
   337.5000       20.00000    
   337.5000       30.00000    
   326.2500       30.00000    
> -G206/254/159
   337.5000       20.00000    
   348.7500       20.00000    
   348.7500       30.00000    
   337.5000       30.00000    
> -G230/241/132
   348.7500       20.00000    
   360.0000       20.00000    
   360.0000       30.00000    
   348.7500       30.00000    
> -G184/248/165
  0.0000000E+00   10.00000    
   10.58823       10.00000    
   10.58823       20.00000    
  0.0000000E+00   20.00000    
> -G184/248/165
   10.58823       10.00000    
   21.17647       10.00000    
   21.17647       20.00000    
   10.58823       20.00000    
> -G128/235/197
   21.17647       10.00000    
   31.76471       10.00000    
   31.76471       20.00000    
   21.17647       20.00000    
> -G167/244/170
   31.76471       10.00000    
   42.35294       10.00000    
   42.35294       20.00000    
   31.76471       20.00000    
> -G219/246/144
   42.35294       10.00000    
   52.94117       10.00000    
   52.94117       20.00000    
   42.35294       20.00000    
> -G117/232/209
   52.94117       10.00000    
   63.52941       10.00000    
   63.52941       20.00000    
   52.94117       20.00000    
> -G144/239/186
   63.52941       10.00000    
   74.11765       10.00000    
   74.11765       20.00000    
   63.52941       20.00000    
> -G178/247/166
   74.11765       10.00000    
   84.70588       10.00000    
   84.70588       20.00000    
   74.11765       20.00000    
> -G120/233/205
   84.70588       10.00000    
   95.29411       10.00000    
   95.29411       20.00000    
   84.70588       20.00000    
> -G187/249/165
   95.29411       10.00000    
   105.8823       10.00000    
   105.8823       20.00000    
   95.29411       20.00000    
> -G199/253/163
   105.8823       10.00000    
   116.4706       10.00000    
   116.4706       20.00000    
   105.8823       20.00000    
> -G190/250/164
   116.4706       10.00000    
   127.0588       10.00000    
   127.0588       20.00000    
   116.4706       20.00000    
> -G205/254/161
   127.0588       10.00000    
   137.6471       10.00000    
   137.6471       20.00000    
   127.0588       20.00000    
> -G094/222/241
   137.6470       10.00000    
   148.2353       10.00000    
   148.2353       20.00000    
   137.6470       20.00000    
> -G097/225/239
   148.2353       10.00000    
   158.8235       10.00000    
   158.8235       20.00000    
   148.2353       20.00000    
> -G147/239/184
   158.8235       10.00000    
   169.4118       10.00000    
   169.4118       20.00000    
   158.8235       20.00000    
> -G162/243/174
   169.4118       10.00000    
   180.0000       10.00000    
   180.0000       20.00000    
   169.4118       20.00000    
> -G197/252/163
   180.0000       10.00000    
   190.5882       10.00000    
   190.5882       20.00000    
   180.0000       20.00000    
> -G245/218/106
   190.5882       10.00000    
   201.1765       10.00000    
   201.1765       20.00000    
   190.5882       20.00000    
> -G242/227/114
   201.1765       10.00000    
   211.7647       10.00000    
   211.7647       20.00000    
   201.1765       20.00000    
> -G205/254/160
   211.7647       10.00000    
   222.3529       10.00000    
   222.3529       20.00000    
   211.7647       20.00000    
> -G135/237/192
   222.3529       10.00000    
   232.9412       10.00000    
   232.9412       20.00000    
   222.3529       20.00000    
> -G112/230/216
   232.9412       10.00000    
   243.5294       10.00000    
   243.5294       20.00000    
   232.9412       20.00000    
> -G149/240/182
   243.5294       10.00000    
   254.1176       10.00000    
   254.1176       20.00000    
   243.5294       20.00000    
> -G170/244/168
   254.1176       10.00000    
   264.7059       10.00000    
   264.7059       20.00000    
   254.1176       20.00000    
> -G126/235/198
   264.7059       10.00000    
   275.2941       10.00000    
   275.2941       20.00000    
   264.7059       20.00000    
> -G093/222/241
   275.2941       10.00000    
   285.8823       10.00000    
   285.8823       20.00000    
   275.2941       20.00000    
> -G104/227/228
   285.8824       10.00000    
   296.4706       10.00000    
   296.4706       20.00000    
   285.8824       20.00000    
> -G185/248/165
   296.4706       10.00000    
   307.0588       10.00000    
   307.0588       20.00000    
   296.4706       20.00000    
> -G198/253/163
   307.0588       10.00000    
   317.6470       10.00000    
   317.6470       20.00000    
   307.0588       20.00000    
> -G201/253/162
   317.6470       10.00000    
   328.2353       10.00000    
   328.2353       20.00000    
   317.6470       20.00000    
> -G198/253/163
   328.2353       10.00000    
   338.8235       10.00000    
   338.8235       20.00000    
   328.2353       20.00000    
> -G139/238/189
   338.8235       10.00000    
   349.4117       10.00000    
   349.4117       20.00000    
   338.8235       20.00000    
> -G098/225/237
   349.4117       10.00000    
   360.0000       10.00000    
   360.0000       20.00000    
   349.4117       20.00000    
> -G238/236/122
  0.0000000E+00  0.0000000E+00
   10.00000      0.0000000E+00
   10.00000       10.00000    
  0.0000000E+00   10.00000    
> -G122/234/202
   10.00000      0.0000000E+00
   20.00000      0.0000000E+00
   20.00000       10.00000    
   10.00000       10.00000    
> -G089/218/243
   20.00000      0.0000000E+00
   30.00000      0.0000000E+00
   30.00000       10.00000    
   20.00000       10.00000    
> -G187/249/165
   30.00000      0.0000000E+00
   40.00000      0.0000000E+00
   40.00000       10.00000    
   30.00000       10.00000    
> -G210/251/155
   40.00000      0.0000000E+00
   50.00000      0.0000000E+00
   50.00000       10.00000    
   40.00000       10.00000    
> -G157/242/177
   50.00000      0.0000000E+00
   60.00000      0.0000000E+00
   60.00000       10.00000    
   50.00000       10.00000    
> -G126/235/198
   60.00000      0.0000000E+00
   70.00000      0.0000000E+00
   70.00000       10.00000    
   60.00000       10.00000    
> -G152/240/180
   70.00000      0.0000000E+00
   80.00000      0.0000000E+00
   80.00000       10.00000    
   70.00000       10.00000    
> -G148/240/183
   80.00000      0.0000000E+00
   90.00000      0.0000000E+00
   90.00000       10.00000    
   80.00000       10.00000    
> -G114/231/213
   90.00000      0.0000000E+00
   100.0000      0.0000000E+00
   100.0000       10.00000    
   90.00000       10.00000    
> -G179/247/166
   100.0000      0.0000000E+00
   110.0000      0.0000000E+00
   110.0000       10.00000    
   100.0000       10.00000    
> -G179/247/166
   110.0000      0.0000000E+00
   120.0000      0.0000000E+00
   120.0000       10.00000    
   110.0000       10.00000    
> -G097/225/239
   120.0000      0.0000000E+00
   130.0000      0.0000000E+00
   130.0000       10.00000    
   120.0000       10.00000    
> -G155/241/179
   130.0000      0.0000000E+00
   140.0000      0.0000000E+00
   140.0000       10.00000    
   130.0000       10.00000    
> -G183/248/165
   140.0000      0.0000000E+00
   150.0000      0.0000000E+00
   150.0000       10.00000    
   140.0000       10.00000    
> -G136/237/191
   150.0000      0.0000000E+00
   160.0000      0.0000000E+00
   160.0000       10.00000    
   150.0000       10.00000    
> -G134/237/193
   160.0000      0.0000000E+00
   170.0000      0.0000000E+00
   170.0000       10.00000    
   160.0000       10.00000    
> -G117/232/208
   170.0000      0.0000000E+00
   180.0000      0.0000000E+00
   180.0000       10.00000    
   170.0000       10.00000    
> -G133/236/193
   180.0000      0.0000000E+00
   190.0000      0.0000000E+00
   190.0000       10.00000    
   180.0000       10.00000    
> -G200/253/162
   190.0000      0.0000000E+00
   200.0000      0.0000000E+00
   200.0000       10.00000    
   190.0000       10.00000    
> -G211/251/153
   200.0000      0.0000000E+00
   210.0000      0.0000000E+00
   210.0000       10.00000    
   200.0000       10.00000    
> -G203/254/162
   210.0000      0.0000000E+00
   220.0000      0.0000000E+00
   220.0000       10.00000    
   210.0000       10.00000    
> -G148/240/183
   220.0000      0.0000000E+00
   230.0000      0.0000000E+00
   230.0000       10.00000    
   220.0000       10.00000    
> -G131/236/195
   230.0000      0.0000000E+00
   240.0000      0.0000000E+00
   240.0000       10.00000    
   230.0000       10.00000    
> -G184/248/165
   240.0000      0.0000000E+00
   250.0000      0.0000000E+00
   250.0000       10.00000    
   240.0000       10.00000    
> -G242/228/114
   250.0000      0.0000000E+00
   260.0000      0.0000000E+00
   260.0000       10.00000    
   250.0000       10.00000    
> -G199/253/163
   260.0000      0.0000000E+00
   270.0000      0.0000000E+00
   270.0000       10.00000    
   260.0000       10.00000    
> -G200/253/162
   270.0000      0.0000000E+00
   280.0000      0.0000000E+00
   280.0000       10.00000    
   270.0000       10.00000    
> -G143/238/187
   280.0000      0.0000000E+00
   290.0000      0.0000000E+00
   290.0000       10.00000    
   280.0000       10.00000    
> -G115/231/212
   290.0000      0.0000000E+00
   300.0000      0.0000000E+00
   300.0000       10.00000    
   290.0000       10.00000    
> -G210/252/156
   300.0000      0.0000000E+00
   310.0000      0.0000000E+00
   310.0000       10.00000    
   300.0000       10.00000    
> -G171/244/168
   310.0000      0.0000000E+00
   320.0000      0.0000000E+00
   320.0000       10.00000    
   310.0000       10.00000    
> -G173/245/167
   320.0000      0.0000000E+00
   330.0000      0.0000000E+00
   330.0000       10.00000    
   320.0000       10.00000    
> -G185/248/165
   330.0000      0.0000000E+00
   340.0000      0.0000000E+00
   340.0000       10.00000    
   330.0000       10.00000    
> -G119/233/207
   340.0000      0.0000000E+00
   350.0000      0.0000000E+00
   350.0000       10.00000    
   340.0000       10.00000    
> -G160/242/175
   350.0000      0.0000000E+00
   360.0000      0.0000000E+00
   360.0000       10.00000    
   350.0000       10.00000    
> -G241/231/117
  0.0000000E+00  -10.00000    
   10.00000      -10.00000    
   10.00000      0.0000000E+00
  0.0000000E+00  0.0000000E+00
> -G166/243/171
   10.00000      -10.00000    
   20.00000      -10.00000    
   20.00000      0.0000000E+00
   10.00000      0.0000000E+00
> -G182/248/166
   20.00000      -10.00000    
   30.00000      -10.00000    
   30.00000      0.0000000E+00
   20.00000      0.0000000E+00
> -G187/249/165
   30.00000      -10.00000    
   40.00000      -10.00000    
   40.00000      0.0000000E+00
   30.00000      0.0000000E+00
> -G209/252/156
   40.00000      -10.00000    
   50.00000      -10.00000    
   50.00000      0.0000000E+00
   40.00000      0.0000000E+00
> -G131/236/195
   50.00000      -10.00000    
   60.00000      -10.00000    
   60.00000      0.0000000E+00
   50.00000      0.0000000E+00
> -G133/237/193
   60.00000      -10.00000    
   70.00000      -10.00000    
   70.00000      0.0000000E+00
   60.00000      0.0000000E+00
> -G185/249/165
   70.00000      -10.00000    
   80.00000      -10.00000    
   80.00000      0.0000000E+00
   70.00000      0.0000000E+00
> -G165/243/172
   80.00000      -10.00000    
   90.00000      -10.00000    
   90.00000      0.0000000E+00
   80.00000      0.0000000E+00
> -G191/251/164
   90.00000      -10.00000    
   100.0000      -10.00000    
   100.0000      0.0000000E+00
   90.00000      0.0000000E+00
> -G081/213/247
   100.0000      -10.00000    
   110.0000      -10.00000    
   110.0000      0.0000000E+00
   100.0000      0.0000000E+00
> -G044/187/255
   110.0000      -10.00000    
   120.0000      -10.00000    
   120.0000      0.0000000E+00
   110.0000      0.0000000E+00
> -G151/240/181
   120.0000      -10.00000    
   130.0000      -10.00000    
   130.0000      0.0000000E+00
   120.0000      0.0000000E+00
> -G170/244/168
   130.0000      -10.00000    
   140.0000      -10.00000    
   140.0000      0.0000000E+00
   130.0000      0.0000000E+00
> -G133/236/193
   140.0000      -10.00000    
   150.0000      -10.00000    
   150.0000      0.0000000E+00
   140.0000      0.0000000E+00
> -G138/238/190
   150.0000      -10.00000    
   160.0000      -10.00000    
   160.0000      0.0000000E+00
   150.0000      0.0000000E+00
> -G086/216/245
   160.0000      -10.00000    
   170.0000      -10.00000    
   170.0000      0.0000000E+00
   160.0000      0.0000000E+00
> -G106/228/226
   170.0000      -10.00000    
   180.0000      -10.00000    
   180.0000      0.0000000E+00
   170.0000      0.0000000E+00
> -G131/236/195
   180.0000      -10.00000    
   190.0000      -10.00000    
   190.0000      0.0000000E+00
   180.0000      0.0000000E+00
> -G188/250/164
   190.0000      -10.00000    
   200.0000      -10.00000    
   200.0000      0.0000000E+00
   190.0000      0.0000000E+00
> -G205/254/161
   200.0000      -10.00000    
   210.0000      -10.00000    
   210.0000      0.0000000E+00
   200.0000      0.0000000E+00
> -G206/254/160
   210.0000      -10.00000    
   220.0000      -10.00000    
   220.0000      0.0000000E+00
   210.0000      0.0000000E+00
> -G130/236/195
   220.0000      -10.00000    
   230.0000      -10.00000    
   230.0000      0.0000000E+00
   220.0000      0.0000000E+00
> -G120/233/204
   230.0000      -10.00000    
   240.0000      -10.00000    
   240.0000      0.0000000E+00
   230.0000      0.0000000E+00
> -G232/239/129
   240.0000      -10.00000    
   250.0000      -10.00000    
   250.0000      0.0000000E+00
   240.0000      0.0000000E+00
> -G248/207/099
   250.0000      -10.00000    
   260.0000      -10.00000    
   260.0000      0.0000000E+00
   250.0000      0.0000000E+00
> -G239/236/121
   260.0000      -10.00000    
   270.0000      -10.00000    
   270.0000      0.0000000E+00
   260.0000      0.0000000E+00
> -G229/241/132
   270.0000      -10.00000    
   280.0000      -10.00000    
   280.0000      0.0000000E+00
   270.0000      0.0000000E+00
> -G176/246/167
   280.0000      -10.00000    
   290.0000      -10.00000    
   290.0000      0.0000000E+00
   280.0000      0.0000000E+00
> -G087/217/245
   290.0000      -10.00000    
   300.0000      -10.00000    
   300.0000      0.0000000E+00
   290.0000      0.0000000E+00
> -G151/240/181
   300.0000      -10.00000    
   310.0000      -10.00000    
   310.0000      0.0000000E+00
   300.0000      0.0000000E+00
> -G179/247/166
   310.0000      -10.00000    
   320.0000      -10.00000    
   320.0000      0.0000000E+00
   310.0000      0.0000000E+00
> -G131/236/194
   320.0000      -10.00000    
   330.0000      -10.00000    
   330.0000      0.0000000E+00
   320.0000      0.0000000E+00
> -G228/242/134
   330.0000      -10.00000    
   340.0000      -10.00000    
   340.0000      0.0000000E+00
   330.0000      0.0000000E+00
> -G217/248/147
   340.0000      -10.00000    
   350.0000      -10.00000    
   350.0000      0.0000000E+00
   340.0000      0.0000000E+00
> -G209/252/156
   350.0000      -10.00000    
   360.0000      -10.00000    
   360.0000      0.0000000E+00
   350.0000      0.0000000E+00
> -G165/243/172
  0.0000000E+00  -20.00000    
   10.58823      -20.00000    
   10.58823      -10.00000    
  0.0000000E+00  -10.00000    
> -G206/254/159
   10.58823      -20.00000    
   21.17647      -20.00000    
   21.17647      -10.00000    
   10.58823      -10.00000    
> -G194/251/163
   21.17647      -20.00000    
   31.76471      -20.00000    
   31.76471      -10.00000    
   21.17647      -10.00000    
> -G137/237/191
   31.76471      -20.00000    
   42.35294      -20.00000    
   42.35294      -10.00000    
   31.76471      -10.00000    
> -G187/249/165
   42.35294      -20.00000    
   52.94117      -20.00000    
   52.94117      -10.00000    
   42.35294      -10.00000    
> -G146/239/184
   52.94117      -20.00000    
   63.52941      -20.00000    
   63.52941      -10.00000    
   52.94117      -10.00000    
> -G166/243/171
   63.52941      -20.00000    
   74.11765      -20.00000    
   74.11765      -10.00000    
   63.52941      -10.00000    
> -G230/241/132
   74.11765      -20.00000    
   84.70588      -20.00000    
   84.70588      -10.00000    
   74.11765      -10.00000    
> -G243/224/111
   84.70588      -20.00000    
   95.29411      -20.00000    
   95.29411      -10.00000    
   84.70588      -10.00000    
> -G241/230/116
   95.29411      -20.00000    
   105.8823      -20.00000    
   105.8823      -10.00000    
   95.29411      -10.00000    
> -G241/230/116
   105.8823      -20.00000    
   116.4706      -20.00000    
   116.4706      -10.00000    
   105.8823      -10.00000    
> -G205/254/161
   116.4706      -20.00000    
   127.0588      -20.00000    
   127.0588      -10.00000    
   116.4706      -10.00000    
> -G220/246/143
   127.0588      -20.00000    
   137.6471      -20.00000    
   137.6471      -10.00000    
   127.0588      -10.00000    
> -G117/232/210
   137.6470      -20.00000    
   148.2353      -20.00000    
   148.2353      -10.00000    
   137.6470      -10.00000    
> -G170/244/168
   148.2353      -20.00000    
   158.8235      -20.00000    
   158.8235      -10.00000    
   148.2353      -10.00000    
> -G130/236/195
   158.8235      -20.00000    
   169.4118      -20.00000    
   169.4118      -10.00000    
   158.8235      -10.00000    
> -G106/228/226
   169.4118      -20.00000    
   180.0000      -20.00000    
   180.0000      -10.00000    
   169.4118      -10.00000    
> -G224/244/139
   180.0000      -20.00000    
   190.5882      -20.00000    
   190.5882      -10.00000    
   180.0000      -10.00000    
> -G188/250/164
   190.5882      -20.00000    
   201.1765      -20.00000    
   201.1765      -10.00000    
   190.5882      -10.00000    
> -G241/231/117
   201.1765      -20.00000    
   211.7647      -20.00000    
   211.7647      -10.00000    
   201.1765      -10.00000    
> -G242/228/115
   211.7647      -20.00000    
   222.3529      -20.00000    
   222.3529      -10.00000    
   211.7647      -10.00000    
> -G184/248/165
   222.3529      -20.00000    
   232.9412      -20.00000    
   232.9412      -10.00000    
   222.3529      -10.00000    
> -G196/252/163
   232.9412      -20.00000    
   243.5294      -20.00000    
   243.5294      -10.00000    
   232.9412      -10.00000    
> -G240/234/119
   243.5294      -20.00000    
   254.1176      -20.00000    
   254.1176      -10.00000    
   243.5294      -10.00000    
> -G196/252/163
   254.1176      -20.00000    
   264.7059      -20.00000    
   264.7059      -10.00000    
   254.1176      -10.00000    
> -G217/248/146
   264.7059      -20.00000    
   275.2941      -20.00000    
   275.2941      -10.00000    
   264.7059      -10.00000    
> -G241/230/116
   275.2941      -20.00000    
   285.8823      -20.00000    
   285.8823      -10.00000    
   275.2941      -10.00000    
> -G147/239/184
   285.8824      -20.00000    
   296.4706      -20.00000    
   296.4706      -10.00000    
   285.8824      -10.00000    
> -G100/226/234
   296.4706      -20.00000    
   307.0588      -20.00000    
   307.0588      -10.00000    
   296.4706      -10.00000    
> -G211/251/154
   307.0588      -20.00000    
   317.6470      -20.00000    
   317.6470      -10.00000    
   307.0588      -10.00000    
> -G132/236/194
   317.6470      -20.00000    
   328.2353      -20.00000    
   328.2353      -10.00000    
   317.6470      -10.00000    
> -G106/228/225
   328.2353      -20.00000    
   338.8235      -20.00000    
   338.8235      -10.00000    
   328.2353      -10.00000    
> -G125/235/198
   338.8235      -20.00000    
   349.4117      -20.00000    
   349.4117      -10.00000    
   338.8235      -10.00000    
> -G189/250/164
   349.4117      -20.00000    
   360.0000      -20.00000    
   360.0000      -10.00000    
   349.4117      -10.00000    
> -G147/239/184
  0.0000000E+00  -30.00000    
   11.25000      -30.00000    
   11.25000      -20.00000    
  0.0000000E+00  -20.00000    
> -G172/245/167
   11.25000      -30.00000    
   22.50000      -30.00000    
   22.50000      -20.00000    
   11.25000      -20.00000    
> -G096/224/240
   22.50000      -30.00000    
   33.75000      -30.00000    
   33.75000      -20.00000    
   22.50000      -20.00000    
> -G187/249/165
   33.75000      -30.00000    
   45.00000      -30.00000    
   45.00000      -20.00000    
   33.75000      -20.00000    
> -G188/249/165
   45.00000      -30.00000    
   56.25000      -30.00000    
   56.25000      -20.00000    
   45.00000      -20.00000    
> -G131/236/194
   56.25000      -30.00000    
   67.50000      -30.00000    
   67.50000      -20.00000    
   56.25000      -20.00000    
> -G170/244/168
   67.50000      -30.00000    
   78.75000      -30.00000    
   78.75000      -20.00000    
   67.50000      -20.00000    
> -G178/246/166
   78.75000      -30.00000    
   90.00000      -30.00000    
   90.00000      -20.00000    
   78.75000      -20.00000    
> -G240/234/119
   90.00000      -30.00000    
   101.2500      -30.00000    
   101.2500      -20.00000    
   90.00000      -20.00000    
> -G199/253/162
   101.2500      -30.00000    
   112.5000      -30.00000    
   112.5000      -20.00000    
   101.2500      -20.00000    
> -G204/254/162
   112.5000      -30.00000    
   123.7500      -30.00000    
   123.7500      -20.00000    
   112.5000      -20.00000    
> -G169/244/169
   123.7500      -30.00000    
   135.0000      -30.00000    
   135.0000      -20.00000    
   123.7500      -20.00000    
> -G197/252/163
   135.0000      -30.00000    
   146.2500      -30.00000    
   146.2500      -20.00000    
   135.0000      -20.00000    
> -G176/246/167
   146.2500      -30.00000    
   157.5000      -30.00000    
   157.5000      -20.00000    
   146.2500      -20.00000    
> -G133/237/193
   157.5000      -30.00000    
   168.7500      -30.00000    
   168.7500      -20.00000    
   157.5000      -20.00000    
> -G083/214/246
   168.7500      -30.00000    
   180.0000      -30.00000    
   180.0000      -20.00000    
   168.7500      -20.00000    
> -G243/226/113
   180.0000      -30.00000    
   191.2500      -30.00000    
   191.2500      -20.00000    
   180.0000      -20.00000    
> -G195/252/163
   191.2500      -30.00000    
   202.5000      -30.00000    
   202.5000      -20.00000    
   191.2500      -20.00000    
> -G219/247/144
   202.5000      -30.00000    
   213.7500      -30.00000    
   213.7500      -20.00000    
   202.5000      -20.00000    
> -G223/244/140
   213.7500      -30.00000    
   225.0000      -30.00000    
   225.0000      -20.00000    
   213.7500      -20.00000    
> -G222/245/141
   225.0000      -30.00000    
   236.2500      -30.00000    
   236.2500      -20.00000    
   225.0000      -20.00000    
> -G220/246/144
   236.2500      -30.00000    
   247.5000      -30.00000    
   247.5000      -20.00000    
   236.2500      -20.00000    
> -G231/240/131
   247.5000      -30.00000    
   258.7500      -30.00000    
   258.7500      -20.00000    
   247.5000      -20.00000    
> -G195/252/163
   258.7500      -30.00000    
   270.0000      -30.00000    
   270.0000      -20.00000    
   258.7500      -20.00000    
> -G240/234/119
   270.0000      -30.00000    
   281.2500      -30.00000    
   281.2500      -20.00000    
   270.0000      -20.00000    
> -G192/251/164
   281.2500      -30.00000    
   292.5000      -30.00000    
   292.5000      -20.00000    
   281.2500      -20.00000    
> -G153/241/180
   292.5000      -30.00000    
   303.7500      -30.00000    
   303.7500      -20.00000    
   292.5000      -20.00000    
> -G157/241/177
   303.7500      -30.00000    
   315.0000      -30.00000    
   315.0000      -20.00000    
   303.7500      -20.00000    
> -G142/238/187
   315.0000      -30.00000    
   326.2500      -30.00000    
   326.2500      -20.00000    
   315.0000      -20.00000    
> -G096/224/240
   326.2500      -30.00000    
   337.5000      -30.00000    
   337.5000      -20.00000    
   326.2500      -20.00000    
> -G134/237/192
   337.5000      -30.00000    
   348.7500      -30.00000    
   348.7500      -20.00000    
   337.5000      -20.00000    
> -G198/252/163
   348.7500      -30.00000    
   360.0000      -30.00000    
   360.0000      -20.00000    
   348.7500      -20.00000    
> -G123/234/201
  0.0000000E+00  -40.00000    
   12.00000      -40.00000    
   12.00000      -30.00000    
  0.0000000E+00  -30.00000    
> -G123/234/200
   12.00000      -40.00000    
   24.00000      -40.00000    
   24.00000      -30.00000    
   12.00000      -30.00000    
> -G159/242/176
   24.00000      -40.00000    
   36.00000      -40.00000    
   36.00000      -30.00000    
   24.00000      -30.00000    
> -G150/240/182
   36.00000      -40.00000    
   48.00000      -40.00000    
   48.00000      -30.00000    
   36.00000      -30.00000    
> -G147/239/184
   48.00000      -40.00000    
   60.00000      -40.00000    
   60.00000      -30.00000    
   48.00000      -30.00000    
> -G121/234/203
   60.00000      -40.00000    
   72.00000      -40.00000    
   72.00000      -30.00000    
   60.00000      -30.00000    
> -G113/231/215
   72.00000      -40.00000    
   84.00000      -40.00000    
   84.00000      -30.00000    
   72.00000      -30.00000    
> -G215/249/150
   84.00000      -40.00000    
   96.00000      -40.00000    
   96.00000      -30.00000    
   84.00000      -30.00000    
> -G243/225/112
   96.00000      -40.00000    
   108.0000      -40.00000    
   108.0000      -30.00000    
   96.00000      -30.00000    
> -G180/247/166
   108.0000      -40.00000    
   120.0000      -40.00000    
   120.0000      -30.00000    
   108.0000      -30.00000    
> -G120/233/205
   120.0000      -40.00000    
   132.0000      -40.00000    
   132.0000      -30.00000    
   120.0000      -30.00000    
> -G158/242/176
   132.0000      -40.00000    
   144.0000      -40.00000    
   144.0000      -30.00000    
   132.0000      -30.00000    
> -G153/241/180
   144.0000      -40.00000    
   156.0000      -40.00000    
   156.0000      -30.00000    
   144.0000      -30.00000    
> -G121/233/204
   156.0000      -40.00000    
   168.0000      -40.00000    
   168.0000      -30.00000    
   156.0000      -30.00000    
> -G056/194/255
   168.0000      -40.00000    
   180.0000      -40.00000    
   180.0000      -30.00000    
   168.0000      -30.00000    
> -G196/252/163
   180.0000      -40.00000    
   192.0000      -40.00000    
   192.0000      -30.00000    
   180.0000      -30.00000    
> -G192/251/164
   192.0000      -40.00000    
   204.0000      -40.00000    
   204.0000      -30.00000    
   192.0000      -30.00000    
> -G181/247/166
   204.0000      -40.00000    
   216.0000      -40.00000    
   216.0000      -30.00000    
   204.0000      -30.00000    
> -G176/246/167
   216.0000      -40.00000    
   228.0000      -40.00000    
   228.0000      -30.00000    
   216.0000      -30.00000    
> -G189/250/164
   228.0000      -40.00000    
   240.0000      -40.00000    
   240.0000      -30.00000    
   228.0000      -30.00000    
> -G194/251/163
   240.0000      -40.00000    
   252.0000      -40.00000    
   252.0000      -30.00000    
   240.0000      -30.00000    
> -G201/254/162
   252.0000      -40.00000    
   264.0000      -40.00000    
   264.0000      -30.00000    
   252.0000      -30.00000    
> -G223/245/140
   264.0000      -40.00000    
   276.0000      -40.00000    
   276.0000      -30.00000    
   264.0000      -30.00000    
> -G184/248/165
   276.0000      -40.00000    
   288.0000      -40.00000    
   288.0000      -30.00000    
   276.0000      -30.00000    
> -G163/243/173
   288.0000      -40.00000    
   300.0000      -40.00000    
   300.0000      -30.00000    
   288.0000      -30.00000    
> -G117/232/209
   300.0000      -40.00000    
   312.0000      -40.00000    
   312.0000      -30.00000    
   300.0000      -30.00000    
> -G171/244/168
   312.0000      -40.00000    
   324.0000      -40.00000    
   324.0000      -30.00000    
   312.0000      -30.00000    
> -G139/238/189
   324.0000      -40.00000    
   336.0000      -40.00000    
   336.0000      -30.00000    
   324.0000      -30.00000    
> -G137/237/191
   336.0000      -40.00000    
   348.0000      -40.00000    
   348.0000      -30.00000    
   336.0000      -30.00000    
> -G120/233/204
   348.0000      -40.00000    
   360.0000      -40.00000    
   360.0000      -30.00000    
   348.0000      -30.00000    
> -G147/239/184
  0.0000000E+00  -50.00000    
   13.84615      -50.00000    
   13.84615      -40.00000    
  0.0000000E+00  -40.00000    
> -G180/247/166
   13.84615      -50.00000    
   27.69231      -50.00000    
   27.69231      -40.00000    
   13.84615      -40.00000    
> -G198/253/163
   27.69231      -50.00000    
   41.53846      -50.00000    
   41.53846      -40.00000    
   27.69231      -40.00000    
> -G183/248/165
   41.53846      -50.00000    
   55.38462      -50.00000    
   55.38462      -40.00000    
   41.53846      -40.00000    
> -G184/248/165
   55.38462      -50.00000    
   69.23077      -50.00000    
   69.23077      -40.00000    
   55.38462      -40.00000    
> -G198/253/163
   69.23077      -50.00000    
   83.07693      -50.00000    
   83.07693      -40.00000    
   69.23077      -40.00000    
> -G231/240/130
   83.07693      -50.00000    
   96.92308      -50.00000    
   96.92308      -40.00000    
   83.07693      -40.00000    
> -G229/241/133
   96.92308      -50.00000    
   110.7692      -50.00000    
   110.7692      -40.00000    
   96.92308      -40.00000    
> -G155/241/178
   110.7692      -50.00000    
   124.6154      -50.00000    
   124.6154      -40.00000    
   110.7692      -40.00000    
> -G164/243/173
   124.6154      -50.00000    
   138.4615      -50.00000    
   138.4615      -40.00000    
   124.6154      -40.00000    
> -G135/237/192
   138.4615      -50.00000    
   152.3077      -50.00000    
   152.3077      -40.00000    
   138.4615      -40.00000    
> -G158/242/176
   152.3077      -50.00000    
   166.1539      -50.00000    
   166.1539      -40.00000    
   152.3077      -40.00000    
> -G177/246/167
   166.1539      -50.00000    
   180.0000      -50.00000    
   180.0000      -40.00000    
   166.1539      -40.00000    
> -G230/241/132
   180.0000      -50.00000    
   193.8462      -50.00000    
   193.8462      -40.00000    
   180.0000      -40.00000    
> -G179/247/166
   193.8462      -50.00000    
   207.6923      -50.00000    
   207.6923      -40.00000    
   193.8462      -40.00000    
> -G129/236/196
   207.6923      -50.00000    
   221.5385      -50.00000    
   221.5385      -40.00000    
   207.6923      -40.00000    
> -G121/234/202
   221.5385      -50.00000    
   235.3846      -50.00000    
   235.3846      -40.00000    
   221.5385      -40.00000    
> -G154/241/179
   235.3846      -50.00000    
   249.2308      -50.00000    
   249.2308      -40.00000    
   235.3846      -40.00000    
> -G193/251/164
   249.2308      -50.00000    
   263.0769      -50.00000    
   263.0769      -40.00000    
   249.2308      -40.00000    
> -G186/249/165
   263.0769      -50.00000    
   276.9231      -50.00000    
   276.9231      -40.00000    
   263.0769      -40.00000    
> -G192/251/164
   276.9231      -50.00000    
   290.7693      -50.00000    
   290.7693      -40.00000    
   276.9231      -40.00000    
> -G164/243/173
   290.7692      -50.00000    
   304.6154      -50.00000    
   304.6154      -40.00000    
   290.7692      -40.00000    
> -G095/223/240
   304.6154      -50.00000    
   318.4615      -50.00000    
   318.4615      -40.00000    
   304.6154      -40.00000    
> -G115/231/212
   318.4615      -50.00000    
   332.3077      -50.00000    
   332.3077      -40.00000    
   318.4615      -40.00000    
> -G083/214/247
   332.3077      -50.00000    
   346.1539      -50.00000    
   346.1539      -40.00000    
   332.3077      -40.00000    
> -G102/227/231
   346.1539      -50.00000    
   360.0000      -50.00000    
   360.0000      -40.00000    
   346.1539      -40.00000    
> -G158/242/177
  0.0000000E+00  -60.00000    
   18.00000      -60.00000    
   18.00000      -50.00000    
  0.0000000E+00  -50.00000    
> -G145/239/185
   18.00000      -60.00000    
   36.00000      -60.00000    
   36.00000      -50.00000    
   18.00000      -50.00000    
> -G142/238/187
   36.00000      -60.00000    
   54.00000      -60.00000    
   54.00000      -50.00000    
   36.00000      -50.00000    
> -G139/238/189
   54.00000      -60.00000    
   72.00000      -60.00000    
   72.00000      -50.00000    
   54.00000      -50.00000    
> -G170/244/168
   72.00000      -60.00000    
   90.00000      -60.00000    
   90.00000      -50.00000    
   72.00000      -50.00000    
> -G173/245/167
   90.00000      -60.00000    
   108.0000      -60.00000    
   108.0000      -50.00000    
   90.00000      -50.00000    
> -G141/238/188
   108.0000      -60.00000    
   126.0000      -60.00000    
   126.0000      -50.00000    
   108.0000      -50.00000    
> -G127/235/197
   126.0000      -60.00000    
   144.0000      -60.00000    
   144.0000      -50.00000    
   126.0000      -50.00000    
> -G178/246/166
   144.0000      -60.00000    
   162.0000      -60.00000    
   162.0000      -50.00000    
   144.0000      -50.00000    
> -G180/247/166
   162.0000      -60.00000    
   180.0000      -60.00000    
   180.0000      -50.00000    
   162.0000      -50.00000    
> -G241/230/116
   180.0000      -60.00000    
   198.0000      -60.00000    
   198.0000      -50.00000    
   180.0000      -50.00000    
> -G208/252/157
   198.0000      -60.00000    
   216.0000      -60.00000    
   216.0000      -50.00000    
   198.0000      -50.00000    
> -G171/244/168
   216.0000      -60.00000    
   234.0000      -60.00000    
   234.0000      -50.00000    
   216.0000      -50.00000    
> -G130/236/195
   234.0000      -60.00000    
   252.0000      -60.00000    
   252.0000      -50.00000    
   234.0000      -50.00000    
> -G167/244/170
   252.0000      -60.00000    
   270.0000      -60.00000    
   270.0000      -50.00000    
   252.0000      -50.00000    
> -G119/233/206
   270.0000      -60.00000    
   288.0000      -60.00000    
   288.0000      -50.00000    
   270.0000      -50.00000    
> -G108/229/223
   288.0000      -60.00000    
   306.0000      -60.00000    
   306.0000      -50.00000    
   288.0000      -50.00000    
> -G110/230/219
   306.0000      -60.00000    
   324.0000      -60.00000    
   324.0000      -50.00000    
   306.0000      -50.00000    
> -G114/231/214
   324.0000      -60.00000    
   342.0000      -60.00000    
   342.0000      -50.00000    
   324.0000      -50.00000    
> -G107/228/224
   342.0000      -60.00000    
   360.0000      -60.00000    
   360.0000      -50.00000    
   342.0000      -50.00000    
> -G178/246/166
  0.0000000E+00  -70.00000    
   22.50000      -70.00000    
   22.50000      -60.00000    
  0.0000000E+00  -60.00000    
> -G169/244/169
   22.50000      -70.00000    
   45.00000      -70.00000    
   45.00000      -60.00000    
   22.50000      -60.00000    
> -G148/240/183
   45.00000      -70.00000    
   67.50000      -70.00000    
   67.50000      -60.00000    
   45.00000      -60.00000    
> -G127/235/197
   67.50000      -70.00000    
   90.00000      -70.00000    
   90.00000      -60.00000    
   67.50000      -60.00000    
> -G111/230/218
   90.00000      -70.00000    
   112.5000      -70.00000    
   112.5000      -60.00000    
   90.00000      -60.00000    
> -G108/229/223
   112.5000      -70.00000    
   135.0000      -70.00000    
   135.0000      -60.00000    
   112.5000      -60.00000    
> -G128/235/197
   135.0000      -70.00000    
   157.5000      -70.00000    
   157.5000      -60.00000    
   135.0000      -60.00000    
> -G225/244/138
   157.5000      -70.00000    
   180.0000      -70.00000    
   180.0000      -60.00000    
   157.5000      -60.00000    
> -G240/235/120
   180.0000      -70.00000    
   202.5000      -70.00000    
   202.5000      -60.00000    
   180.0000      -60.00000    
> -G215/249/149
   202.5000      -70.00000    
   225.0000      -70.00000    
   225.0000      -60.00000    
   202.5000      -60.00000    
> -G180/247/166
   225.0000      -70.00000    
   247.5000      -70.00000    
   247.5000      -60.00000    
   225.0000      -60.00000    
> -G105/228/227
   247.5000      -70.00000    
   270.0000      -70.00000    
   270.0000      -60.00000    
   247.5000      -60.00000    
> -G088/218/244
   270.0000      -70.00000    
   292.5000      -70.00000    
   292.5000      -60.00000    
   270.0000      -60.00000    
> -G088/218/244
   292.5000      -70.00000    
   315.0000      -70.00000    
   315.0000      -60.00000    
   292.5000      -60.00000    
> -G193/251/164
   315.0000      -70.00000    
   337.5000      -70.00000    
   337.5000      -60.00000    
   315.0000      -60.00000    
> -G183/248/165
   337.5000      -70.00000    
   360.0000      -70.00000    
   360.0000      -60.00000    
   337.5000      -60.00000    
> -G145/239/185
  0.0000000E+00  -80.00000    
   36.00000      -80.00000    
   36.00000      -70.00000    
  0.0000000E+00  -70.00000    
> -G141/238/188
   36.00000      -80.00000    
   72.00000      -80.00000    
   72.00000      -70.00000    
   36.00000      -70.00000    
> -G194/251/163
   72.00000      -80.00000    
   108.0000      -80.00000    
   108.0000      -70.00000    
   72.00000      -70.00000    
> -G175/246/167
   108.0000      -80.00000    
   144.0000      -80.00000    
   144.0000      -70.00000    
   108.0000      -70.00000    
> -G182/248/166
   144.0000      -80.00000    
   180.0000      -80.00000    
   180.0000      -70.00000    
   144.0000      -70.00000    
> -G191/251/164
   180.0000      -80.00000    
   216.0000      -80.00000    
   216.0000      -70.00000    
   180.0000      -70.00000    
> -G197/252/163
   216.0000      -80.00000    
   252.0000      -80.00000    
   252.0000      -70.00000    
   216.0000      -70.00000    
> -G123/234/200
   252.0000      -80.00000    
   288.0000      -80.00000    
   288.0000      -70.00000    
   252.0000      -70.00000    
> -G134/237/192
   288.0000      -80.00000    
   324.0000      -80.00000    
   324.0000      -70.00000    
   288.0000      -70.00000    
> -G185/249/165
   324.0000      -80.00000    
   360.0000      -80.00000    
   360.0000      -70.00000    
   324.0000      -70.00000    
> -G116/232/210
  0.0000000E+00  -90.00000    
   90.00000      -90.00000    
   90.00000      -80.00000    
  0.0000000E+00  -80.00000    
> -G193/251/164
   90.00000      -90.00000    
   180.0000      -90.00000    
   180.0000      -80.00000    
   90.00000      -80.00000    
> -G246/216/105
   180.0000      -90.00000    
   270.0000      -90.00000    
   270.0000      -80.00000    
   180.0000      -80.00000    
> -G203/254/162
   270.0000      -90.00000    
   360.0000      -90.00000    
   360.0000      -80.00000    
   270.0000      -80.00000    
