> -G250/193/090
  0.0000000E+00   80.00000    
   90.00000       80.00000    
   90.00000       90.00000    
  0.0000000E+00   90.00000    
> -G248/204/097
   90.00000       80.00000    
   180.0000       80.00000    
   180.0000       90.00000    
   90.00000       90.00000    
> -G139/238/189
   180.0000       80.00000    
   270.0000       80.00000    
   270.0000       90.00000    
   180.0000       90.00000    
> -G124/235/199
   270.0000       80.00000    
   360.0000       80.00000    
   360.0000       90.00000    
   270.0000       90.00000    
> -G244/222/110
  0.0000000E+00   70.00000    
   36.00000       70.00000    
   36.00000       80.00000    
  0.0000000E+00   80.00000    
> -G249/200/094
   36.00000       70.00000    
   72.00000       70.00000    
   72.00000       80.00000    
   36.00000       80.00000    
> -G218/247/145
   72.00000       70.00000    
   108.0000       70.00000    
   108.0000       80.00000    
   72.00000       80.00000    
> -G150/240/182
   108.0000       70.00000    
   144.0000       70.00000    
   144.0000       80.00000    
   108.0000       80.00000    
> -G175/245/167
   144.0000       70.00000    
   180.0000       70.00000    
   180.0000       80.00000    
   144.0000       80.00000    
> -G186/249/165
   180.0000       70.00000    
   216.0000       70.00000    
   216.0000       80.00000    
   180.0000       80.00000    
> -G102/226/232
   216.0000       70.00000    
   252.0000       70.00000    
   252.0000       80.00000    
   216.0000       80.00000    
> -G094/223/241
   252.0000       70.00000    
   288.0000       70.00000    
   288.0000       80.00000    
   252.0000       80.00000    
> -G057/195/255
   288.0000       70.00000    
   324.0000       70.00000    
   324.0000       80.00000    
   288.0000       80.00000    
> -G154/241/179
   324.0000       70.00000    
   360.0000       70.00000    
   360.0000       80.00000    
   324.0000       80.00000    
> -G169/244/169
  0.0000000E+00   60.00000    
   22.50000       60.00000    
   22.50000       70.00000    
  0.0000000E+00   70.00000    
> -G209/252/156
   22.50000       60.00000    
   45.00000       60.00000    
   45.00000       70.00000    
   22.50000       70.00000    
> -G173/245/167
   45.00000       60.00000    
   67.50000       60.00000    
   67.50000       70.00000    
   45.00000       70.00000    
> -G152/240/181
   67.50000       60.00000    
   90.00000       60.00000    
   90.00000       70.00000    
   67.50000       70.00000    
> -G000/038/222
   90.00000       60.00000    
   112.5000       60.00000    
   112.5000       70.00000    
   90.00000       70.00000    
> -G006/084/235
   112.5000       60.00000    
   135.0000       60.00000    
   135.0000       70.00000    
   112.5000       70.00000    
> -G162/242/174
   135.0000       60.00000    
   157.5000       60.00000    
   157.5000       70.00000    
   135.0000       70.00000    
> -G208/253/158
   157.5000       60.00000    
   180.0000       60.00000    
   180.0000       70.00000    
   157.5000       70.00000    
> -G242/228/114
   180.0000       60.00000    
   202.5000       60.00000    
   202.5000       70.00000    
   180.0000       70.00000    
> -G154/241/179
   202.5000       60.00000    
   225.0000       60.00000    
   225.0000       70.00000    
   202.5000       70.00000    
> -G192/251/164
   225.0000       60.00000    
   247.5000       60.00000    
   247.5000       70.00000    
   225.0000       70.00000    
> -G121/234/203
   247.5000       60.00000    
   270.0000       60.00000    
   270.0000       70.00000    
   247.5000       70.00000    
> -G047/189/255
   270.0000       60.00000    
   292.5000       60.00000    
   292.5000       70.00000    
   270.0000       70.00000    
> -G083/214/246
   292.5000       60.00000    
   315.0000       60.00000    
   315.0000       70.00000    
   292.5000       70.00000    
> -G240/093/076
   315.0000       60.00000    
   337.5000       60.00000    
   337.5000       70.00000    
   315.0000       70.00000    
> -G255/125/125
   337.5000       60.00000    
   360.0000       60.00000    
   360.0000       70.00000    
   337.5000       70.00000    
> -G198/253/163
  0.0000000E+00   50.00000    
   18.00000       50.00000    
   18.00000       60.00000    
  0.0000000E+00   60.00000    
> -G117/232/209
   18.00000       50.00000    
   36.00000       50.00000    
   36.00000       60.00000    
   18.00000       60.00000    
> -G175/246/167
   36.00000       50.00000    
   54.00000       50.00000    
   54.00000       60.00000    
   36.00000       60.00000    
> -G201/253/162
   54.00000       50.00000    
   72.00000       50.00000    
   72.00000       60.00000    
   54.00000       60.00000    
> -G039/183/255
   72.00000       50.00000    
   90.00000       50.00000    
   90.00000       60.00000    
   72.00000       60.00000    
> -G126/235/198
   90.00000       50.00000    
   108.0000       50.00000    
   108.0000       60.00000    
   90.00000       60.00000    
> -G021/160/252
   108.0000       50.00000    
   126.0000       50.00000    
   126.0000       60.00000    
   108.0000       60.00000    
> -G034/180/255
   126.0000       50.00000    
   144.0000       50.00000    
   144.0000       60.00000    
   126.0000       60.00000    
> -G159/242/176
   144.0000       50.00000    
   162.0000       50.00000    
   162.0000       60.00000    
   144.0000       60.00000    
> -G141/238/188
   162.0000       50.00000    
   180.0000       50.00000    
   180.0000       60.00000    
   162.0000       60.00000    
> -G102/226/232
   180.0000       50.00000    
   198.0000       50.00000    
   198.0000       60.00000    
   180.0000       60.00000    
> -G109/229/221
   198.0000       50.00000    
   216.0000       50.00000    
   216.0000       60.00000    
   198.0000       60.00000    
> -G221/245/142
   216.0000       50.00000    
   234.0000       50.00000    
   234.0000       60.00000    
   216.0000       60.00000    
> -G108/229/223
   234.0000       50.00000    
   252.0000       50.00000    
   252.0000       60.00000    
   234.0000       60.00000    
> -G112/230/216
   252.0000       50.00000    
   270.0000       50.00000    
   270.0000       60.00000    
   252.0000       60.00000    
> -G081/213/247
   270.0000       50.00000    
   288.0000       50.00000    
   288.0000       60.00000    
   270.0000       60.00000    
> -G118/233/207
   288.0000       50.00000    
   306.0000       50.00000    
   306.0000       60.00000    
   288.0000       60.00000    
> -G246/215/104
   306.0000       50.00000    
   324.0000       50.00000    
   324.0000       60.00000    
   306.0000       60.00000    
> -G250/190/088
   324.0000       50.00000    
   342.0000       50.00000    
   342.0000       60.00000    
   324.0000       60.00000    
> -G145/239/185
   342.0000       50.00000    
   360.0000       50.00000    
   360.0000       60.00000    
   342.0000       60.00000    
> -G087/217/244
  0.0000000E+00   40.00000    
   13.84615       40.00000    
   13.84615       50.00000    
  0.0000000E+00   50.00000    
> -G190/250/164
   13.84615       40.00000    
   27.69231       40.00000    
   27.69231       50.00000    
   13.84615       50.00000    
> -G247/085/084
   27.69231       40.00000    
   41.53846       40.00000    
   41.53846       50.00000    
   27.69231       50.00000    
> -G231/240/131
   41.53846       40.00000    
   55.38462       40.00000    
   55.38462       50.00000    
   41.53846       50.00000    
> -G240/235/120
   55.38462       40.00000    
   69.23077       40.00000    
   69.23077       50.00000    
   55.38462       50.00000    
> -G173/245/167
   69.23077       40.00000    
   83.07693       40.00000    
   83.07693       50.00000    
   69.23077       50.00000    
> -G109/229/220
   83.07693       40.00000    
   96.92308       40.00000    
   96.92308       50.00000    
   83.07693       50.00000    
> -G155/241/179
   96.92308       40.00000    
   110.7692       40.00000    
   110.7692       50.00000    
   96.92308       50.00000    
> -G170/244/168
   110.7692       40.00000    
   124.6154       40.00000    
   124.6154       50.00000    
   110.7692       50.00000    
> -G019/152/251
   124.6154       40.00000    
   138.4615       40.00000    
   138.4615       50.00000    
   124.6154       50.00000    
> -G014/135/249
   138.4615       40.00000    
   152.3077       40.00000    
   152.3077       50.00000    
   138.4615       50.00000    
> -G092/221/242
   152.3077       40.00000    
   166.1539       40.00000    
   166.1539       50.00000    
   152.3077       50.00000    
> -G103/227/229
   166.1539       40.00000    
   180.0000       40.00000    
   180.0000       50.00000    
   166.1539       50.00000    
> -G116/232/211
   180.0000       40.00000    
   193.8462       40.00000    
   193.8462       50.00000    
   180.0000       50.00000    
> -G169/244/169
   193.8462       40.00000    
   207.6923       40.00000    
   207.6923       50.00000    
   193.8462       50.00000    
> -G214/249/151
   207.6923       40.00000    
   221.5385       40.00000    
   221.5385       50.00000    
   207.6923       50.00000    
> -G243/225/112
   221.5385       40.00000    
   235.3846       40.00000    
   235.3846       50.00000    
   221.5385       50.00000    
> -G177/246/167
   235.3846       40.00000    
   249.2308       40.00000    
   249.2308       50.00000    
   235.3846       50.00000    
> -G243/224/111
   249.2308       40.00000    
   263.0769       40.00000    
   263.0769       50.00000    
   249.2308       50.00000    
> -G164/243/172
   263.0769       40.00000    
   276.9231       40.00000    
   276.9231       50.00000    
   263.0769       50.00000    
> -G175/246/167
   276.9231       40.00000    
   290.7693       40.00000    
   290.7693       50.00000    
   276.9231       50.00000    
> -G122/234/201
   290.7692       40.00000    
   304.6154       40.00000    
   304.6154       50.00000    
   290.7692       50.00000    
> -G091/220/242
   304.6154       40.00000    
   318.4615       40.00000    
   318.4615       50.00000    
   304.6154       50.00000    
> -G241/231/117
   318.4615       40.00000    
   332.3077       40.00000    
   332.3077       50.00000    
   318.4615       50.00000    
> -G233/239/129
   332.3077       40.00000    
   346.1539       40.00000    
   346.1539       50.00000    
   332.3077       50.00000    
> -G240/233/119
   346.1539       40.00000    
   360.0000       40.00000    
   360.0000       50.00000    
   346.1539       50.00000    
> -G190/250/164
  0.0000000E+00   30.00000    
   12.00000       30.00000    
   12.00000       40.00000    
  0.0000000E+00   40.00000    
> -G231/240/130
   12.00000       30.00000    
   24.00000       30.00000    
   24.00000       40.00000    
   12.00000       40.00000    
> -G186/249/165
   24.00000       30.00000    
   36.00000       30.00000    
   36.00000       40.00000    
   24.00000       40.00000    
> -G250/191/089
   36.00000       30.00000    
   48.00000       30.00000    
   48.00000       40.00000    
   36.00000       40.00000    
> -G213/250/152
   48.00000       30.00000    
   60.00000       30.00000    
   60.00000       40.00000    
   48.00000       40.00000    
> -G201/254/162
   60.00000       30.00000    
   72.00000       30.00000    
   72.00000       40.00000    
   60.00000       40.00000    
> -G092/221/242
   72.00000       30.00000    
   84.00000       30.00000    
   84.00000       40.00000    
   72.00000       40.00000    
> -G121/234/203
   84.00000       30.00000    
   96.00000       30.00000    
   96.00000       40.00000    
   84.00000       40.00000    
> -G108/229/222
   96.00000       30.00000    
   108.0000       30.00000    
   108.0000       40.00000    
   96.00000       40.00000    
> -G120/233/204
   108.0000       30.00000    
   120.0000       30.00000    
   120.0000       40.00000    
   108.0000       40.00000    
> -G120/233/205
   120.0000       30.00000    
   132.0000       30.00000    
   132.0000       40.00000    
   120.0000       40.00000    
> -G038/183/255
   132.0000       30.00000    
   144.0000       30.00000    
   144.0000       40.00000    
   132.0000       40.00000    
> -G075/208/250
   144.0000       30.00000    
   156.0000       30.00000    
   156.0000       40.00000    
   144.0000       40.00000    
> -G120/233/205
   156.0000       30.00000    
   168.0000       30.00000    
   168.0000       40.00000    
   156.0000       40.00000    
> -G166/243/171
   168.0000       30.00000    
   180.0000       30.00000    
   180.0000       40.00000    
   168.0000       40.00000    
> -G208/253/158
   180.0000       30.00000    
   192.0000       30.00000    
   192.0000       40.00000    
   180.0000       40.00000    
> -G240/235/120
   192.0000       30.00000    
   204.0000       30.00000    
   204.0000       40.00000    
   192.0000       40.00000    
> -G241/232/117
   204.0000       30.00000    
   216.0000       30.00000    
   216.0000       40.00000    
   204.0000       40.00000    
> -G242/229/115
   216.0000       30.00000    
   228.0000       30.00000    
   228.0000       40.00000    
   216.0000       40.00000    
> -G227/242/135
   228.0000       30.00000    
   240.0000       30.00000    
   240.0000       40.00000    
   228.0000       40.00000    
> -G242/227/114
   240.0000       30.00000    
   252.0000       30.00000    
   252.0000       40.00000    
   240.0000       40.00000    
> -G201/253/162
   252.0000       30.00000    
   264.0000       30.00000    
   264.0000       40.00000    
   252.0000       40.00000    
> -G026/176/255
   264.0000       30.00000    
   276.0000       30.00000    
   276.0000       40.00000    
   264.0000       40.00000    
> -G127/235/197
   276.0000       30.00000    
   288.0000       30.00000    
   288.0000       40.00000    
   276.0000       40.00000    
> -G201/254/162
   288.0000       30.00000    
   300.0000       30.00000    
   300.0000       40.00000    
   288.0000       40.00000    
> -G219/246/144
   300.0000       30.00000    
   312.0000       30.00000    
   312.0000       40.00000    
   300.0000       40.00000    
> -G246/215/104
   312.0000       30.00000    
   324.0000       30.00000    
   324.0000       40.00000    
   312.0000       40.00000    
> -G248/207/099
   324.0000       30.00000    
   336.0000       30.00000    
   336.0000       40.00000    
   324.0000       40.00000    
> -G224/244/139
   336.0000       30.00000    
   348.0000       30.00000    
   348.0000       40.00000    
   336.0000       40.00000    
> -G097/225/239
   348.0000       30.00000    
   360.0000       30.00000    
   360.0000       40.00000    
   348.0000       40.00000    
> -G072/205/252
  0.0000000E+00   20.00000    
   11.25000       20.00000    
   11.25000       30.00000    
  0.0000000E+00   30.00000    
> -G152/240/180
   11.25000       20.00000    
   22.50000       20.00000    
   22.50000       30.00000    
   11.25000       30.00000    
> -G206/254/160
   22.50000       20.00000    
   33.75000       20.00000    
   33.75000       30.00000    
   22.50000       30.00000    
> -G250/138/071
   33.75000       20.00000    
   45.00000       20.00000    
   45.00000       30.00000    
   33.75000       30.00000    
> -G202/254/162
   45.00000       20.00000    
   56.25000       20.00000    
   56.25000       30.00000    
   45.00000       30.00000    
> -G203/254/162
   56.25000       20.00000    
   67.50000       20.00000    
   67.50000       30.00000    
   56.25000       30.00000    
> -G181/247/166
   67.50000       20.00000    
   78.75000       20.00000    
   78.75000       30.00000    
   67.50000       30.00000    
> -G022/163/253
   78.75000       20.00000    
   90.00000       20.00000    
   90.00000       30.00000    
   78.75000       30.00000    
> -G056/194/255
   90.00000       20.00000    
   101.2500       20.00000    
   101.2500       30.00000    
   90.00000       30.00000    
> -G146/239/184
   101.2500       20.00000    
   112.5000       20.00000    
   112.5000       30.00000    
   101.2500       30.00000    
> -G145/239/185
   112.5000       20.00000    
   123.7500       20.00000    
   123.7500       30.00000    
   112.5000       30.00000    
> -G184/248/165
   123.7500       20.00000    
   135.0000       20.00000    
   135.0000       30.00000    
   123.7500       30.00000    
> -G205/254/161
   135.0000       20.00000    
   146.2500       20.00000    
   146.2500       30.00000    
   135.0000       30.00000    
> -G176/246/167
   146.2500       20.00000    
   157.5000       20.00000    
   157.5000       30.00000    
   146.2500       30.00000    
> -G152/240/180
   157.5000       20.00000    
   168.7500       20.00000    
   168.7500       30.00000    
   157.5000       30.00000    
> -G184/248/165
   168.7500       20.00000    
   180.0000       20.00000    
   180.0000       30.00000    
   168.7500       30.00000    
> -G228/242/134
   180.0000       20.00000    
   191.2500       20.00000    
   191.2500       30.00000    
   180.0000       30.00000    
> -G254/161/069
   191.2500       20.00000    
   202.5000       20.00000    
   202.5000       30.00000    
   191.2500       30.00000    
> -G251/183/083
   202.5000       20.00000    
   213.7500       20.00000    
   213.7500       30.00000    
   202.5000       30.00000    
> -G242/227/113
   213.7500       20.00000    
   225.0000       20.00000    
   225.0000       30.00000    
   213.7500       30.00000    
> -G241/232/118
   225.0000       20.00000    
   236.2500       20.00000    
   236.2500       30.00000    
   225.0000       30.00000    
> -G249/195/091
   236.2500       20.00000    
   247.5000       20.00000    
   247.5000       30.00000    
   236.2500       30.00000    
> -G235/238/125
   247.5000       20.00000    
   258.7500       20.00000    
   258.7500       30.00000    
   247.5000       30.00000    
> -G115/231/212
   258.7500       20.00000    
   270.0000       20.00000    
   270.0000       30.00000    
   258.7500       30.00000    
> -G191/250/164
   270.0000       20.00000    
   281.2500       20.00000    
   281.2500       30.00000    
   270.0000       30.00000    
> -G118/233/207
   281.2500       20.00000    
   292.5000       20.00000    
   292.5000       30.00000    
   281.2500       30.00000    
> -G101/226/233
   292.5000       20.00000    
   303.7500       20.00000    
   303.7500       30.00000    
   292.5000       30.00000    
> -G227/242/135
   303.7500       20.00000    
   315.0000       20.00000    
   315.0000       30.00000    
   303.7500       30.00000    
> -G241/232/118
   315.0000       20.00000    
   326.2500       20.00000    
   326.2500       30.00000    
   315.0000       30.00000    
> -G237/237/123
   326.2500       20.00000    
   337.5000       20.00000    
   337.5000       30.00000    
   326.2500       30.00000    
> -G243/226/113
   337.5000       20.00000    
   348.7500       20.00000    
   348.7500       30.00000    
   337.5000       30.00000    
> -G086/217/245
   348.7500       20.00000    
   360.0000       20.00000    
   360.0000       30.00000    
   348.7500       30.00000    
> -G019/152/251
  0.0000000E+00   10.00000    
   10.58823       10.00000    
   10.58823       20.00000    
  0.0000000E+00   20.00000    
> -G073/206/252
   10.58823       10.00000    
   21.17647       10.00000    
   21.17647       20.00000    
   10.58823       20.00000    
> -G167/244/170
   21.17647       10.00000    
   31.76471       10.00000    
   31.76471       20.00000    
   21.17647       20.00000    
> -G250/139/071
   31.76471       10.00000    
   42.35294       10.00000    
   42.35294       20.00000    
   31.76471       20.00000    
> -G247/209/100
   42.35294       10.00000    
   52.94117       10.00000    
   52.94117       20.00000    
   42.35294       20.00000    
> -G228/242/134
   52.94117       10.00000    
   63.52941       10.00000    
   63.52941       20.00000    
   52.94117       20.00000    
> -G183/248/165
   63.52941       10.00000    
   74.11765       10.00000    
   74.11765       20.00000    
   63.52941       20.00000    
> -G122/234/201
   74.11765       10.00000    
   84.70588       10.00000    
   84.70588       20.00000    
   74.11765       20.00000    
> -G173/245/167
   84.70588       10.00000    
   95.29411       10.00000    
   95.29411       20.00000    
   84.70588       20.00000    
> -G156/241/178
   95.29411       10.00000    
   105.8823       10.00000    
   105.8823       20.00000    
   95.29411       20.00000    
> -G212/251/153
   105.8823       10.00000    
   116.4706       10.00000    
   116.4706       20.00000    
   105.8823       20.00000    
> -G185/249/165
   116.4706       10.00000    
   127.0588       10.00000    
   127.0588       20.00000    
   116.4706       20.00000    
> -G095/223/240
   127.0588       10.00000    
   137.6471       10.00000    
   137.6471       20.00000    
   127.0588       20.00000    
> -G155/241/178
   137.6470       10.00000    
   148.2353       10.00000    
   148.2353       20.00000    
   137.6470       20.00000    
> -G108/229/223
   148.2353       10.00000    
   158.8235       10.00000    
   158.8235       20.00000    
   148.2353       20.00000    
> -G144/239/186
   158.8235       10.00000    
   169.4118       10.00000    
   169.4118       20.00000    
   158.8235       20.00000    
> -G154/241/179
   169.4118       10.00000    
   180.0000       10.00000    
   180.0000       20.00000    
   169.4118       20.00000    
> -G188/250/164
   180.0000       10.00000    
   190.5882       10.00000    
   190.5882       20.00000    
   180.0000       20.00000    
> -G245/219/107
   190.5882       10.00000    
   201.1765       10.00000    
   201.1765       20.00000    
   190.5882       20.00000    
> -G251/183/083
   201.1765       10.00000    
   211.7647       10.00000    
   211.7647       20.00000    
   201.1765       20.00000    
> -G238/236/122
   211.7647       10.00000    
   222.3529       10.00000    
   222.3529       20.00000    
   211.7647       20.00000    
> -G173/245/167
   222.3529       10.00000    
   232.9412       10.00000    
   232.9412       20.00000    
   222.3529       20.00000    
> -G168/244/170
   232.9412       10.00000    
   243.5294       10.00000    
   243.5294       20.00000    
   232.9412       20.00000    
> -G205/254/160
   243.5294       10.00000    
   254.1176       10.00000    
   254.1176       20.00000    
   243.5294       20.00000    
> -G241/232/118
   254.1176       10.00000    
   264.7059       10.00000    
   264.7059       20.00000    
   254.1176       20.00000    
> -G209/252/156
   264.7059       10.00000    
   275.2941       10.00000    
   275.2941       20.00000    
   264.7059       20.00000    
> -G200/253/162
   275.2941       10.00000    
   285.8823       10.00000    
   285.8823       20.00000    
   275.2941       20.00000    
> -G119/233/207
   285.8824       10.00000    
   296.4706       10.00000    
   296.4706       20.00000    
   285.8824       20.00000    
> -G107/228/224
   296.4706       10.00000    
   307.0588       10.00000    
   307.0588       20.00000    
   296.4706       20.00000    
> -G220/246/144
   307.0588       10.00000    
   317.6470       10.00000    
   317.6470       20.00000    
   307.0588       20.00000    
> -G236/238/125
   317.6470       10.00000    
   328.2353       10.00000    
   328.2353       20.00000    
   317.6470       20.00000    
> -G229/241/133
   328.2353       10.00000    
   338.8235       10.00000    
   338.8235       20.00000    
   328.2353       20.00000    
> -G086/217/245
   338.8235       10.00000    
   349.4117       10.00000    
   349.4117       20.00000    
   338.8235       20.00000    
> -G002/009/196
   349.4117       10.00000    
   360.0000       10.00000    
   360.0000       20.00000    
   349.4117       20.00000    
> -G091/220/242
  0.0000000E+00  0.0000000E+00
   10.00000      0.0000000E+00
   10.00000       10.00000    
  0.0000000E+00   10.00000    
> -G017/144/250
   10.00000      0.0000000E+00
   20.00000      0.0000000E+00
   20.00000       10.00000    
   10.00000       10.00000    
> -G029/178/255
   20.00000      0.0000000E+00
   30.00000      0.0000000E+00
   30.00000       10.00000    
   20.00000       10.00000    
> -G242/228/115
   30.00000      0.0000000E+00
   40.00000      0.0000000E+00
   40.00000       10.00000    
   30.00000       10.00000    
> -G243/083/081
   40.00000      0.0000000E+00
   50.00000      0.0000000E+00
   50.00000       10.00000    
   40.00000       10.00000    
> -G247/212/102
   50.00000      0.0000000E+00
   60.00000      0.0000000E+00
   60.00000       10.00000    
   50.00000       10.00000    
> -G248/131/072
   60.00000      0.0000000E+00
   70.00000      0.0000000E+00
   70.00000       10.00000    
   60.00000       10.00000    
> -G248/207/099
   70.00000      0.0000000E+00
   80.00000      0.0000000E+00
   80.00000       10.00000    
   70.00000       10.00000    
> -G163/243/173
   80.00000      0.0000000E+00
   90.00000      0.0000000E+00
   90.00000       10.00000    
   80.00000       10.00000    
> -G142/238/187
   90.00000      0.0000000E+00
   100.0000      0.0000000E+00
   100.0000       10.00000    
   90.00000       10.00000    
> -G095/224/240
   100.0000      0.0000000E+00
   110.0000      0.0000000E+00
   110.0000       10.00000    
   100.0000       10.00000    
> -G097/225/238
   110.0000      0.0000000E+00
   120.0000      0.0000000E+00
   120.0000       10.00000    
   110.0000       10.00000    
> -G142/238/187
   120.0000      0.0000000E+00
   130.0000      0.0000000E+00
   130.0000       10.00000    
   120.0000       10.00000    
> -G111/230/218
   130.0000      0.0000000E+00
   140.0000      0.0000000E+00
   140.0000       10.00000    
   130.0000       10.00000    
> -G137/237/191
   140.0000      0.0000000E+00
   150.0000      0.0000000E+00
   150.0000       10.00000    
   140.0000       10.00000    
> -G091/221/242
   150.0000      0.0000000E+00
   160.0000      0.0000000E+00
   160.0000       10.00000    
   150.0000       10.00000    
> -G103/227/230
   160.0000      0.0000000E+00
   170.0000      0.0000000E+00
   170.0000       10.00000    
   160.0000       10.00000    
> -G106/228/225
   170.0000      0.0000000E+00
   180.0000      0.0000000E+00
   180.0000       10.00000    
   170.0000       10.00000    
> -G146/239/184
   180.0000      0.0000000E+00
   190.0000      0.0000000E+00
   190.0000       10.00000    
   180.0000       10.00000    
> -G203/254/162
   190.0000      0.0000000E+00
   200.0000      0.0000000E+00
   200.0000       10.00000    
   190.0000       10.00000    
> -G232/239/129
   200.0000      0.0000000E+00
   210.0000      0.0000000E+00
   210.0000       10.00000    
   200.0000       10.00000    
> -G214/250/151
   210.0000      0.0000000E+00
   220.0000      0.0000000E+00
   220.0000       10.00000    
   210.0000       10.00000    
> -G159/242/176
   220.0000      0.0000000E+00
   230.0000      0.0000000E+00
   230.0000       10.00000    
   220.0000       10.00000    
> -G123/234/201
   230.0000      0.0000000E+00
   240.0000      0.0000000E+00
   240.0000       10.00000    
   230.0000       10.00000    
> -G151/240/181
   240.0000      0.0000000E+00
   250.0000      0.0000000E+00
   250.0000       10.00000    
   240.0000       10.00000    
> -G210/252/156
   250.0000      0.0000000E+00
   260.0000      0.0000000E+00
   260.0000       10.00000    
   250.0000       10.00000    
> -G240/233/118
   260.0000      0.0000000E+00
   270.0000      0.0000000E+00
   270.0000       10.00000    
   260.0000       10.00000    
> -G242/228/114
   270.0000      0.0000000E+00
   280.0000      0.0000000E+00
   280.0000       10.00000    
   270.0000       10.00000    
> -G159/242/176
   280.0000      0.0000000E+00
   290.0000      0.0000000E+00
   290.0000       10.00000    
   280.0000       10.00000    
> -G165/243/172
   290.0000      0.0000000E+00
   300.0000      0.0000000E+00
   300.0000       10.00000    
   290.0000       10.00000    
> -G126/235/198
   300.0000      0.0000000E+00
   310.0000      0.0000000E+00
   310.0000       10.00000    
   300.0000       10.00000    
> -G192/251/164
   310.0000      0.0000000E+00
   320.0000      0.0000000E+00
   320.0000       10.00000    
   310.0000       10.00000    
> -G242/229/115
   320.0000      0.0000000E+00
   330.0000      0.0000000E+00
   330.0000       10.00000    
   320.0000       10.00000    
> -G236/238/125
   330.0000      0.0000000E+00
   340.0000      0.0000000E+00
   340.0000       10.00000    
   330.0000       10.00000    
> -G171/244/168
   340.0000      0.0000000E+00
   350.0000      0.0000000E+00
   350.0000       10.00000    
   340.0000       10.00000    
> -G014/133/248
   350.0000      0.0000000E+00
   360.0000      0.0000000E+00
   360.0000       10.00000    
   350.0000       10.00000    
> -G114/231/214
  0.0000000E+00  -10.00000    
   10.00000      -10.00000    
   10.00000      0.0000000E+00
  0.0000000E+00  0.0000000E+00
> -G087/217/244
   10.00000      -10.00000    
   20.00000      -10.00000    
   20.00000      0.0000000E+00
   10.00000      0.0000000E+00
> -G086/216/245
   20.00000      -10.00000    
   30.00000      -10.00000    
   30.00000      0.0000000E+00
   20.00000      0.0000000E+00
> -G181/247/166
   30.00000      -10.00000    
   40.00000      -10.00000    
   40.00000      0.0000000E+00
   30.00000      0.0000000E+00
> -G241/232/118
   40.00000      -10.00000    
   50.00000      -10.00000    
   50.00000      0.0000000E+00
   40.00000      0.0000000E+00
> -G242/227/114
   50.00000      -10.00000    
   60.00000      -10.00000    
   60.00000      0.0000000E+00
   50.00000      0.0000000E+00
> -G243/226/113
   60.00000      -10.00000    
   70.00000      -10.00000    
   70.00000      0.0000000E+00
   60.00000      0.0000000E+00
> -G244/221/109
   70.00000      -10.00000    
   80.00000      -10.00000    
   80.00000      0.0000000E+00
   70.00000      0.0000000E+00
> -G101/226/232
   80.00000      -10.00000    
   90.00000      -10.00000    
   90.00000      0.0000000E+00
   80.00000      0.0000000E+00
> -G118/232/208
   90.00000      -10.00000    
   100.0000      -10.00000    
   100.0000      0.0000000E+00
   90.00000      0.0000000E+00
> -G151/240/181
   100.0000      -10.00000    
   110.0000      -10.00000    
   110.0000      0.0000000E+00
   100.0000      0.0000000E+00
> -G186/249/165
   110.0000      -10.00000    
   120.0000      -10.00000    
   120.0000      0.0000000E+00
   110.0000      0.0000000E+00
> -G197/252/163
   120.0000      -10.00000    
   130.0000      -10.00000    
   130.0000      0.0000000E+00
   120.0000      0.0000000E+00
> -G141/238/188
   130.0000      -10.00000    
   140.0000      -10.00000    
   140.0000      0.0000000E+00
   130.0000      0.0000000E+00
> -G186/249/165
   140.0000      -10.00000    
   150.0000      -10.00000    
   150.0000      0.0000000E+00
   140.0000      0.0000000E+00
> -G097/225/238
   150.0000      -10.00000    
   160.0000      -10.00000    
   160.0000      0.0000000E+00
   150.0000      0.0000000E+00
> -G103/227/229
   160.0000      -10.00000    
   170.0000      -10.00000    
   170.0000      0.0000000E+00
   160.0000      0.0000000E+00
> -G135/237/192
   170.0000      -10.00000    
   180.0000      -10.00000    
   180.0000      0.0000000E+00
   170.0000      0.0000000E+00
> -G196/252/163
   180.0000      -10.00000    
   190.0000      -10.00000    
   190.0000      0.0000000E+00
   180.0000      0.0000000E+00
> -G227/243/136
   190.0000      -10.00000    
   200.0000      -10.00000    
   200.0000      0.0000000E+00
   190.0000      0.0000000E+00
> -G234/238/127
   200.0000      -10.00000    
   210.0000      -10.00000    
   210.0000      0.0000000E+00
   200.0000      0.0000000E+00
> -G221/246/142
   210.0000      -10.00000    
   220.0000      -10.00000    
   220.0000      0.0000000E+00
   210.0000      0.0000000E+00
> -G146/239/185
   220.0000      -10.00000    
   230.0000      -10.00000    
   230.0000      0.0000000E+00
   220.0000      0.0000000E+00
> -G114/231/214
   230.0000      -10.00000    
   240.0000      -10.00000    
   240.0000      0.0000000E+00
   230.0000      0.0000000E+00
> -G171/244/168
   240.0000      -10.00000    
   250.0000      -10.00000    
   250.0000      0.0000000E+00
   240.0000      0.0000000E+00
> -G211/251/154
   250.0000      -10.00000    
   260.0000      -10.00000    
   260.0000      0.0000000E+00
   250.0000      0.0000000E+00
> -G170/244/168
   260.0000      -10.00000    
   270.0000      -10.00000    
   270.0000      0.0000000E+00
   260.0000      0.0000000E+00
> -G159/242/176
   270.0000      -10.00000    
   280.0000      -10.00000    
   280.0000      0.0000000E+00
   270.0000      0.0000000E+00
> -G120/233/205
   280.0000      -10.00000    
   290.0000      -10.00000    
   290.0000      0.0000000E+00
   280.0000      0.0000000E+00
> -G054/193/255
   290.0000      -10.00000    
   300.0000      -10.00000    
   300.0000      0.0000000E+00
   290.0000      0.0000000E+00
> -G048/189/255
   300.0000      -10.00000    
   310.0000      -10.00000    
   310.0000      0.0000000E+00
   300.0000      0.0000000E+00
> -G069/203/254
   310.0000      -10.00000    
   320.0000      -10.00000    
   320.0000      0.0000000E+00
   310.0000      0.0000000E+00
> -G096/224/240
   320.0000      -10.00000    
   330.0000      -10.00000    
   330.0000      0.0000000E+00
   320.0000      0.0000000E+00
> -G248/205/098
   330.0000      -10.00000    
   340.0000      -10.00000    
   340.0000      0.0000000E+00
   330.0000      0.0000000E+00
> -G237/237/123
   340.0000      -10.00000    
   350.0000      -10.00000    
   350.0000      0.0000000E+00
   340.0000      0.0000000E+00
> -G155/241/178
   350.0000      -10.00000    
   360.0000      -10.00000    
   360.0000      0.0000000E+00
   350.0000      0.0000000E+00
> -G104/227/228
  0.0000000E+00  -20.00000    
   10.58823      -20.00000    
   10.58823      -10.00000    
  0.0000000E+00  -10.00000    
> -G078/210/249
   10.58823      -20.00000    
   21.17647      -20.00000    
   21.17647      -10.00000    
   10.58823      -10.00000    
> -G020/157/252
   21.17647      -20.00000    
   31.76471      -20.00000    
   31.76471      -10.00000    
   21.17647      -10.00000    
> -G052/191/255
   31.76471      -20.00000    
   42.35294      -20.00000    
   42.35294      -10.00000    
   31.76471      -10.00000    
> -G150/240/182
   42.35294      -20.00000    
   52.94117      -20.00000    
   52.94117      -10.00000    
   42.35294      -10.00000    
> -G206/254/159
   52.94117      -20.00000    
   63.52941      -20.00000    
   63.52941      -10.00000    
   52.94117      -10.00000    
> -G232/239/129
   63.52941      -20.00000    
   74.11765      -20.00000    
   74.11765      -10.00000    
   63.52941      -10.00000    
> -G202/254/162
   74.11765      -20.00000    
   84.70588      -20.00000    
   84.70588      -10.00000    
   74.11765      -10.00000    
> -G185/249/165
   84.70588      -20.00000    
   95.29411      -20.00000    
   95.29411      -10.00000    
   84.70588      -10.00000    
> -G204/254/162
   95.29411      -20.00000    
   105.8823      -20.00000    
   105.8823      -10.00000    
   95.29411      -10.00000    
> -G100/226/234
   105.8823      -20.00000    
   116.4706      -20.00000    
   116.4706      -10.00000    
   105.8823      -10.00000    
> -G062/198/255
   116.4706      -20.00000    
   127.0588      -20.00000    
   127.0588      -10.00000    
   116.4706      -10.00000    
> -G092/221/242
   127.0588      -20.00000    
   137.6471      -20.00000    
   137.6471      -10.00000    
   127.0588      -10.00000    
> -G080/211/248
   137.6470      -20.00000    
   148.2353      -20.00000    
   148.2353      -10.00000    
   137.6470      -10.00000    
> -G125/235/198
   148.2353      -20.00000    
   158.8235      -20.00000    
   158.8235      -10.00000    
   148.2353      -10.00000    
> -G097/225/238
   158.8235      -20.00000    
   169.4118      -20.00000    
   169.4118      -10.00000    
   158.8235      -10.00000    
> -G232/240/129
   169.4118      -20.00000    
   180.0000      -20.00000    
   180.0000      -10.00000    
   169.4118      -10.00000    
> -G252/174/078
   180.0000      -20.00000    
   190.5882      -20.00000    
   190.5882      -10.00000    
   180.0000      -10.00000    
> -G242/227/113
   190.5882      -20.00000    
   201.1765      -20.00000    
   201.1765      -10.00000    
   190.5882      -10.00000    
> -G246/217/105
   201.1765      -20.00000    
   211.7647      -20.00000    
   211.7647      -10.00000    
   201.1765      -10.00000    
> -G254/157/069
   211.7647      -20.00000    
   222.3529      -20.00000    
   222.3529      -10.00000    
   211.7647      -10.00000    
> -G186/249/165
   222.3529      -20.00000    
   232.9412      -20.00000    
   232.9412      -10.00000    
   222.3529      -10.00000    
> -G179/247/166
   232.9412      -20.00000    
   243.5294      -20.00000    
   243.5294      -10.00000    
   232.9412      -10.00000    
> -G201/254/162
   243.5294      -20.00000    
   254.1176      -20.00000    
   254.1176      -10.00000    
   243.5294      -10.00000    
> -G116/232/210
   254.1176      -20.00000    
   264.7059      -20.00000    
   264.7059      -10.00000    
   254.1176      -10.00000    
> -G109/229/221
   264.7059      -20.00000    
   275.2941      -20.00000    
   275.2941      -10.00000    
   264.7059      -10.00000    
> -G094/222/241
   275.2941      -20.00000    
   285.8823      -20.00000    
   285.8823      -10.00000    
   275.2941      -10.00000    
> -G062/198/255
   285.8824      -20.00000    
   296.4706      -20.00000    
   296.4706      -10.00000    
   285.8824      -10.00000    
> -G100/226/235
   296.4706      -20.00000    
   307.0588      -20.00000    
   307.0588      -10.00000    
   296.4706      -10.00000    
> -G088/218/244
   307.0588      -20.00000    
   317.6470      -20.00000    
   317.6470      -10.00000    
   307.0588      -10.00000    
> -G012/125/246
   317.6470      -20.00000    
   328.2353      -20.00000    
   328.2353      -10.00000    
   317.6470      -10.00000    
> -G095/223/240
   328.2353      -20.00000    
   338.8235      -20.00000    
   338.8235      -10.00000    
   328.2353      -10.00000    
> -G184/248/165
   338.8235      -20.00000    
   349.4117      -20.00000    
   349.4117      -10.00000    
   338.8235      -10.00000    
> -G172/245/167
   349.4117      -20.00000    
   360.0000      -20.00000    
   360.0000      -10.00000    
   349.4117      -10.00000    
> -G123/234/200
  0.0000000E+00  -30.00000    
   11.25000      -30.00000    
   11.25000      -20.00000    
  0.0000000E+00  -20.00000    
> -G097/225/239
   11.25000      -30.00000    
   22.50000      -30.00000    
   22.50000      -20.00000    
   11.25000      -20.00000    
> -G013/130/248
   22.50000      -30.00000    
   33.75000      -30.00000    
   33.75000      -20.00000    
   22.50000      -20.00000    
> -G061/197/255
   33.75000      -30.00000    
   45.00000      -30.00000    
   45.00000      -20.00000    
   33.75000      -20.00000    
> -G166/243/171
   45.00000      -30.00000    
   56.25000      -30.00000    
   56.25000      -20.00000    
   45.00000      -20.00000    
> -G165/243/172
   56.25000      -30.00000    
   67.50000      -30.00000    
   67.50000      -20.00000    
   56.25000      -20.00000    
> -G156/241/178
   67.50000      -30.00000    
   78.75000      -30.00000    
   78.75000      -20.00000    
   67.50000      -20.00000    
> -G198/252/163
   78.75000      -30.00000    
   90.00000      -30.00000    
   90.00000      -20.00000    
   78.75000      -20.00000    
> -G221/246/142
   90.00000      -30.00000    
   101.2500      -30.00000    
   101.2500      -20.00000    
   90.00000      -20.00000    
> -G123/234/200
   101.2500      -30.00000    
   112.5000      -30.00000    
   112.5000      -20.00000    
   101.2500      -20.00000    
> -G000/044/225
   112.5000      -30.00000    
   123.7500      -30.00000    
   123.7500      -20.00000    
   112.5000      -20.00000    
> -G061/198/255
   123.7500      -30.00000    
   135.0000      -30.00000    
   135.0000      -20.00000    
   123.7500      -20.00000    
> -G030/178/255
   135.0000      -30.00000    
   146.2500      -30.00000    
   146.2500      -20.00000    
   135.0000      -20.00000    
> -G179/247/166
   146.2500      -30.00000    
   157.5000      -30.00000    
   157.5000      -20.00000    
   146.2500      -20.00000    
> -G162/243/174
   157.5000      -30.00000    
   168.7500      -30.00000    
   168.7500      -20.00000    
   157.5000      -20.00000    
> -G227/242/135
   168.7500      -30.00000    
   180.0000      -30.00000    
   180.0000      -20.00000    
   168.7500      -20.00000    
> -G242/227/114
   180.0000      -30.00000    
   191.2500      -30.00000    
   191.2500      -20.00000    
   180.0000      -20.00000    
> -G241/230/116
   191.2500      -30.00000    
   202.5000      -30.00000    
   202.5000      -20.00000    
   191.2500      -20.00000    
> -G248/130/072
   202.5000      -30.00000    
   213.7500      -30.00000    
   213.7500      -20.00000    
   202.5000      -20.00000    
> -G242/228/114
   213.7500      -30.00000    
   225.0000      -30.00000    
   225.0000      -20.00000    
   213.7500      -20.00000    
> -G188/250/164
   225.0000      -30.00000    
   236.2500      -30.00000    
   236.2500      -20.00000    
   225.0000      -20.00000    
> -G160/242/175
   236.2500      -30.00000    
   247.5000      -30.00000    
   247.5000      -20.00000    
   236.2500      -20.00000    
> -G157/242/177
   247.5000      -30.00000    
   258.7500      -30.00000    
   258.7500      -20.00000    
   247.5000      -20.00000    
> -G120/233/205
   258.7500      -30.00000    
   270.0000      -30.00000    
   270.0000      -20.00000    
   258.7500      -20.00000    
> -G127/235/197
   270.0000      -30.00000    
   281.2500      -30.00000    
   281.2500      -20.00000    
   270.0000      -20.00000    
> -G135/237/192
   281.2500      -30.00000    
   292.5000      -30.00000    
   292.5000      -20.00000    
   281.2500      -20.00000    
> -G047/189/255
   292.5000      -30.00000    
   303.7500      -30.00000    
   303.7500      -20.00000    
   292.5000      -20.00000    
> -G119/233/206
   303.7500      -30.00000    
   315.0000      -30.00000    
   315.0000      -20.00000    
   303.7500      -20.00000    
> -G110/229/220
   315.0000      -30.00000    
   326.2500      -30.00000    
   326.2500      -20.00000    
   315.0000      -20.00000    
> -G110/229/220
   326.2500      -30.00000    
   337.5000      -30.00000    
   337.5000      -20.00000    
   326.2500      -20.00000    
> -G209/252/156
   337.5000      -30.00000    
   348.7500      -30.00000    
   348.7500      -20.00000    
   337.5000      -20.00000    
> -G210/251/155
   348.7500      -30.00000    
   360.0000      -30.00000    
   360.0000      -20.00000    
   348.7500      -20.00000    
> -G191/250/164
  0.0000000E+00  -40.00000    
   12.00000      -40.00000    
   12.00000      -30.00000    
  0.0000000E+00  -30.00000    
> -G104/227/228
   12.00000      -40.00000    
   24.00000      -40.00000    
   24.00000      -30.00000    
   12.00000      -30.00000    
> -G109/229/221
   24.00000      -40.00000    
   36.00000      -40.00000    
   36.00000      -30.00000    
   24.00000      -30.00000    
> -G129/236/196
   36.00000      -40.00000    
   48.00000      -40.00000    
   48.00000      -30.00000    
   36.00000      -30.00000    
> -G171/244/168
   48.00000      -40.00000    
   60.00000      -40.00000    
   60.00000      -30.00000    
   48.00000      -30.00000    
> -G167/243/171
   60.00000      -40.00000    
   72.00000      -40.00000    
   72.00000      -30.00000    
   60.00000      -30.00000    
> -G198/253/163
   72.00000      -40.00000    
   84.00000      -40.00000    
   84.00000      -30.00000    
   72.00000      -30.00000    
> -G242/229/115
   84.00000      -40.00000    
   96.00000      -40.00000    
   96.00000      -30.00000    
   84.00000      -30.00000    
> -G220/246/144
   96.00000      -40.00000    
   108.0000      -40.00000    
   108.0000      -30.00000    
   96.00000      -30.00000    
> -G105/228/226
   108.0000      -40.00000    
   120.0000      -40.00000    
   120.0000      -30.00000    
   108.0000      -30.00000    
> -G099/225/236
   120.0000      -40.00000    
   132.0000      -40.00000    
   132.0000      -30.00000    
   120.0000      -30.00000    
> -G188/249/165
   132.0000      -40.00000    
   144.0000      -40.00000    
   144.0000      -30.00000    
   132.0000      -30.00000    
> -G181/247/166
   144.0000      -40.00000    
   156.0000      -40.00000    
   156.0000      -30.00000    
   144.0000      -30.00000    
> -G234/239/127
   156.0000      -40.00000    
   168.0000      -40.00000    
   168.0000      -30.00000    
   156.0000      -30.00000    
> -G099/226/235
   168.0000      -40.00000    
   180.0000      -40.00000    
   180.0000      -30.00000    
   168.0000      -30.00000    
> -G180/247/166
   180.0000      -40.00000    
   192.0000      -40.00000    
   192.0000      -30.00000    
   180.0000      -30.00000    
> -G244/223/110
   192.0000      -40.00000    
   204.0000      -40.00000    
   204.0000      -30.00000    
   192.0000      -30.00000    
> -G243/226/113
   204.0000      -40.00000    
   216.0000      -40.00000    
   216.0000      -30.00000    
   204.0000      -30.00000    
> -G195/251/163
   216.0000      -40.00000    
   228.0000      -40.00000    
   228.0000      -30.00000    
   216.0000      -30.00000    
> -G144/239/186
   228.0000      -40.00000    
   240.0000      -40.00000    
   240.0000      -30.00000    
   228.0000      -30.00000    
> -G134/237/193
   240.0000      -40.00000    
   252.0000      -40.00000    
   252.0000      -30.00000    
   240.0000      -30.00000    
> -G165/243/172
   252.0000      -40.00000    
   264.0000      -40.00000    
   264.0000      -30.00000    
   252.0000      -30.00000    
> -G159/242/176
   264.0000      -40.00000    
   276.0000      -40.00000    
   276.0000      -30.00000    
   264.0000      -30.00000    
> -G112/230/216
   276.0000      -40.00000    
   288.0000      -40.00000    
   288.0000      -30.00000    
   276.0000      -30.00000    
> -G044/187/255
   288.0000      -40.00000    
   300.0000      -40.00000    
   300.0000      -30.00000    
   288.0000      -30.00000    
> -G183/248/165
   300.0000      -40.00000    
   312.0000      -40.00000    
   312.0000      -30.00000    
   300.0000      -30.00000    
> -G191/250/164
   312.0000      -40.00000    
   324.0000      -40.00000    
   324.0000      -30.00000    
   312.0000      -30.00000    
> -G176/246/167
   324.0000      -40.00000    
   336.0000      -40.00000    
   336.0000      -30.00000    
   324.0000      -30.00000    
> -G191/250/164
   336.0000      -40.00000    
   348.0000      -40.00000    
   348.0000      -30.00000    
   336.0000      -30.00000    
> -G216/248/148
   348.0000      -40.00000    
   360.0000      -40.00000    
   360.0000      -30.00000    
   348.0000      -30.00000    
> -G185/249/165
  0.0000000E+00  -50.00000    
   13.84615      -50.00000    
   13.84615      -40.00000    
  0.0000000E+00  -40.00000    
> -G195/252/163
   13.84615      -50.00000    
   27.69231      -50.00000    
   27.69231      -40.00000    
   13.84615      -40.00000    
> -G159/242/176
   27.69231      -50.00000    
   41.53846      -50.00000    
   41.53846      -40.00000    
   27.69231      -40.00000    
> -G208/252/157
   41.53846      -50.00000    
   55.38462      -50.00000    
   55.38462      -40.00000    
   41.53846      -40.00000    
> -G237/237/124
   55.38462      -50.00000    
   69.23077      -50.00000    
   69.23077      -40.00000    
   55.38462      -40.00000    
> -G245/220/108
   69.23077      -50.00000    
   83.07693      -50.00000    
   83.07693      -40.00000    
   69.23077      -40.00000    
> -G251/184/084
   83.07693      -50.00000    
   96.92308      -50.00000    
   96.92308      -40.00000    
   83.07693      -40.00000    
> -G245/220/108
   96.92308      -50.00000    
   110.7692      -50.00000    
   110.7692      -40.00000    
   96.92308      -40.00000    
> -G201/253/162
   110.7692      -50.00000    
   124.6154      -50.00000    
   124.6154      -40.00000    
   110.7692      -40.00000    
> -G234/239/127
   124.6154      -50.00000    
   138.4615      -50.00000    
   138.4615      -40.00000    
   124.6154      -40.00000    
> -G242/229/115
   138.4615      -50.00000    
   152.3077      -50.00000    
   152.3077      -40.00000    
   138.4615      -40.00000    
> -G218/247/146
   152.3077      -50.00000    
   166.1539      -50.00000    
   166.1539      -40.00000    
   152.3077      -40.00000    
> -G184/248/165
   166.1539      -50.00000    
   180.0000      -50.00000    
   180.0000      -40.00000    
   166.1539      -40.00000    
> -G250/138/071
   180.0000      -50.00000    
   193.8462      -50.00000    
   193.8462      -40.00000    
   180.0000      -40.00000    
> -G249/200/094
   193.8462      -50.00000    
   207.6923      -50.00000    
   207.6923      -40.00000    
   193.8462      -40.00000    
> -G221/246/142
   207.6923      -50.00000    
   221.5385      -50.00000    
   221.5385      -40.00000    
   207.6923      -40.00000    
> -G175/246/167
   221.5385      -50.00000    
   235.3846      -50.00000    
   235.3846      -40.00000    
   221.5385      -40.00000    
> -G150/240/182
   235.3846      -50.00000    
   249.2308      -50.00000    
   249.2308      -40.00000    
   235.3846      -40.00000    
> -G170/244/169
   249.2308      -50.00000    
   263.0769      -50.00000    
   263.0769      -40.00000    
   249.2308      -40.00000    
> -G173/245/167
   263.0769      -50.00000    
   276.9231      -50.00000    
   276.9231      -40.00000    
   263.0769      -40.00000    
> -G167/244/170
   276.9231      -50.00000    
   290.7693      -50.00000    
   290.7693      -40.00000    
   276.9231      -40.00000    
> -G122/234/202
   290.7692      -50.00000    
   304.6154      -50.00000    
   304.6154      -40.00000    
   290.7692      -40.00000    
> -G186/249/165
   304.6154      -50.00000    
   318.4615      -50.00000    
   318.4615      -40.00000    
   304.6154      -40.00000    
> -G176/246/167
   318.4615      -50.00000    
   332.3077      -50.00000    
   332.3077      -40.00000    
   318.4615      -40.00000    
> -G140/238/188
   332.3077      -50.00000    
   346.1539      -50.00000    
   346.1539      -40.00000    
   332.3077      -40.00000    
> -G194/251/163
   346.1539      -50.00000    
   360.0000      -50.00000    
   360.0000      -40.00000    
   346.1539      -40.00000    
> -G161/242/174
  0.0000000E+00  -60.00000    
   18.00000      -60.00000    
   18.00000      -50.00000    
  0.0000000E+00  -50.00000    
> -G141/238/188
   18.00000      -60.00000    
   36.00000      -60.00000    
   36.00000      -50.00000    
   18.00000      -50.00000    
> -G147/239/184
   36.00000      -60.00000    
   54.00000      -60.00000    
   54.00000      -50.00000    
   36.00000      -50.00000    
> -G208/253/157
   54.00000      -60.00000    
   72.00000      -60.00000    
   72.00000      -50.00000    
   54.00000      -50.00000    
> -G231/240/131
   72.00000      -60.00000    
   90.00000      -60.00000    
   90.00000      -50.00000    
   72.00000      -50.00000    
> -G219/247/145
   90.00000      -60.00000    
   108.0000      -60.00000    
   108.0000      -50.00000    
   90.00000      -50.00000    
> -G186/249/165
   108.0000      -60.00000    
   126.0000      -60.00000    
   126.0000      -50.00000    
   108.0000      -50.00000    
> -G187/249/165
   126.0000      -60.00000    
   144.0000      -60.00000    
   144.0000      -50.00000    
   126.0000      -50.00000    
> -G248/201/095
   144.0000      -60.00000    
   162.0000      -60.00000    
   162.0000      -50.00000    
   144.0000      -50.00000    
> -G249/196/092
   162.0000      -60.00000    
   180.0000      -60.00000    
   180.0000      -50.00000    
   162.0000      -50.00000    
> -G249/197/092
   180.0000      -60.00000    
   198.0000      -60.00000    
   198.0000      -50.00000    
   180.0000      -50.00000    
> -G235/238/126
   198.0000      -60.00000    
   216.0000      -60.00000    
   216.0000      -50.00000    
   198.0000      -50.00000    
> -G191/250/164
   216.0000      -60.00000    
   234.0000      -60.00000    
   234.0000      -50.00000    
   216.0000      -50.00000    
> -G183/248/165
   234.0000      -60.00000    
   252.0000      -60.00000    
   252.0000      -50.00000    
   234.0000      -50.00000    
> -G172/245/167
   252.0000      -60.00000    
   270.0000      -60.00000    
   270.0000      -50.00000    
   252.0000      -50.00000    
> -G157/242/177
   270.0000      -60.00000    
   288.0000      -60.00000    
   288.0000      -50.00000    
   270.0000      -50.00000    
> -G201/253/162
   288.0000      -60.00000    
   306.0000      -60.00000    
   306.0000      -50.00000    
   288.0000      -50.00000    
> -G216/248/148
   306.0000      -60.00000    
   324.0000      -60.00000    
   324.0000      -50.00000    
   306.0000      -50.00000    
> -G181/247/166
   324.0000      -60.00000    
   342.0000      -60.00000    
   342.0000      -50.00000    
   324.0000      -50.00000    
> -G160/242/175
   342.0000      -60.00000    
   360.0000      -60.00000    
   360.0000      -50.00000    
   342.0000      -50.00000    
> -G113/231/215
  0.0000000E+00  -70.00000    
   22.50000      -70.00000    
   22.50000      -60.00000    
  0.0000000E+00  -60.00000    
> -G069/203/254
   22.50000      -70.00000    
   45.00000      -70.00000    
   45.00000      -60.00000    
   22.50000      -60.00000    
> -G046/188/255
   45.00000      -70.00000    
   67.50000      -70.00000    
   67.50000      -60.00000    
   45.00000      -60.00000    
> -G089/219/243
   67.50000      -70.00000    
   90.00000      -70.00000    
   90.00000      -60.00000    
   67.50000      -60.00000    
> -G098/225/237
   90.00000      -70.00000    
   112.5000      -70.00000    
   112.5000      -60.00000    
   90.00000      -60.00000    
> -G130/236/195
   112.5000      -70.00000    
   135.0000      -70.00000    
   135.0000      -60.00000    
   112.5000      -60.00000    
> -G123/234/200
   135.0000      -70.00000    
   157.5000      -70.00000    
   157.5000      -60.00000    
   135.0000      -60.00000    
> -G244/223/110
   157.5000      -70.00000    
   180.0000      -70.00000    
   180.0000      -60.00000    
   157.5000      -60.00000    
> -G247/208/100
   180.0000      -70.00000    
   202.5000      -70.00000    
   202.5000      -60.00000    
   180.0000      -60.00000    
> -G238/237/123
   202.5000      -70.00000    
   225.0000      -70.00000    
   225.0000      -60.00000    
   202.5000      -60.00000    
> -G205/254/161
   225.0000      -70.00000    
   247.5000      -70.00000    
   247.5000      -60.00000    
   225.0000      -60.00000    
> -G157/242/177
   247.5000      -70.00000    
   270.0000      -70.00000    
   270.0000      -60.00000    
   247.5000      -60.00000    
> -G153/241/180
   270.0000      -70.00000    
   292.5000      -70.00000    
   292.5000      -60.00000    
   270.0000      -60.00000    
> -G174/245/167
   292.5000      -70.00000    
   315.0000      -70.00000    
   315.0000      -60.00000    
   292.5000      -60.00000    
> -G217/248/147
   315.0000      -70.00000    
   337.5000      -70.00000    
   337.5000      -60.00000    
   315.0000      -60.00000    
> -G173/245/167
   337.5000      -70.00000    
   360.0000      -70.00000    
   360.0000      -60.00000    
   337.5000      -60.00000    
> -G072/205/252
  0.0000000E+00  -80.00000    
   36.00000      -80.00000    
   36.00000      -70.00000    
  0.0000000E+00  -70.00000    
> -G043/186/255
   36.00000      -80.00000    
   72.00000      -80.00000    
   72.00000      -70.00000    
   36.00000      -70.00000    
> -G085/215/245
   72.00000      -80.00000    
   108.0000      -80.00000    
   108.0000      -70.00000    
   72.00000      -70.00000    
> -G124/235/199
   108.0000      -80.00000    
   144.0000      -80.00000    
   144.0000      -70.00000    
   108.0000      -70.00000    
> -G237/237/123
   144.0000      -80.00000    
   180.0000      -80.00000    
   180.0000      -70.00000    
   144.0000      -70.00000    
> -G247/213/102
   180.0000      -80.00000    
   216.0000      -80.00000    
   216.0000      -70.00000    
   180.0000      -70.00000    
> -G215/249/149
   216.0000      -80.00000    
   252.0000      -80.00000    
   252.0000      -70.00000    
   216.0000      -70.00000    
> -G151/240/181
   252.0000      -80.00000    
   288.0000      -80.00000    
   288.0000      -70.00000    
   252.0000      -70.00000    
> -G134/237/192
   288.0000      -80.00000    
   324.0000      -80.00000    
   324.0000      -70.00000    
   288.0000      -70.00000    
> -G103/227/230
   324.0000      -80.00000    
   360.0000      -80.00000    
   360.0000      -70.00000    
   324.0000      -70.00000    
> -G027/176/255
  0.0000000E+00  -90.00000    
   90.00000      -90.00000    
   90.00000      -80.00000    
  0.0000000E+00  -80.00000    
> -G084/214/246
   90.00000      -90.00000    
   180.0000      -90.00000    
   180.0000      -80.00000    
   90.00000      -80.00000    
> -G210/252/155
   180.0000      -90.00000    
   270.0000      -90.00000    
   270.0000      -80.00000    
   180.0000      -80.00000    
> -G119/233/206
   270.0000      -90.00000    
   360.0000      -90.00000    
   360.0000      -80.00000    
   270.0000      -80.00000    
