> -G095/223/240
  0.0000000E+00   80.00000    
   90.00000       80.00000    
   90.00000       90.00000    
  0.0000000E+00   90.00000    
> -G084/214/246
   90.00000       80.00000    
   180.0000       80.00000    
   180.0000       90.00000    
   90.00000       90.00000    
> -G019/152/251
   180.0000       80.00000    
   270.0000       80.00000    
   270.0000       90.00000    
   180.0000       90.00000    
> -G013/131/248
   270.0000       80.00000    
   360.0000       80.00000    
   360.0000       90.00000    
   270.0000       90.00000    
> -G116/232/210
  0.0000000E+00   70.00000    
   36.00000       70.00000    
   36.00000       80.00000    
  0.0000000E+00   80.00000    
> -G005/008/193
   36.00000       70.00000    
   72.00000       70.00000    
   72.00000       80.00000    
   36.00000       80.00000    
> -G014/006/182
   72.00000       70.00000    
   108.0000       70.00000    
   108.0000       80.00000    
   72.00000       80.00000    
> -G019/004/169
   108.0000       70.00000    
   144.0000       70.00000    
   144.0000       80.00000    
   108.0000       80.00000    
> -G071/204/253
   144.0000       70.00000    
   180.0000       70.00000    
   180.0000       80.00000    
   144.0000       80.00000    
> -G068/202/254
   180.0000       70.00000    
   216.0000       70.00000    
   216.0000       80.00000    
   180.0000       80.00000    
> -G002/009/197
   216.0000       70.00000    
   252.0000       70.00000    
   252.0000       80.00000    
   216.0000       80.00000    
> -G010/007/187
   252.0000       70.00000    
   288.0000       70.00000    
   288.0000       80.00000    
   252.0000       80.00000    
> -G000/021/209
   288.0000       70.00000    
   324.0000       70.00000    
   324.0000       80.00000    
   288.0000       80.00000    
> -G023/168/254
   324.0000       70.00000    
   360.0000       70.00000    
   360.0000       80.00000    
   324.0000       80.00000    
> -G010/000/121
  0.0000000E+00   60.00000    
   22.50000       60.00000    
   22.50000       70.00000    
  0.0000000E+00   70.00000    
> -G013/001/141
   22.50000       60.00000    
   45.00000       60.00000    
   45.00000       70.00000    
   22.50000       70.00000    
> -G010/000/121
   45.00000       60.00000    
   67.50000       60.00000    
   67.50000       70.00000    
   45.00000       70.00000    
> -G010/000/121
   67.50000       60.00000    
   90.00000       60.00000    
   90.00000       70.00000    
   67.50000       70.00000    
> -G010/000/121
   90.00000       60.00000    
   112.5000       60.00000    
   112.5000       70.00000    
   90.00000       70.00000    
> -G019/004/173
   112.5000       60.00000    
   135.0000       60.00000    
   135.0000       70.00000    
   112.5000       70.00000    
> -G100/226/234
   135.0000       60.00000    
   157.5000       60.00000    
   157.5000       70.00000    
   135.0000       70.00000    
> -G252/177/080
   157.5000       60.00000    
   180.0000       60.00000    
   180.0000       70.00000    
   157.5000       70.00000    
> -G243/105/075
   180.0000       60.00000    
   202.5000       60.00000    
   202.5000       70.00000    
   180.0000       70.00000    
> -G135/237/192
   202.5000       60.00000    
   225.0000       60.00000    
   225.0000       70.00000    
   202.5000       70.00000    
> -G010/000/121
   225.0000       60.00000    
   247.5000       60.00000    
   247.5000       70.00000    
   225.0000       70.00000    
> -G010/000/121
   247.5000       60.00000    
   270.0000       60.00000    
   270.0000       70.00000    
   247.5000       70.00000    
> -G010/000/121
   270.0000       60.00000    
   292.5000       60.00000    
   292.5000       70.00000    
   270.0000       70.00000    
> -G045/188/255
   292.5000       60.00000    
   315.0000       60.00000    
   315.0000       70.00000    
   292.5000       70.00000    
> -G253/089/088
   315.0000       60.00000    
   337.5000       60.00000    
   337.5000       70.00000    
   315.0000       70.00000    
> -G255/233/233
   337.5000       60.00000    
   360.0000       60.00000    
   360.0000       70.00000    
   337.5000       70.00000    
> -G143/238/187
  0.0000000E+00   50.00000    
   18.00000       50.00000    
   18.00000       60.00000    
  0.0000000E+00   60.00000    
> -G013/001/142
   18.00000       50.00000    
   36.00000       50.00000    
   36.00000       60.00000    
   18.00000       60.00000    
> -G002/009/196
   36.00000       50.00000    
   54.00000       50.00000    
   54.00000       60.00000    
   36.00000       60.00000    
> -G015/006/180
   54.00000       50.00000    
   72.00000       50.00000    
   72.00000       60.00000    
   54.00000       60.00000    
> -G010/000/121
   72.00000       50.00000    
   90.00000       50.00000    
   90.00000       60.00000    
   72.00000       60.00000    
> -G082/213/247
   90.00000       50.00000    
   108.0000       50.00000    
   108.0000       60.00000    
   90.00000       60.00000    
> -G234/239/127
   108.0000       50.00000    
   126.0000       50.00000    
   126.0000       60.00000    
   108.0000       60.00000    
> -G241/231/117
   126.0000       50.00000    
   144.0000       50.00000    
   144.0000       60.00000    
   126.0000       60.00000    
> -G253/170/075
   144.0000       50.00000    
   162.0000       50.00000    
   162.0000       60.00000    
   144.0000       60.00000    
> -G255/233/233
   162.0000       50.00000    
   180.0000       50.00000    
   180.0000       60.00000    
   162.0000       60.00000    
> -G248/128/072
   180.0000       50.00000    
   198.0000       50.00000    
   198.0000       60.00000    
   180.0000       60.00000    
> -G254/160/069
   198.0000       50.00000    
   216.0000       50.00000    
   216.0000       60.00000    
   198.0000       60.00000    
> -G255/147/147
   216.0000       50.00000    
   234.0000       50.00000    
   234.0000       60.00000    
   216.0000       60.00000    
> -G022/165/253
   234.0000       50.00000    
   252.0000       50.00000    
   252.0000       60.00000    
   234.0000       60.00000    
> -G000/037/222
   252.0000       50.00000    
   270.0000       50.00000    
   270.0000       60.00000    
   252.0000       60.00000    
> -G010/000/121
   270.0000       50.00000    
   288.0000       50.00000    
   288.0000       60.00000    
   270.0000       60.00000    
> -G001/047/226
   288.0000       50.00000    
   306.0000       50.00000    
   306.0000       60.00000    
   288.0000       60.00000    
> -G230/241/132
   306.0000       50.00000    
   324.0000       50.00000    
   324.0000       60.00000    
   306.0000       60.00000    
> -G255/090/090
   324.0000       50.00000    
   342.0000       50.00000    
   342.0000       60.00000    
   324.0000       60.00000    
> -G029/177/255
   342.0000       50.00000    
   360.0000       50.00000    
   360.0000       60.00000    
   342.0000       60.00000    
> -G082/213/247
  0.0000000E+00   40.00000    
   13.84615       40.00000    
   13.84615       50.00000    
  0.0000000E+00   50.00000    
> -G213/250/151
   13.84615       40.00000    
   27.69231       40.00000    
   27.69231       50.00000    
   13.84615       50.00000    
> -G010/000/121
   27.69231       40.00000    
   41.53846       40.00000    
   41.53846       50.00000    
   27.69231       50.00000    
> -G116/232/211
   41.53846       40.00000    
   55.38462       40.00000    
   55.38462       50.00000    
   41.53846       50.00000    
> -G035/181/255
   55.38462       40.00000    
   69.23077       40.00000    
   69.23077       50.00000    
   55.38462       50.00000    
> -G104/227/229
   69.23077       40.00000    
   83.07693       40.00000    
   83.07693       50.00000    
   69.23077       50.00000    
> -G162/243/174
   83.07693       40.00000    
   96.92308       40.00000    
   96.92308       50.00000    
   83.07693       50.00000    
> -G251/142/070
   96.92308       40.00000    
   110.7692       40.00000    
   110.7692       50.00000    
   96.92308       50.00000    
> -G254/166/073
   110.7692       40.00000    
   124.6154       40.00000    
   124.6154       50.00000    
   110.7692       50.00000    
> -G241/081/080
   124.6154       40.00000    
   138.4615       40.00000    
   138.4615       50.00000    
   124.6154       50.00000    
> -G250/138/071
   138.4615       40.00000    
   152.3077       40.00000    
   152.3077       50.00000    
   138.4615       50.00000    
> -G254/089/089
   152.3077       40.00000    
   166.1539       40.00000    
   166.1539       50.00000    
   152.3077       50.00000    
> -G247/126/072
   166.1539       40.00000    
   180.0000       40.00000    
   180.0000       50.00000    
   166.1539       50.00000    
> -G253/167/073
   180.0000       40.00000    
   193.8462       40.00000    
   193.8462       50.00000    
   180.0000       50.00000    
> -G243/107/074
   193.8462       40.00000    
   207.6923       40.00000    
   207.6923       50.00000    
   193.8462       50.00000    
> -G255/136/136
   207.6923       40.00000    
   221.5385       40.00000    
   221.5385       50.00000    
   207.6923       50.00000    
> -G255/160/160
   221.5385       40.00000    
   235.3846       40.00000    
   235.3846       50.00000    
   221.5385       50.00000    
> -G243/224/112
   235.3846       40.00000    
   249.2308       40.00000    
   249.2308       50.00000    
   235.3846       50.00000    
> -G019/004/170
   249.2308       40.00000    
   263.0769       40.00000    
   263.0769       50.00000    
   249.2308       50.00000    
> -G012/001/133
   263.0769       40.00000    
   276.9231       40.00000    
   276.9231       50.00000    
   263.0769       50.00000    
> -G101/226/232
   276.9231       40.00000    
   290.7693       40.00000    
   290.7693       50.00000    
   276.9231       50.00000    
> -G074/207/251
   290.7692       40.00000    
   304.6154       40.00000    
   304.6154       50.00000    
   290.7692       50.00000    
> -G024/173/254
   304.6154       40.00000    
   318.4615       40.00000    
   318.4615       50.00000    
   304.6154       50.00000    
> -G247/210/100
   318.4615       40.00000    
   332.3077       40.00000    
   332.3077       50.00000    
   318.4615       50.00000    
> -G215/249/150
   332.3077       40.00000    
   346.1539       40.00000    
   346.1539       50.00000    
   332.3077       50.00000    
> -G014/133/248
   346.1539       40.00000    
   360.0000       40.00000    
   360.0000       50.00000    
   346.1539       50.00000    
> -G103/227/230
  0.0000000E+00   30.00000    
   12.00000       30.00000    
   12.00000       40.00000    
  0.0000000E+00   40.00000    
> -G047/189/255
   12.00000       30.00000    
   24.00000       30.00000    
   24.00000       40.00000    
   12.00000       40.00000    
> -G055/193/255
   24.00000       30.00000    
   36.00000       30.00000    
   36.00000       40.00000    
   24.00000       40.00000    
> -G077/209/249
   36.00000       30.00000    
   48.00000       30.00000    
   48.00000       40.00000    
   36.00000       40.00000    
> -G173/245/167
   48.00000       30.00000    
   60.00000       30.00000    
   60.00000       40.00000    
   48.00000       40.00000    
> -G017/146/250
   60.00000       30.00000    
   72.00000       30.00000    
   72.00000       40.00000    
   60.00000       40.00000    
> -G181/247/166
   72.00000       30.00000    
   84.00000       30.00000    
   84.00000       40.00000    
   72.00000       40.00000    
> -G243/225/112
   84.00000       30.00000    
   96.00000       30.00000    
   96.00000       40.00000    
   84.00000       40.00000    
> -G245/219/107
   96.00000       30.00000    
   108.0000       30.00000    
   108.0000       40.00000    
   96.00000       40.00000    
> -G201/253/162
   108.0000       30.00000    
   120.0000       30.00000    
   120.0000       40.00000    
   108.0000       40.00000    
> -G245/218/106
   120.0000       30.00000    
   132.0000       30.00000    
   132.0000       40.00000    
   120.0000       40.00000    
> -G234/239/127
   132.0000       30.00000    
   144.0000       30.00000    
   144.0000       40.00000    
   132.0000       40.00000    
> -G217/248/147
   144.0000       30.00000    
   156.0000       30.00000    
   156.0000       40.00000    
   144.0000       40.00000    
> -G227/242/135
   156.0000       30.00000    
   168.0000       30.00000    
   168.0000       40.00000    
   156.0000       40.00000    
> -G240/234/119
   168.0000       30.00000    
   180.0000       30.00000    
   180.0000       40.00000    
   168.0000       40.00000    
> -G248/203/096
   180.0000       30.00000    
   192.0000       30.00000    
   192.0000       40.00000    
   180.0000       40.00000    
> -G247/125/072
   192.0000       30.00000    
   204.0000       30.00000    
   204.0000       40.00000    
   192.0000       40.00000    
> -G255/124/124
   204.0000       30.00000    
   216.0000       30.00000    
   216.0000       40.00000    
   204.0000       40.00000    
> -G255/218/218
   216.0000       30.00000    
   228.0000       30.00000    
   228.0000       40.00000    
   216.0000       40.00000    
> -G255/255/255
   228.0000       30.00000    
   240.0000       30.00000    
   240.0000       40.00000    
   228.0000       40.00000    
> -G255/215/215
   240.0000       30.00000    
   252.0000       30.00000    
   252.0000       40.00000    
   240.0000       40.00000    
> -G073/206/252
   252.0000       30.00000    
   264.0000       30.00000    
   264.0000       40.00000    
   252.0000       40.00000    
> -G006/008/192
   264.0000       30.00000    
   276.0000       30.00000    
   276.0000       40.00000    
   264.0000       40.00000    
> -G087/217/244
   276.0000       30.00000    
   288.0000       30.00000    
   288.0000       40.00000    
   276.0000       40.00000    
> -G203/254/162
   288.0000       30.00000    
   300.0000       30.00000    
   300.0000       40.00000    
   288.0000       40.00000    
> -G208/252/157
   300.0000       30.00000    
   312.0000       30.00000    
   312.0000       40.00000    
   300.0000       40.00000    
> -G247/122/073
   312.0000       30.00000    
   324.0000       30.00000    
   324.0000       40.00000    
   312.0000       40.00000    
> -G255/161/161
   324.0000       30.00000    
   336.0000       30.00000    
   336.0000       40.00000    
   324.0000       40.00000    
> -G252/146/070
   336.0000       30.00000    
   348.0000       30.00000    
   348.0000       40.00000    
   336.0000       40.00000    
> -G245/219/107
   348.0000       30.00000    
   360.0000       30.00000    
   360.0000       40.00000    
   348.0000       40.00000    
> -G016/141/249
  0.0000000E+00   20.00000    
   11.25000       20.00000    
   11.25000       30.00000    
  0.0000000E+00   30.00000    
> -G049/190/255
   11.25000       20.00000    
   22.50000       20.00000    
   22.50000       30.00000    
   11.25000       30.00000    
> -G124/235/199
   22.50000       20.00000    
   33.75000       20.00000    
   33.75000       30.00000    
   22.50000       30.00000    
> -G118/233/207
   33.75000       20.00000    
   45.00000       20.00000    
   45.00000       30.00000    
   33.75000       30.00000    
> -G000/026/213
   45.00000       20.00000    
   56.25000       20.00000    
   56.25000       30.00000    
   45.00000       30.00000    
> -G164/243/173
   56.25000       20.00000    
   67.50000       20.00000    
   67.50000       30.00000    
   56.25000       30.00000    
> -G148/240/183
   67.50000       20.00000    
   78.75000       20.00000    
   78.75000       30.00000    
   67.50000       30.00000    
> -G245/113/074
   78.75000       20.00000    
   90.00000       20.00000    
   90.00000       30.00000    
   78.75000       30.00000    
> -G245/117/073
   90.00000       20.00000    
   101.2500       20.00000    
   101.2500       30.00000    
   90.00000       30.00000    
> -G255/143/143
   101.2500       20.00000    
   112.5000       20.00000    
   112.5000       30.00000    
   101.2500       30.00000    
> -G255/255/255
   112.5000       20.00000    
   123.7500       20.00000    
   123.7500       30.00000    
   112.5000       30.00000    
> -G252/148/070
   123.7500       20.00000    
   135.0000       20.00000    
   135.0000       30.00000    
   123.7500       30.00000    
> -G176/246/167
   135.0000       20.00000    
   146.2500       20.00000    
   146.2500       30.00000    
   135.0000       30.00000    
> -G114/231/214
   146.2500       20.00000    
   157.5000       20.00000    
   157.5000       30.00000    
   146.2500       30.00000    
> -G165/243/172
   157.5000       20.00000    
   168.7500       20.00000    
   168.7500       30.00000    
   157.5000       30.00000    
> -G209/252/157
   168.7500       20.00000    
   180.0000       20.00000    
   180.0000       30.00000    
   168.7500       30.00000    
> -G242/227/114
   180.0000       20.00000    
   191.2500       20.00000    
   191.2500       30.00000    
   180.0000       30.00000    
> -G243/105/075
   191.2500       20.00000    
   202.5000       20.00000    
   202.5000       30.00000    
   191.2500       30.00000    
> -G246/085/084
   202.5000       20.00000    
   213.7500       20.00000    
   213.7500       30.00000    
   202.5000       30.00000    
> -G255/118/118
   213.7500       20.00000    
   225.0000       20.00000    
   225.0000       30.00000    
   213.7500       30.00000    
> -G255/197/197
   225.0000       20.00000    
   236.2500       20.00000    
   236.2500       30.00000    
   225.0000       30.00000    
> -G255/208/208
   236.2500       20.00000    
   247.5000       20.00000    
   247.5000       30.00000    
   236.2500       30.00000    
> -G252/088/088
   247.5000       20.00000    
   258.7500       20.00000    
   258.7500       30.00000    
   247.5000       30.00000    
> -G246/216/104
   258.7500       20.00000    
   270.0000       20.00000    
   270.0000       30.00000    
   258.7500       30.00000    
> -G175/245/167
   270.0000       20.00000    
   281.2500       20.00000    
   281.2500       30.00000    
   270.0000       30.00000    
> -G121/234/202
   281.2500       20.00000    
   292.5000       20.00000    
   292.5000       30.00000    
   281.2500       30.00000    
> -G114/231/214
   292.5000       20.00000    
   303.7500       20.00000    
   303.7500       30.00000    
   292.5000       30.00000    
> -G243/224/111
   303.7500       20.00000    
   315.0000       20.00000    
   315.0000       30.00000    
   303.7500       30.00000    
> -G243/083/081
   315.0000       20.00000    
   326.2500       20.00000    
   326.2500       30.00000    
   315.0000       30.00000    
> -G255/107/107
   326.2500       20.00000    
   337.5000       20.00000    
   337.5000       30.00000    
   326.2500       30.00000    
> -G255/157/157
   337.5000       20.00000    
   348.7500       20.00000    
   348.7500       30.00000    
   337.5000       30.00000    
> -G107/229/223
   348.7500       20.00000    
   360.0000       20.00000    
   360.0000       30.00000    
   348.7500       30.00000    
> -G015/002/149
  0.0000000E+00   10.00000    
   10.58823       10.00000    
   10.58823       20.00000    
  0.0000000E+00   20.00000    
> -G000/038/222
   10.58823       10.00000    
   21.17647       10.00000    
   21.17647       20.00000    
   10.58823       20.00000    
> -G163/243/173
   21.17647       10.00000    
   31.76471       10.00000    
   31.76471       20.00000    
   21.17647       20.00000    
> -G243/225/112
   31.76471       10.00000    
   42.35294       10.00000    
   42.35294       20.00000    
   31.76471       20.00000    
> -G247/209/100
   42.35294       10.00000    
   52.94117       10.00000    
   52.94117       20.00000    
   42.35294       20.00000    
> -G241/231/117
   52.94117       10.00000    
   63.52941       10.00000    
   63.52941       20.00000    
   52.94117       20.00000    
> -G237/237/123
   63.52941       10.00000    
   74.11765       10.00000    
   74.11765       20.00000    
   63.52941       20.00000    
> -G244/223/110
   74.11765       10.00000    
   84.70588       10.00000    
   84.70588       20.00000    
   74.11765       20.00000    
> -G245/218/106
   84.70588       10.00000    
   95.29411       10.00000    
   95.29411       20.00000    
   84.70588       20.00000    
> -G117/232/209
   95.29411       10.00000    
   105.8823       10.00000    
   105.8823       20.00000    
   95.29411       20.00000    
> -G240/089/076
   105.8823       10.00000    
   116.4706       10.00000    
   116.4706       20.00000    
   105.8823       20.00000    
> -G217/248/146
   116.4706       10.00000    
   127.0588       10.00000    
   127.0588       20.00000    
   116.4706       20.00000    
> -G122/234/202
   127.0588       10.00000    
   137.6471       10.00000    
   137.6471       20.00000    
   127.0588       20.00000    
> -G088/218/244
   137.6470       10.00000    
   148.2353       10.00000    
   148.2353       20.00000    
   137.6470       20.00000    
> -G119/233/207
   148.2353       10.00000    
   158.8235       10.00000    
   158.8235       20.00000    
   148.2353       20.00000    
> -G194/251/163
   158.8235       10.00000    
   169.4118       10.00000    
   169.4118       20.00000    
   158.8235       20.00000    
> -G189/250/164
   169.4118       10.00000    
   180.0000       10.00000    
   180.0000       20.00000    
   169.4118       20.00000    
> -G206/254/160
   180.0000       10.00000    
   190.5882       10.00000    
   190.5882       20.00000    
   180.0000       20.00000    
> -G245/220/108
   190.5882       10.00000    
   201.1765       10.00000    
   201.1765       20.00000    
   190.5882       20.00000    
> -G247/125/072
   201.1765       10.00000    
   211.7647       10.00000    
   211.7647       20.00000    
   201.1765       20.00000    
> -G252/173/077
   211.7647       10.00000    
   222.3529       10.00000    
   222.3529       20.00000    
   211.7647       20.00000    
> -G251/185/085
   222.3529       10.00000    
   232.9412       10.00000    
   232.9412       20.00000    
   222.3529       20.00000    
> -G247/085/084
   232.9412       10.00000    
   243.5294       10.00000    
   243.5294       20.00000    
   232.9412       20.00000    
> -G255/190/190
   243.5294       10.00000    
   254.1176       10.00000    
   254.1176       20.00000    
   243.5294       20.00000    
> -G255/178/178
   254.1176       10.00000    
   264.7059       10.00000    
   264.7059       20.00000    
   254.1176       20.00000    
> -G246/216/105
   264.7059       10.00000    
   275.2941       10.00000    
   275.2941       20.00000    
   264.7059       20.00000    
> -G202/254/162
   275.2941       10.00000    
   285.8823       10.00000    
   285.8823       20.00000    
   275.2941       20.00000    
> -G022/163/253
   285.8824       10.00000    
   296.4706       10.00000    
   296.4706       20.00000    
   285.8824       20.00000    
> -G014/133/248
   296.4706       10.00000    
   307.0588       10.00000    
   307.0588       20.00000    
   296.4706       20.00000    
> -G169/244/169
   307.0588       10.00000    
   317.6470       10.00000    
   317.6470       20.00000    
   307.0588       20.00000    
> -G246/217/106
   317.6470       10.00000    
   328.2353       10.00000    
   328.2353       20.00000    
   317.6470       20.00000    
> -G218/247/145
   328.2353       10.00000    
   338.8235       10.00000    
   338.8235       20.00000    
   328.2353       20.00000    
> -G014/134/248
   338.8235       10.00000    
   349.4117       10.00000    
   349.4117       20.00000    
   338.8235       20.00000    
> -G016/003/154
   349.4117       10.00000    
   360.0000       10.00000    
   360.0000       20.00000    
   349.4117       20.00000    
> -G026/176/255
  0.0000000E+00  0.0000000E+00
   10.00000      0.0000000E+00
   10.00000       10.00000    
  0.0000000E+00   10.00000    
> -G010/000/121
   10.00000      0.0000000E+00
   20.00000      0.0000000E+00
   20.00000       10.00000    
   10.00000       10.00000    
> -G136/237/191
   20.00000      0.0000000E+00
   30.00000      0.0000000E+00
   30.00000       10.00000    
   20.00000       10.00000    
> -G255/208/208
   30.00000      0.0000000E+00
   40.00000      0.0000000E+00
   40.00000       10.00000    
   30.00000       10.00000    
> -G255/181/181
   40.00000      0.0000000E+00
   50.00000      0.0000000E+00
   50.00000       10.00000    
   40.00000       10.00000    
> -G242/082/081
   50.00000      0.0000000E+00
   60.00000      0.0000000E+00
   60.00000       10.00000    
   50.00000       10.00000    
> -G244/083/082
   60.00000      0.0000000E+00
   70.00000      0.0000000E+00
   70.00000       10.00000    
   60.00000       10.00000    
> -G243/224/112
   70.00000      0.0000000E+00
   80.00000      0.0000000E+00
   80.00000       10.00000    
   70.00000       10.00000    
> -G085/216/245
   80.00000      0.0000000E+00
   90.00000      0.0000000E+00
   90.00000       10.00000    
   80.00000       10.00000    
> -G069/203/254
   90.00000      0.0000000E+00
   100.0000      0.0000000E+00
   100.0000       10.00000    
   90.00000       10.00000    
> -G247/125/072
   100.0000      0.0000000E+00
   110.0000      0.0000000E+00
   110.0000       10.00000    
   100.0000       10.00000    
> -G250/087/086
   110.0000      0.0000000E+00
   120.0000      0.0000000E+00
   120.0000       10.00000    
   110.0000       10.00000    
> -G104/227/229
   120.0000      0.0000000E+00
   130.0000      0.0000000E+00
   130.0000       10.00000    
   120.0000       10.00000    
> -G066/201/255
   130.0000      0.0000000E+00
   140.0000      0.0000000E+00
   140.0000       10.00000    
   130.0000       10.00000    
> -G132/236/194
   140.0000      0.0000000E+00
   150.0000      0.0000000E+00
   150.0000       10.00000    
   140.0000       10.00000    
> -G225/244/138
   150.0000      0.0000000E+00
   160.0000      0.0000000E+00
   160.0000       10.00000    
   150.0000       10.00000    
> -G232/239/129
   160.0000      0.0000000E+00
   170.0000      0.0000000E+00
   170.0000       10.00000    
   160.0000       10.00000    
> -G202/254/162
   170.0000      0.0000000E+00
   180.0000      0.0000000E+00
   180.0000       10.00000    
   170.0000       10.00000    
> -G205/254/160
   180.0000      0.0000000E+00
   190.0000      0.0000000E+00
   190.0000       10.00000    
   180.0000       10.00000    
> -G240/235/120
   190.0000      0.0000000E+00
   200.0000      0.0000000E+00
   200.0000       10.00000    
   190.0000       10.00000    
> -G244/221/109
   200.0000      0.0000000E+00
   210.0000      0.0000000E+00
   210.0000       10.00000    
   200.0000       10.00000    
> -G243/226/113
   210.0000      0.0000000E+00
   220.0000      0.0000000E+00
   220.0000       10.00000    
   210.0000       10.00000    
> -G225/244/138
   220.0000      0.0000000E+00
   230.0000      0.0000000E+00
   230.0000       10.00000    
   220.0000       10.00000    
> -G224/244/138
   230.0000      0.0000000E+00
   240.0000      0.0000000E+00
   240.0000       10.00000    
   230.0000       10.00000    
> -G244/221/109
   240.0000      0.0000000E+00
   250.0000      0.0000000E+00
   250.0000       10.00000    
   240.0000       10.00000    
> -G251/182/083
   250.0000      0.0000000E+00
   260.0000      0.0000000E+00
   260.0000       10.00000    
   250.0000       10.00000    
> -G240/234/119
   260.0000      0.0000000E+00
   270.0000      0.0000000E+00
   270.0000       10.00000    
   260.0000       10.00000    
> -G175/245/167
   270.0000      0.0000000E+00
   280.0000      0.0000000E+00
   280.0000       10.00000    
   270.0000       10.00000    
> -G122/234/202
   280.0000      0.0000000E+00
   290.0000      0.0000000E+00
   290.0000       10.00000    
   280.0000       10.00000    
> -G015/139/249
   290.0000      0.0000000E+00
   300.0000      0.0000000E+00
   300.0000       10.00000    
   290.0000       10.00000    
> -G005/080/235
   300.0000      0.0000000E+00
   310.0000      0.0000000E+00
   310.0000       10.00000    
   300.0000       10.00000    
> -G106/228/225
   310.0000      0.0000000E+00
   320.0000      0.0000000E+00
   320.0000       10.00000    
   310.0000       10.00000    
> -G242/227/114
   320.0000      0.0000000E+00
   330.0000      0.0000000E+00
   330.0000       10.00000    
   320.0000       10.00000    
> -G240/235/120
   330.0000      0.0000000E+00
   340.0000      0.0000000E+00
   340.0000       10.00000    
   330.0000       10.00000    
> -G121/233/204
   340.0000      0.0000000E+00
   350.0000      0.0000000E+00
   350.0000       10.00000    
   340.0000       10.00000    
> -G018/005/176
   350.0000      0.0000000E+00
   360.0000      0.0000000E+00
   360.0000       10.00000    
   350.0000       10.00000    
> -G086/216/245
  0.0000000E+00  -10.00000    
   10.00000      -10.00000    
   10.00000      0.0000000E+00
  0.0000000E+00  0.0000000E+00
> -G096/224/240
   10.00000      -10.00000    
   20.00000      -10.00000    
   20.00000      0.0000000E+00
   10.00000      0.0000000E+00
> -G214/250/151
   20.00000      -10.00000    
   30.00000      -10.00000    
   30.00000      0.0000000E+00
   20.00000      0.0000000E+00
> -G255/202/202
   30.00000      -10.00000    
   40.00000      -10.00000    
   40.00000      0.0000000E+00
   30.00000      0.0000000E+00
> -G255/171/171
   40.00000      -10.00000    
   50.00000      -10.00000    
   50.00000      0.0000000E+00
   40.00000      0.0000000E+00
> -G255/111/111
   50.00000      -10.00000    
   60.00000      -10.00000    
   60.00000      0.0000000E+00
   50.00000      0.0000000E+00
> -G243/083/081
   60.00000      -10.00000    
   70.00000      -10.00000    
   70.00000      0.0000000E+00
   60.00000      0.0000000E+00
> -G247/211/101
   70.00000      -10.00000    
   80.00000      -10.00000    
   80.00000      0.0000000E+00
   70.00000      0.0000000E+00
> -G036/181/255
   80.00000      -10.00000    
   90.00000      -10.00000    
   90.00000      0.0000000E+00
   80.00000      0.0000000E+00
> -G054/193/255
   90.00000      -10.00000    
   100.0000      -10.00000    
   100.0000      0.0000000E+00
   90.00000      0.0000000E+00
> -G133/236/193
   100.0000      -10.00000    
   110.0000      -10.00000    
   110.0000      0.0000000E+00
   100.0000      0.0000000E+00
> -G116/232/210
   110.0000      -10.00000    
   120.0000      -10.00000    
   120.0000      0.0000000E+00
   110.0000      0.0000000E+00
> -G043/186/255
   120.0000      -10.00000    
   130.0000      -10.00000    
   130.0000      0.0000000E+00
   120.0000      0.0000000E+00
> -G087/217/244
   130.0000      -10.00000    
   140.0000      -10.00000    
   140.0000      0.0000000E+00
   130.0000      0.0000000E+00
> -G156/241/178
   140.0000      -10.00000    
   150.0000      -10.00000    
   150.0000      0.0000000E+00
   140.0000      0.0000000E+00
> -G243/104/075
   150.0000      -10.00000    
   160.0000      -10.00000    
   160.0000      0.0000000E+00
   150.0000      0.0000000E+00
> -G241/082/080
   160.0000      -10.00000    
   170.0000      -10.00000    
   170.0000      0.0000000E+00
   160.0000      0.0000000E+00
> -G253/169/074
   170.0000      -10.00000    
   180.0000      -10.00000    
   180.0000      0.0000000E+00
   170.0000      0.0000000E+00
> -G252/174/077
   180.0000      -10.00000    
   190.0000      -10.00000    
   190.0000      0.0000000E+00
   180.0000      0.0000000E+00
> -G250/140/071
   190.0000      -10.00000    
   200.0000      -10.00000    
   200.0000      0.0000000E+00
   190.0000      0.0000000E+00
> -G247/125/072
   200.0000      -10.00000    
   210.0000      -10.00000    
   210.0000      0.0000000E+00
   200.0000      0.0000000E+00
> -G253/171/076
   210.0000      -10.00000    
   220.0000      -10.00000    
   220.0000      0.0000000E+00
   210.0000      0.0000000E+00
> -G228/242/134
   220.0000      -10.00000    
   230.0000      -10.00000    
   230.0000      0.0000000E+00
   220.0000      0.0000000E+00
> -G177/246/167
   230.0000      -10.00000    
   240.0000      -10.00000    
   240.0000      0.0000000E+00
   230.0000      0.0000000E+00
> -G182/248/166
   240.0000      -10.00000    
   250.0000      -10.00000    
   250.0000      0.0000000E+00
   240.0000      0.0000000E+00
> -G194/251/163
   250.0000      -10.00000    
   260.0000      -10.00000    
   260.0000      0.0000000E+00
   250.0000      0.0000000E+00
> -G159/242/176
   260.0000      -10.00000    
   270.0000      -10.00000    
   270.0000      0.0000000E+00
   260.0000      0.0000000E+00
> -G097/225/239
   270.0000      -10.00000    
   280.0000      -10.00000    
   280.0000      0.0000000E+00
   270.0000      0.0000000E+00
> -G138/238/190
   280.0000      -10.00000    
   290.0000      -10.00000    
   290.0000      0.0000000E+00
   280.0000      0.0000000E+00
> -G015/006/180
   290.0000      -10.00000    
   300.0000      -10.00000    
   300.0000      0.0000000E+00
   290.0000      0.0000000E+00
> -G010/000/121
   300.0000      -10.00000    
   310.0000      -10.00000    
   310.0000      0.0000000E+00
   300.0000      0.0000000E+00
> -G016/005/179
   310.0000      -10.00000    
   320.0000      -10.00000    
   320.0000      0.0000000E+00
   310.0000      0.0000000E+00
> -G002/009/197
   320.0000      -10.00000    
   330.0000      -10.00000    
   330.0000      0.0000000E+00
   320.0000      0.0000000E+00
> -G221/245/142
   330.0000      -10.00000    
   340.0000      -10.00000    
   340.0000      0.0000000E+00
   330.0000      0.0000000E+00
> -G241/230/116
   340.0000      -10.00000    
   350.0000      -10.00000    
   350.0000      0.0000000E+00
   340.0000      0.0000000E+00
> -G121/234/203
   350.0000      -10.00000    
   360.0000      -10.00000    
   360.0000      0.0000000E+00
   350.0000      0.0000000E+00
> -G170/244/168
  0.0000000E+00  -20.00000    
   10.58823      -20.00000    
   10.58823      -10.00000    
  0.0000000E+00  -10.00000    
> -G110/230/219
   10.58823      -20.00000    
   21.17647      -20.00000    
   21.17647      -10.00000    
   10.58823      -10.00000    
> -G088/218/244
   21.17647      -20.00000    
   31.76471      -20.00000    
   31.76471      -10.00000    
   21.17647      -10.00000    
> -G182/248/166
   31.76471      -20.00000    
   42.35294      -20.00000    
   42.35294      -10.00000    
   31.76471      -10.00000    
> -G247/214/103
   42.35294      -20.00000    
   52.94117      -20.00000    
   52.94117      -10.00000    
   42.35294      -10.00000    
> -G251/185/085
   52.94117      -20.00000    
   63.52941      -20.00000    
   63.52941      -10.00000    
   52.94117      -10.00000    
> -G245/218/106
   63.52941      -20.00000    
   74.11765      -20.00000    
   74.11765      -10.00000    
   63.52941      -10.00000    
> -G168/244/170
   74.11765      -20.00000    
   84.70588      -20.00000    
   84.70588      -10.00000    
   74.11765      -10.00000    
> -G080/212/248
   84.70588      -20.00000    
   95.29411      -20.00000    
   95.29411      -10.00000    
   84.70588      -10.00000    
> -G111/230/218
   95.29411      -20.00000    
   105.8823      -20.00000    
   105.8823      -10.00000    
   95.29411      -10.00000    
> -G100/226/235
   105.8823      -20.00000    
   116.4706      -20.00000    
   116.4706      -10.00000    
   105.8823      -10.00000    
> -G017/146/250
   116.4706      -20.00000    
   127.0588      -20.00000    
   127.0588      -10.00000    
   116.4706      -10.00000    
> -G010/000/121
   127.0588      -20.00000    
   137.6471      -20.00000    
   137.6471      -10.00000    
   127.0588      -10.00000    
> -G019/005/176
   137.6470      -20.00000    
   148.2353      -20.00000    
   148.2353      -10.00000    
   137.6470      -10.00000    
> -G252/147/070
   148.2353      -20.00000    
   158.8235      -20.00000    
   158.8235      -10.00000    
   148.2353      -10.00000    
> -G255/255/255
   158.8235      -20.00000    
   169.4118      -20.00000    
   169.4118      -10.00000    
   158.8235      -10.00000    
> -G255/250/250
   169.4118      -20.00000    
   180.0000      -20.00000    
   180.0000      -10.00000    
   169.4118      -10.00000    
> -G255/184/184
   180.0000      -20.00000    
   190.5882      -20.00000    
   190.5882      -10.00000    
   180.0000      -10.00000    
> -G255/131/131
   190.5882      -20.00000    
   201.1765      -20.00000    
   201.1765      -10.00000    
   190.5882      -10.00000    
> -G255/180/180
   201.1765      -20.00000    
   211.7647      -20.00000    
   211.7647      -10.00000    
   201.1765      -10.00000    
> -G255/102/102
   211.7647      -20.00000    
   222.3529      -20.00000    
   222.3529      -10.00000    
   211.7647      -10.00000    
> -G184/248/165
   222.3529      -20.00000    
   232.9412      -20.00000    
   232.9412      -10.00000    
   222.3529      -10.00000    
> -G144/239/186
   232.9412      -20.00000    
   243.5294      -20.00000    
   243.5294      -10.00000    
   232.9412      -10.00000    
> -G177/246/167
   243.5294      -20.00000    
   254.1176      -20.00000    
   254.1176      -10.00000    
   243.5294      -10.00000    
> -G090/220/243
   254.1176      -20.00000    
   264.7059      -20.00000    
   264.7059      -10.00000    
   254.1176      -10.00000    
> -G088/218/244
   264.7059      -20.00000    
   275.2941      -20.00000    
   275.2941      -10.00000    
   264.7059      -10.00000    
> -G141/238/188
   275.2941      -20.00000    
   285.8823      -20.00000    
   285.8823      -10.00000    
   275.2941      -10.00000    
> -G013/131/248
   285.8824      -20.00000    
   296.4706      -20.00000    
   296.4706      -10.00000    
   285.8824      -10.00000    
> -G010/000/121
   296.4706      -20.00000    
   307.0588      -20.00000    
   307.0588      -10.00000    
   296.4706      -10.00000    
> -G010/000/121
   307.0588      -20.00000    
   317.6470      -20.00000    
   317.6470      -10.00000    
   307.0588      -10.00000    
> -G010/000/121
   317.6470      -20.00000    
   328.2353      -20.00000    
   328.2353      -10.00000    
   317.6470      -10.00000    
> -G026/176/255
   328.2353      -20.00000    
   338.8235      -20.00000    
   338.8235      -10.00000    
   328.2353      -10.00000    
> -G217/248/147
   338.8235      -20.00000    
   349.4117      -20.00000    
   349.4117      -10.00000    
   338.8235      -10.00000    
> -G218/247/146
   349.4117      -20.00000    
   360.0000      -20.00000    
   360.0000      -10.00000    
   349.4117      -10.00000    
> -G240/235/120
  0.0000000E+00  -30.00000    
   11.25000      -30.00000    
   11.25000      -20.00000    
  0.0000000E+00  -20.00000    
> -G212/250/152
   11.25000      -30.00000    
   22.50000      -30.00000    
   22.50000      -20.00000    
   11.25000      -20.00000    
> -G006/081/235
   22.50000      -30.00000    
   33.75000      -30.00000    
   33.75000      -20.00000    
   22.50000      -20.00000    
> -G068/202/254
   33.75000      -30.00000    
   45.00000      -30.00000    
   45.00000      -20.00000    
   33.75000      -20.00000    
> -G172/245/167
   45.00000      -30.00000    
   56.25000      -30.00000    
   56.25000      -20.00000    
   45.00000      -20.00000    
> -G172/245/167
   56.25000      -30.00000    
   67.50000      -30.00000    
   67.50000      -20.00000    
   56.25000      -20.00000    
> -G136/237/191
   67.50000      -30.00000    
   78.75000      -30.00000    
   78.75000      -20.00000    
   67.50000      -20.00000    
> -G113/231/215
   78.75000      -30.00000    
   90.00000      -30.00000    
   90.00000      -20.00000    
   78.75000      -20.00000    
> -G072/205/252
   90.00000      -30.00000    
   101.2500      -30.00000    
   101.2500      -20.00000    
   90.00000      -20.00000    
> -G000/017/205
   101.2500      -30.00000    
   112.5000      -30.00000    
   112.5000      -20.00000    
   101.2500      -20.00000    
> -G010/000/121
   112.5000      -30.00000    
   123.7500      -30.00000    
   123.7500      -20.00000    
   112.5000      -20.00000    
> -G010/000/121
   123.7500      -30.00000    
   135.0000      -30.00000    
   135.0000      -20.00000    
   123.7500      -20.00000    
> -G010/000/121
   135.0000      -30.00000    
   146.2500      -30.00000    
   146.2500      -20.00000    
   135.0000      -20.00000    
> -G014/134/248
   146.2500      -30.00000    
   157.5000      -30.00000    
   157.5000      -20.00000    
   146.2500      -20.00000    
> -G254/089/089
   157.5000      -30.00000    
   168.7500      -30.00000    
   168.7500      -20.00000    
   157.5000      -20.00000    
> -G255/211/211
   168.7500      -30.00000    
   180.0000      -30.00000    
   180.0000      -20.00000    
   168.7500      -20.00000    
> -G242/082/081
   180.0000      -30.00000    
   191.2500      -30.00000    
   191.2500      -20.00000    
   180.0000      -20.00000    
> -G255/117/117
   191.2500      -30.00000    
   202.5000      -30.00000    
   202.5000      -20.00000    
   191.2500      -20.00000    
> -G255/187/187
   202.5000      -30.00000    
   213.7500      -30.00000    
   213.7500      -20.00000    
   202.5000      -20.00000    
> -G248/201/095
   213.7500      -30.00000    
   225.0000      -30.00000    
   225.0000      -20.00000    
   213.7500      -20.00000    
> -G123/234/200
   225.0000      -30.00000    
   236.2500      -30.00000    
   236.2500      -20.00000    
   225.0000      -20.00000    
> -G106/228/225
   236.2500      -30.00000    
   247.5000      -30.00000    
   247.5000      -20.00000    
   236.2500      -20.00000    
> -G070/203/253
   247.5000      -30.00000    
   258.7500      -30.00000    
   258.7500      -20.00000    
   247.5000      -20.00000    
> -G041/185/255
   258.7500      -30.00000    
   270.0000      -30.00000    
   270.0000      -20.00000    
   258.7500      -20.00000    
> -G019/154/251
   270.0000      -30.00000    
   281.2500      -30.00000    
   281.2500      -20.00000    
   270.0000      -20.00000    
> -G000/035/220
   281.2500      -30.00000    
   292.5000      -30.00000    
   292.5000      -20.00000    
   281.2500      -20.00000    
> -G010/000/121
   292.5000      -30.00000    
   303.7500      -30.00000    
   303.7500      -20.00000    
   292.5000      -20.00000    
> -G000/012/202
   303.7500      -30.00000    
   315.0000      -30.00000    
   315.0000      -20.00000    
   303.7500      -20.00000    
> -G030/178/255
   315.0000      -30.00000    
   326.2500      -30.00000    
   326.2500      -20.00000    
   315.0000      -20.00000    
> -G097/225/238
   326.2500      -30.00000    
   337.5000      -30.00000    
   337.5000      -20.00000    
   326.2500      -20.00000    
> -G243/224/112
   337.5000      -30.00000    
   348.7500      -30.00000    
   348.7500      -20.00000    
   337.5000      -20.00000    
> -G248/207/099
   348.7500      -30.00000    
   360.0000      -30.00000    
   360.0000      -20.00000    
   348.7500      -20.00000    
> -G247/209/100
  0.0000000E+00  -40.00000    
   12.00000      -40.00000    
   12.00000      -30.00000    
  0.0000000E+00  -30.00000    
> -G142/238/187
   12.00000      -40.00000    
   24.00000      -40.00000    
   24.00000      -30.00000    
   12.00000      -30.00000    
> -G079/211/248
   24.00000      -40.00000    
   36.00000      -40.00000    
   36.00000      -30.00000    
   24.00000      -30.00000    
> -G111/230/218
   36.00000      -40.00000    
   48.00000      -40.00000    
   48.00000      -30.00000    
   36.00000      -30.00000    
> -G161/242/174
   48.00000      -40.00000    
   60.00000      -40.00000    
   60.00000      -30.00000    
   48.00000      -30.00000    
> -G200/253/162
   60.00000      -40.00000    
   72.00000      -40.00000    
   72.00000      -30.00000    
   60.00000      -30.00000    
> -G179/247/166
   72.00000      -40.00000    
   84.00000      -40.00000    
   84.00000      -30.00000    
   72.00000      -30.00000    
> -G145/239/185
   84.00000      -40.00000    
   96.00000      -40.00000    
   96.00000      -30.00000    
   84.00000      -30.00000    
> -G018/149/251
   96.00000      -40.00000    
   108.0000      -40.00000    
   108.0000      -30.00000    
   96.00000      -30.00000    
> -G010/000/121
   108.0000      -40.00000    
   120.0000      -40.00000    
   120.0000      -30.00000    
   108.0000      -30.00000    
> -G010/000/121
   120.0000      -40.00000    
   132.0000      -40.00000    
   132.0000      -30.00000    
   120.0000      -30.00000    
> -G018/004/169
   132.0000      -40.00000    
   144.0000      -40.00000    
   144.0000      -30.00000    
   132.0000      -30.00000    
> -G196/252/163
   144.0000      -40.00000    
   156.0000      -40.00000    
   156.0000      -30.00000    
   144.0000      -30.00000    
> -G238/083/077
   156.0000      -40.00000    
   168.0000      -40.00000    
   168.0000      -30.00000    
   156.0000      -30.00000    
> -G255/255/255
   168.0000      -40.00000    
   180.0000      -40.00000    
   180.0000      -30.00000    
   168.0000      -30.00000    
> -G248/086/085
   180.0000      -40.00000    
   192.0000      -40.00000    
   192.0000      -30.00000    
   180.0000      -30.00000    
> -G255/129/129
   192.0000      -40.00000    
   204.0000      -40.00000    
   204.0000      -30.00000    
   192.0000      -30.00000    
> -G240/094/076
   204.0000      -40.00000    
   216.0000      -40.00000    
   216.0000      -30.00000    
   204.0000      -30.00000    
> -G199/253/162
   216.0000      -40.00000    
   228.0000      -40.00000    
   228.0000      -30.00000    
   216.0000      -30.00000    
> -G094/222/241
   228.0000      -40.00000    
   240.0000      -40.00000    
   240.0000      -30.00000    
   228.0000      -30.00000    
> -G069/202/254
   240.0000      -40.00000    
   252.0000      -40.00000    
   252.0000      -30.00000    
   240.0000      -30.00000    
> -G063/198/255
   252.0000      -40.00000    
   264.0000      -40.00000    
   264.0000      -30.00000    
   252.0000      -30.00000    
> -G032/179/255
   264.0000      -40.00000    
   276.0000      -40.00000    
   276.0000      -30.00000    
   264.0000      -30.00000    
> -G001/049/226
   276.0000      -40.00000    
   288.0000      -40.00000    
   288.0000      -30.00000    
   276.0000      -30.00000    
> -G010/000/121
   288.0000      -40.00000    
   300.0000      -40.00000    
   300.0000      -30.00000    
   288.0000      -30.00000    
> -G026/175/255
   300.0000      -40.00000    
   312.0000      -40.00000    
   312.0000      -30.00000    
   300.0000      -30.00000    
> -G103/227/230
   312.0000      -40.00000    
   324.0000      -40.00000    
   324.0000      -30.00000    
   312.0000      -30.00000    
> -G183/248/165
   324.0000      -40.00000    
   336.0000      -40.00000    
   336.0000      -30.00000    
   324.0000      -30.00000    
> -G245/220/108
   336.0000      -40.00000    
   348.0000      -40.00000    
   348.0000      -30.00000    
   336.0000      -30.00000    
> -G249/134/071
   348.0000      -40.00000    
   360.0000      -40.00000    
   360.0000      -30.00000    
   348.0000      -30.00000    
> -G243/224/111
  0.0000000E+00  -50.00000    
   13.84615      -50.00000    
   13.84615      -40.00000    
  0.0000000E+00  -40.00000    
> -G189/250/164
   13.84615      -50.00000    
   27.69231      -50.00000    
   27.69231      -40.00000    
   13.84615      -40.00000    
> -G170/244/169
   27.69231      -50.00000    
   41.53846      -50.00000    
   41.53846      -40.00000    
   27.69231      -40.00000    
> -G240/234/119
   41.53846      -50.00000    
   55.38462      -50.00000    
   55.38462      -40.00000    
   41.53846      -40.00000    
> -G248/128/072
   55.38462      -50.00000    
   69.23077      -50.00000    
   69.23077      -40.00000    
   55.38462      -40.00000    
> -G241/097/076
   69.23077      -50.00000    
   83.07693      -50.00000    
   83.07693      -40.00000    
   69.23077      -40.00000    
> -G245/220/108
   83.07693      -50.00000    
   96.92308      -50.00000    
   96.92308      -40.00000    
   83.07693      -40.00000    
> -G157/241/177
   96.92308      -50.00000    
   110.7692      -50.00000    
   110.7692      -40.00000    
   96.92308      -40.00000    
> -G075/207/251
   110.7692      -50.00000    
   124.6154      -50.00000    
   124.6154      -40.00000    
   110.7692      -40.00000    
> -G152/241/180
   124.6154      -50.00000    
   138.4615      -50.00000    
   138.4615      -40.00000    
   124.6154      -40.00000    
> -G255/094/094
   138.4615      -50.00000    
   152.3077      -50.00000    
   152.3077      -40.00000    
   138.4615      -40.00000    
> -G240/093/076
   152.3077      -50.00000    
   166.1539      -50.00000    
   166.1539      -40.00000    
   152.3077      -40.00000    
> -G242/229/115
   166.1539      -50.00000    
   180.0000      -50.00000    
   180.0000      -40.00000    
   166.1539      -40.00000    
> -G255/219/219
   180.0000      -50.00000    
   193.8462      -50.00000    
   193.8462      -40.00000    
   180.0000      -40.00000    
> -G255/157/157
   193.8462      -50.00000    
   207.6923      -50.00000    
   207.6923      -40.00000    
   193.8462      -40.00000    
> -G248/203/096
   207.6923      -50.00000    
   221.5385      -50.00000    
   221.5385      -40.00000    
   207.6923      -40.00000    
> -G164/243/172
   221.5385      -50.00000    
   235.3846      -50.00000    
   235.3846      -40.00000    
   221.5385      -40.00000    
> -G101/226/232
   235.3846      -50.00000    
   249.2308      -50.00000    
   249.2308      -40.00000    
   235.3846      -40.00000    
> -G110/230/219
   249.2308      -50.00000    
   263.0769      -50.00000    
   263.0769      -40.00000    
   249.2308      -40.00000    
> -G085/215/245
   263.0769      -50.00000    
   276.9231      -50.00000    
   276.9231      -40.00000    
   263.0769      -40.00000    
> -G021/161/252
   276.9231      -50.00000    
   290.7693      -50.00000    
   290.7693      -40.00000    
   276.9231      -40.00000    
> -G050/191/255
   290.7692      -50.00000    
   304.6154      -50.00000    
   304.6154      -40.00000    
   290.7692      -40.00000    
> -G135/237/192
   304.6154      -50.00000    
   318.4615      -50.00000    
   318.4615      -40.00000    
   304.6154      -40.00000    
> -G202/254/162
   318.4615      -50.00000    
   332.3077      -50.00000    
   332.3077      -40.00000    
   318.4615      -40.00000    
> -G232/240/129
   332.3077      -50.00000    
   346.1539      -50.00000    
   346.1539      -40.00000    
   332.3077      -40.00000    
> -G248/204/097
   346.1539      -50.00000    
   360.0000      -50.00000    
   360.0000      -40.00000    
   346.1539      -40.00000    
> -G240/235/120
  0.0000000E+00  -60.00000    
   18.00000      -60.00000    
   18.00000      -50.00000    
  0.0000000E+00  -50.00000    
> -G179/247/166
   18.00000      -60.00000    
   36.00000      -60.00000    
   36.00000      -50.00000    
   18.00000      -50.00000    
> -G189/250/164
   36.00000      -60.00000    
   54.00000      -60.00000    
   54.00000      -50.00000    
   36.00000      -50.00000    
> -G248/203/096
   54.00000      -60.00000    
   72.00000      -60.00000    
   72.00000      -50.00000    
   54.00000      -50.00000    
> -G254/164/071
   72.00000      -60.00000    
   90.00000      -60.00000    
   90.00000      -50.00000    
   72.00000      -50.00000    
> -G244/223/110
   90.00000      -60.00000    
   108.0000      -60.00000    
   108.0000      -50.00000    
   90.00000      -50.00000    
> -G212/250/152
   108.0000      -60.00000    
   126.0000      -60.00000    
   126.0000      -50.00000    
   108.0000      -50.00000    
> -G247/209/100
   126.0000      -60.00000    
   144.0000      -60.00000    
   144.0000      -50.00000    
   126.0000      -50.00000    
> -G255/186/186
   144.0000      -60.00000    
   162.0000      -60.00000    
   162.0000      -50.00000    
   144.0000      -50.00000    
> -G255/209/209
   162.0000      -60.00000    
   180.0000      -60.00000    
   180.0000      -50.00000    
   162.0000      -50.00000    
> -G255/176/176
   180.0000      -60.00000    
   198.0000      -60.00000    
   198.0000      -50.00000    
   180.0000      -50.00000    
> -G249/132/072
   198.0000      -60.00000    
   216.0000      -60.00000    
   216.0000      -50.00000    
   198.0000      -50.00000    
> -G209/252/157
   216.0000      -60.00000    
   234.0000      -60.00000    
   234.0000      -50.00000    
   216.0000      -50.00000    
> -G153/241/180
   234.0000      -60.00000    
   252.0000      -60.00000    
   252.0000      -50.00000    
   234.0000      -50.00000    
> -G121/234/203
   252.0000      -60.00000    
   270.0000      -60.00000    
   270.0000      -50.00000    
   252.0000      -50.00000    
> -G104/227/228
   270.0000      -60.00000    
   288.0000      -60.00000    
   288.0000      -50.00000    
   270.0000      -50.00000    
> -G165/243/172
   288.0000      -60.00000    
   306.0000      -60.00000    
   306.0000      -50.00000    
   288.0000      -50.00000    
> -G241/232/118
   306.0000      -60.00000    
   324.0000      -60.00000    
   324.0000      -50.00000    
   306.0000      -50.00000    
> -G244/221/109
   324.0000      -60.00000    
   342.0000      -60.00000    
   342.0000      -50.00000    
   324.0000      -50.00000    
> -G244/222/110
   342.0000      -60.00000    
   360.0000      -60.00000    
   360.0000      -50.00000    
   342.0000      -50.00000    
> -G143/239/187
  0.0000000E+00  -70.00000    
   22.50000      -70.00000    
   22.50000      -60.00000    
  0.0000000E+00  -60.00000    
> -G045/188/255
   22.50000      -70.00000    
   45.00000      -70.00000    
   45.00000      -60.00000    
   22.50000      -60.00000    
> -G108/229/223
   45.00000      -70.00000    
   67.50000      -70.00000    
   67.50000      -60.00000    
   45.00000      -60.00000    
> -G182/248/166
   67.50000      -70.00000    
   90.00000      -70.00000    
   90.00000      -60.00000    
   67.50000      -60.00000    
> -G204/254/162
   90.00000      -70.00000    
   112.5000      -70.00000    
   112.5000      -60.00000    
   90.00000      -60.00000    
> -G184/248/165
   112.5000      -70.00000    
   135.0000      -70.00000    
   135.0000      -60.00000    
   112.5000      -60.00000    
> -G150/240/182
   135.0000      -70.00000    
   157.5000      -70.00000    
   157.5000      -60.00000    
   135.0000      -60.00000    
> -G249/133/072
   157.5000      -70.00000    
   180.0000      -70.00000    
   180.0000      -60.00000    
   157.5000      -60.00000    
> -G240/092/076
   180.0000      -70.00000    
   202.5000      -70.00000    
   202.5000      -60.00000    
   180.0000      -60.00000    
> -G243/225/112
   202.5000      -70.00000    
   225.0000      -70.00000    
   225.0000      -60.00000    
   202.5000      -60.00000    
> -G199/253/162
   225.0000      -70.00000    
   247.5000      -70.00000    
   247.5000      -60.00000    
   225.0000      -60.00000    
> -G156/241/178
   247.5000      -70.00000    
   270.0000      -70.00000    
   270.0000      -60.00000    
   247.5000      -60.00000    
> -G162/243/174
   270.0000      -70.00000    
   292.5000      -70.00000    
   292.5000      -60.00000    
   270.0000      -60.00000    
> -G254/164/071
   292.5000      -70.00000    
   315.0000      -70.00000    
   315.0000      -60.00000    
   292.5000      -60.00000    
> -G254/156/069
   315.0000      -70.00000    
   337.5000      -70.00000    
   337.5000      -60.00000    
   315.0000      -60.00000    
> -G242/228/115
   337.5000      -70.00000    
   360.0000      -70.00000    
   360.0000      -60.00000    
   337.5000      -60.00000    
> -G071/204/253
  0.0000000E+00  -80.00000    
   36.00000      -80.00000    
   36.00000      -70.00000    
  0.0000000E+00  -70.00000    
> -G059/196/255
   36.00000      -80.00000    
   72.00000      -80.00000    
   72.00000      -70.00000    
   36.00000      -70.00000    
> -G099/225/236
   72.00000      -80.00000    
   108.0000      -80.00000    
   108.0000      -70.00000    
   72.00000      -70.00000    
> -G146/239/185
   108.0000      -80.00000    
   144.0000      -80.00000    
   144.0000      -70.00000    
   108.0000      -70.00000    
> -G247/214/103
   144.0000      -80.00000    
   180.0000      -80.00000    
   180.0000      -70.00000    
   144.0000      -70.00000    
> -G246/216/105
   180.0000      -80.00000    
   216.0000      -80.00000    
   216.0000      -70.00000    
   180.0000      -70.00000    
> -G216/248/148
   216.0000      -80.00000    
   252.0000      -80.00000    
   252.0000      -70.00000    
   216.0000      -70.00000    
> -G180/247/166
   252.0000      -80.00000    
   288.0000      -80.00000    
   288.0000      -70.00000    
   252.0000      -70.00000    
> -G194/251/163
   288.0000      -80.00000    
   324.0000      -80.00000    
   324.0000      -70.00000    
   288.0000      -70.00000    
> -G120/233/204
   324.0000      -80.00000    
   360.0000      -80.00000    
   360.0000      -70.00000    
   324.0000      -70.00000    
> -G022/165/253
  0.0000000E+00  -90.00000    
   90.00000      -90.00000    
   90.00000      -80.00000    
  0.0000000E+00  -80.00000    
> -G023/169/254
   90.00000      -90.00000    
   180.0000      -90.00000    
   180.0000      -80.00000    
   90.00000      -80.00000    
> -G148/240/183
   180.0000      -90.00000    
   270.0000      -90.00000    
   270.0000      -80.00000    
   180.0000      -80.00000    
> -G107/229/223
   270.0000      -90.00000    
   360.0000      -90.00000    
   360.0000      -80.00000    
   270.0000      -80.00000    
