> -G233/239/128
  0.0000000E+00   80.00000    
   90.00000       80.00000    
   90.00000       90.00000    
  0.0000000E+00   90.00000    
> -G231/240/130
   90.00000       80.00000    
   180.0000       80.00000    
   180.0000       90.00000    
   90.00000       90.00000    
> -G116/232/211
   180.0000       80.00000    
   270.0000       80.00000    
   270.0000       90.00000    
   180.0000       90.00000    
> -G119/233/206
   270.0000       80.00000    
   360.0000       80.00000    
   360.0000       90.00000    
   270.0000       90.00000    
> -G187/249/165
  0.0000000E+00   70.00000    
   36.00000       70.00000    
   36.00000       80.00000    
  0.0000000E+00   80.00000    
> -G113/230/216
   36.00000       70.00000    
   72.00000       70.00000    
   72.00000       80.00000    
   36.00000       80.00000    
> -G075/207/251
   72.00000       70.00000    
   108.0000       70.00000    
   108.0000       80.00000    
   72.00000       80.00000    
> -G081/212/248
   108.0000       70.00000    
   144.0000       70.00000    
   144.0000       80.00000    
   108.0000       80.00000    
> -G176/246/167
   144.0000       70.00000    
   180.0000       70.00000    
   180.0000       80.00000    
   144.0000       80.00000    
> -G174/245/167
   180.0000       70.00000    
   216.0000       70.00000    
   216.0000       80.00000    
   180.0000       80.00000    
> -G042/186/255
   216.0000       70.00000    
   252.0000       70.00000    
   252.0000       80.00000    
   216.0000       80.00000    
> -G023/167/253
   252.0000       70.00000    
   288.0000       70.00000    
   288.0000       80.00000    
   252.0000       80.00000    
> -G045/187/255
   288.0000       70.00000    
   324.0000       70.00000    
   324.0000       80.00000    
   288.0000       80.00000    
> -G093/222/241
   324.0000       70.00000    
   360.0000       70.00000    
   360.0000       80.00000    
   324.0000       80.00000    
> -G016/143/250
  0.0000000E+00   60.00000    
   22.50000       60.00000    
   22.50000       70.00000    
  0.0000000E+00   70.00000    
> -G053/193/255
   22.50000       60.00000    
   45.00000       60.00000    
   45.00000       70.00000    
   22.50000       70.00000    
> -G009/105/241
   45.00000       60.00000    
   67.50000       60.00000    
   67.50000       70.00000    
   45.00000       70.00000    
> -G007/088/237
   67.50000       60.00000    
   90.00000       60.00000    
   90.00000       70.00000    
   67.50000       70.00000    
> -G017/003/158
   90.00000       60.00000    
   112.5000       60.00000    
   112.5000       70.00000    
   90.00000       70.00000    
> -G018/004/167
   112.5000       60.00000    
   135.0000       60.00000    
   135.0000       70.00000    
   112.5000       70.00000    
> -G207/253/159
   135.0000       60.00000    
   157.5000       60.00000    
   157.5000       70.00000    
   135.0000       70.00000    
> -G251/186/085
   157.5000       60.00000    
   180.0000       60.00000    
   180.0000       70.00000    
   157.5000       70.00000    
> -G239/080/078
   180.0000       60.00000    
   202.5000       60.00000    
   202.5000       70.00000    
   180.0000       70.00000    
> -G200/253/162
   202.5000       60.00000    
   225.0000       60.00000    
   225.0000       70.00000    
   202.5000       70.00000    
> -G049/190/255
   225.0000       60.00000    
   247.5000       60.00000    
   247.5000       70.00000    
   225.0000       70.00000    
> -G002/009/196
   247.5000       60.00000    
   270.0000       60.00000    
   270.0000       70.00000    
   247.5000       70.00000    
> -G007/008/190
   270.0000       60.00000    
   292.5000       60.00000    
   292.5000       70.00000    
   270.0000       70.00000    
> -G051/191/255
   292.5000       60.00000    
   315.0000       60.00000    
   315.0000       70.00000    
   292.5000       70.00000    
> -G255/094/094
   315.0000       60.00000    
   337.5000       60.00000    
   337.5000       70.00000    
   315.0000       70.00000    
> -G255/220/220
   337.5000       60.00000    
   360.0000       60.00000    
   360.0000       70.00000    
   337.5000       70.00000    
> -G180/247/166
  0.0000000E+00   50.00000    
   18.00000       50.00000    
   18.00000       60.00000    
  0.0000000E+00   60.00000    
> -G007/090/237
   18.00000       50.00000    
   36.00000       50.00000    
   36.00000       60.00000    
   18.00000       60.00000    
> -G040/184/255
   36.00000       50.00000    
   54.00000       50.00000    
   54.00000       60.00000    
   36.00000       60.00000    
> -G065/200/255
   54.00000       50.00000    
   72.00000       50.00000    
   72.00000       60.00000    
   54.00000       60.00000    
> -G000/039/223
   72.00000       50.00000    
   90.00000       50.00000    
   90.00000       60.00000    
   72.00000       60.00000    
> -G090/220/243
   90.00000       50.00000    
   108.0000       50.00000    
   108.0000       60.00000    
   90.00000       60.00000    
> -G011/117/244
   108.0000       50.00000    
   126.0000       50.00000    
   126.0000       60.00000    
   108.0000       60.00000    
> -G096/224/240
   126.0000       50.00000    
   144.0000       50.00000    
   144.0000       60.00000    
   126.0000       60.00000    
> -G192/251/164
   144.0000       50.00000    
   162.0000       50.00000    
   162.0000       60.00000    
   144.0000       60.00000    
> -G253/168/074
   162.0000       50.00000    
   180.0000       50.00000    
   180.0000       60.00000    
   162.0000       60.00000    
> -G181/248/166
   180.0000       50.00000    
   198.0000       50.00000    
   198.0000       60.00000    
   180.0000       60.00000    
> -G210/252/155
   198.0000       50.00000    
   216.0000       50.00000    
   216.0000       60.00000    
   198.0000       60.00000    
> -G251/181/082
   216.0000       50.00000    
   234.0000       50.00000    
   234.0000       60.00000    
   216.0000       60.00000    
> -G085/216/245
   234.0000       50.00000    
   252.0000       50.00000    
   252.0000       60.00000    
   234.0000       60.00000    
> -G038/183/255
   252.0000       50.00000    
   270.0000       50.00000    
   270.0000       60.00000    
   252.0000       60.00000    
> -G000/025/212
   270.0000       50.00000    
   288.0000       50.00000    
   288.0000       60.00000    
   270.0000       60.00000    
> -G048/189/255
   288.0000       50.00000    
   306.0000       50.00000    
   306.0000       60.00000    
   288.0000       60.00000    
> -G253/169/075
   306.0000       50.00000    
   324.0000       50.00000    
   324.0000       60.00000    
   306.0000       60.00000    
> -G255/108/108
   324.0000       50.00000    
   342.0000       50.00000    
   342.0000       60.00000    
   324.0000       60.00000    
> -G153/241/180
   342.0000       50.00000    
   360.0000       50.00000    
   360.0000       60.00000    
   342.0000       60.00000    
> -G007/090/237
  0.0000000E+00   40.00000    
   13.84615       40.00000    
   13.84615       50.00000    
  0.0000000E+00   50.00000    
> -G082/213/247
   13.84615       40.00000    
   27.69231       40.00000    
   27.69231       50.00000    
   13.84615       50.00000    
> -G124/235/199
   27.69231       40.00000    
   41.53846       40.00000    
   41.53846       50.00000    
   27.69231       50.00000    
> -G244/222/110
   41.53846       40.00000    
   55.38462       40.00000    
   55.38462       50.00000    
   41.53846       50.00000    
> -G182/248/166
   55.38462       40.00000    
   69.23077       40.00000    
   69.23077       50.00000    
   55.38462       50.00000    
> -G141/238/188
   69.23077       40.00000    
   83.07693       40.00000    
   83.07693       50.00000    
   69.23077       50.00000    
> -G104/227/228
   83.07693       40.00000    
   96.92308       40.00000    
   96.92308       50.00000    
   83.07693       50.00000    
> -G174/245/167
   96.92308       40.00000    
   110.7692       40.00000    
   110.7692       50.00000    
   96.92308       50.00000    
> -G171/244/168
   110.7692       40.00000    
   124.6154       40.00000    
   124.6154       50.00000    
   110.7692       50.00000    
> -G096/224/240
   124.6154       40.00000    
   138.4615       40.00000    
   138.4615       50.00000    
   124.6154       50.00000    
> -G078/210/249
   138.4615       40.00000    
   152.3077       40.00000    
   152.3077       50.00000    
   138.4615       50.00000    
> -G187/249/165
   152.3077       40.00000    
   166.1539       40.00000    
   166.1539       50.00000    
   152.3077       50.00000    
> -G203/254/162
   166.1539       40.00000    
   180.0000       40.00000    
   180.0000       50.00000    
   166.1539       50.00000    
> -G202/254/162
   180.0000       40.00000    
   193.8462       40.00000    
   193.8462       50.00000    
   180.0000       50.00000    
> -G240/234/119
   193.8462       40.00000    
   207.6923       40.00000    
   207.6923       50.00000    
   193.8462       50.00000    
> -G254/162/070
   207.6923       40.00000    
   221.5385       40.00000    
   221.5385       50.00000    
   207.6923       50.00000    
> -G240/091/076
   221.5385       40.00000    
   235.3846       40.00000    
   235.3846       50.00000    
   221.5385       50.00000    
> -G204/254/162
   235.3846       40.00000    
   249.2308       40.00000    
   249.2308       50.00000    
   235.3846       50.00000    
> -G114/231/213
   249.2308       40.00000    
   263.0769       40.00000    
   263.0769       50.00000    
   249.2308       50.00000    
> -G036/182/255
   263.0769       40.00000    
   276.9231       40.00000    
   276.9231       50.00000    
   263.0769       50.00000    
> -G131/236/195
   276.9231       40.00000    
   290.7693       40.00000    
   290.7693       50.00000    
   276.9231       50.00000    
> -G104/227/228
   290.7692       40.00000    
   304.6154       40.00000    
   304.6154       50.00000    
   290.7692       50.00000    
> -G076/209/250
   304.6154       40.00000    
   318.4615       40.00000    
   318.4615       50.00000    
   304.6154       50.00000    
> -G249/133/071
   318.4615       40.00000    
   332.3077       40.00000    
   332.3077       50.00000    
   318.4615       50.00000    
> -G253/151/070
   332.3077       40.00000    
   346.1539       40.00000    
   346.1539       50.00000    
   332.3077       50.00000    
> -G206/254/160
   346.1539       40.00000    
   360.0000       40.00000    
   360.0000       50.00000    
   346.1539       50.00000    
> -G096/224/240
  0.0000000E+00   30.00000    
   12.00000       30.00000    
   12.00000       40.00000    
  0.0000000E+00   40.00000    
> -G105/228/227
   12.00000       30.00000    
   24.00000       30.00000    
   24.00000       40.00000    
   12.00000       40.00000    
> -G114/231/213
   24.00000       30.00000    
   36.00000       30.00000    
   36.00000       40.00000    
   24.00000       40.00000    
> -G242/229/115
   36.00000       30.00000    
   48.00000       30.00000    
   48.00000       40.00000    
   36.00000       40.00000    
> -G218/247/145
   48.00000       30.00000    
   60.00000       30.00000    
   60.00000       40.00000    
   48.00000       40.00000    
> -G145/239/185
   60.00000       30.00000    
   72.00000       30.00000    
   72.00000       40.00000    
   60.00000       40.00000    
> -G058/196/255
   72.00000       30.00000    
   84.00000       30.00000    
   84.00000       40.00000    
   72.00000       40.00000    
> -G148/240/183
   84.00000       30.00000    
   96.00000       30.00000    
   96.00000       40.00000    
   84.00000       40.00000    
> -G156/241/178
   96.00000       30.00000    
   108.0000       30.00000    
   108.0000       40.00000    
   96.00000       40.00000    
> -G150/240/182
   108.0000       30.00000    
   120.0000       30.00000    
   120.0000       40.00000    
   108.0000       40.00000    
> -G097/225/239
   120.0000       30.00000    
   132.0000       30.00000    
   132.0000       40.00000    
   120.0000       40.00000    
> -G071/204/253
   132.0000       30.00000    
   144.0000       30.00000    
   144.0000       40.00000    
   132.0000       40.00000    
> -G109/229/221
   144.0000       30.00000    
   156.0000       30.00000    
   156.0000       40.00000    
   144.0000       40.00000    
> -G165/243/172
   156.0000       30.00000    
   168.0000       30.00000    
   168.0000       40.00000    
   156.0000       40.00000    
> -G203/254/162
   168.0000       30.00000    
   180.0000       30.00000    
   180.0000       40.00000    
   168.0000       40.00000    
> -G241/231/117
   180.0000       30.00000    
   192.0000       30.00000    
   192.0000       40.00000    
   180.0000       40.00000    
> -G249/196/092
   192.0000       30.00000    
   204.0000       30.00000    
   204.0000       40.00000    
   192.0000       40.00000    
> -G244/112/074
   204.0000       30.00000    
   216.0000       30.00000    
   216.0000       40.00000    
   204.0000       40.00000    
> -G253/089/089
   216.0000       30.00000    
   228.0000       30.00000    
   228.0000       40.00000    
   216.0000       40.00000    
> -G255/106/106
   228.0000       30.00000    
   240.0000       30.00000    
   240.0000       40.00000    
   228.0000       40.00000    
> -G252/088/088
   240.0000       30.00000    
   252.0000       30.00000    
   252.0000       40.00000    
   240.0000       40.00000    
> -G115/231/212
   252.0000       30.00000    
   264.0000       30.00000    
   264.0000       40.00000    
   252.0000       40.00000    
> -G004/073/233
   264.0000       30.00000    
   276.0000       30.00000    
   276.0000       40.00000    
   264.0000       40.00000    
> -G116/232/210
   276.0000       30.00000    
   288.0000       30.00000    
   288.0000       40.00000    
   276.0000       40.00000    
> -G202/254/162
   288.0000       30.00000    
   300.0000       30.00000    
   300.0000       40.00000    
   288.0000       40.00000    
> -G216/248/148
   300.0000       30.00000    
   312.0000       30.00000    
   312.0000       40.00000    
   300.0000       40.00000    
> -G244/112/074
   312.0000       30.00000    
   324.0000       30.00000    
   324.0000       40.00000    
   312.0000       40.00000    
> -G255/109/109
   324.0000       30.00000    
   336.0000       30.00000    
   336.0000       40.00000    
   324.0000       40.00000    
> -G243/108/074
   336.0000       30.00000    
   348.0000       30.00000    
   348.0000       40.00000    
   336.0000       40.00000    
> -G245/218/107
   348.0000       30.00000    
   360.0000       30.00000    
   360.0000       40.00000    
   348.0000       40.00000    
> -G018/150/251
  0.0000000E+00   20.00000    
   11.25000       20.00000    
   11.25000       30.00000    
  0.0000000E+00   30.00000    
> -G084/214/246
   11.25000       20.00000    
   22.50000       20.00000    
   22.50000       30.00000    
   11.25000       30.00000    
> -G180/247/166
   22.50000       20.00000    
   33.75000       20.00000    
   33.75000       30.00000    
   22.50000       30.00000    
> -G248/207/099
   33.75000       20.00000    
   45.00000       20.00000    
   45.00000       30.00000    
   33.75000       30.00000    
> -G084/215/246
   45.00000       20.00000    
   56.25000       20.00000    
   56.25000       30.00000    
   45.00000       30.00000    
> -G207/253/159
   56.25000       20.00000    
   67.50000       20.00000    
   67.50000       30.00000    
   56.25000       30.00000    
> -G154/241/179
   67.50000       20.00000    
   78.75000       20.00000    
   78.75000       30.00000    
   67.50000       30.00000    
> -G102/227/231
   78.75000       20.00000    
   90.00000       20.00000    
   90.00000       30.00000    
   78.75000       30.00000    
> -G126/235/198
   90.00000       20.00000    
   101.2500       20.00000    
   101.2500       30.00000    
   90.00000       30.00000    
> -G197/252/163
   101.2500       20.00000    
   112.5000       20.00000    
   112.5000       30.00000    
   101.2500       30.00000    
> -G191/250/164
   112.5000       20.00000    
   123.7500       20.00000    
   123.7500       30.00000    
   112.5000       30.00000    
> -G148/240/183
   123.7500       20.00000    
   135.0000       20.00000    
   135.0000       30.00000    
   123.7500       30.00000    
> -G120/233/205
   135.0000       20.00000    
   146.2500       20.00000    
   146.2500       30.00000    
   135.0000       30.00000    
> -G118/232/208
   146.2500       20.00000    
   157.5000       20.00000    
   157.5000       30.00000    
   146.2500       30.00000    
> -G157/241/177
   157.5000       20.00000    
   168.7500       20.00000    
   168.7500       30.00000    
   157.5000       30.00000    
> -G202/254/162
   168.7500       20.00000    
   180.0000       20.00000    
   180.0000       30.00000    
   168.7500       30.00000    
> -G241/231/117
   180.0000       20.00000    
   191.2500       20.00000    
   191.2500       30.00000    
   180.0000       30.00000    
> -G242/101/075
   191.2500       20.00000    
   202.5000       20.00000    
   202.5000       30.00000    
   191.2500       30.00000    
> -G239/081/079
   202.5000       20.00000    
   213.7500       20.00000    
   213.7500       30.00000    
   202.5000       30.00000    
> -G239/086/077
   213.7500       20.00000    
   225.0000       20.00000    
   225.0000       30.00000    
   213.7500       30.00000    
> -G247/085/084
   225.0000       20.00000    
   236.2500       20.00000    
   236.2500       30.00000    
   225.0000       30.00000    
> -G255/108/108
   236.2500       20.00000    
   247.5000       20.00000    
   247.5000       30.00000    
   236.2500       30.00000    
> -G245/218/107
   247.5000       20.00000    
   258.7500       20.00000    
   258.7500       30.00000    
   247.5000       30.00000    
> -G205/254/161
   258.7500       20.00000    
   270.0000       20.00000    
   270.0000       30.00000    
   258.7500       30.00000    
> -G178/246/166
   270.0000       20.00000    
   281.2500       20.00000    
   281.2500       30.00000    
   270.0000       30.00000    
> -G114/231/213
   281.2500       20.00000    
   292.5000       20.00000    
   292.5000       30.00000    
   281.2500       30.00000    
> -G090/219/243
   292.5000       20.00000    
   303.7500       20.00000    
   303.7500       30.00000    
   292.5000       30.00000    
> -G240/234/119
   303.7500       20.00000    
   315.0000       20.00000    
   315.0000       30.00000    
   303.7500       30.00000    
> -G254/165/072
   315.0000       20.00000    
   326.2500       20.00000    
   326.2500       30.00000    
   315.0000       30.00000    
> -G244/112/074
   326.2500       20.00000    
   337.5000       20.00000    
   337.5000       30.00000    
   326.2500       30.00000    
> -G244/084/082
   337.5000       20.00000    
   348.7500       20.00000    
   348.7500       30.00000    
   337.5000       30.00000    
> -G090/220/243
   348.7500       20.00000    
   360.0000       20.00000    
   360.0000       30.00000    
   348.7500       30.00000    
> -G007/008/190
  0.0000000E+00   10.00000    
   10.58823       10.00000    
   10.58823       20.00000    
  0.0000000E+00   20.00000    
> -G012/127/247
   10.58823       10.00000    
   21.17647       10.00000    
   21.17647       20.00000    
   10.58823       20.00000    
> -G172/245/167
   21.17647       10.00000    
   31.76471       10.00000    
   31.76471       20.00000    
   21.17647       20.00000    
> -G247/124/073
   31.76471       10.00000    
   42.35294       10.00000    
   42.35294       20.00000    
   31.76471       20.00000    
> -G252/175/078
   42.35294       10.00000    
   52.94117       10.00000    
   52.94117       20.00000    
   42.35294       20.00000    
> -G245/220/108
   52.94117       10.00000    
   63.52941       10.00000    
   63.52941       20.00000    
   52.94117       20.00000    
> -G225/244/138
   63.52941       10.00000    
   74.11765       10.00000    
   74.11765       20.00000    
   63.52941       20.00000    
> -G133/236/193
   74.11765       10.00000    
   84.70588       10.00000    
   84.70588       20.00000    
   74.11765       20.00000    
> -G158/242/177
   84.70588       10.00000    
   95.29411       10.00000    
   95.29411       20.00000    
   84.70588       20.00000    
> -G074/207/251
   95.29411       10.00000    
   105.8823       10.00000    
   105.8823       20.00000    
   95.29411       20.00000    
> -G136/237/191
   105.8823       10.00000    
   116.4706       10.00000    
   116.4706       20.00000    
   105.8823       20.00000    
> -G047/189/255
   116.4706       10.00000    
   127.0588       10.00000    
   127.0588       20.00000    
   116.4706       20.00000    
> -G066/201/255
   127.0588       10.00000    
   137.6471       10.00000    
   137.6471       20.00000    
   127.0588       20.00000    
> -G089/219/243
   137.6470       10.00000    
   148.2353       10.00000    
   148.2353       20.00000    
   137.6470       20.00000    
> -G109/229/222
   148.2353       10.00000    
   158.8235       10.00000    
   158.8235       20.00000    
   148.2353       20.00000    
> -G179/247/166
   158.8235       10.00000    
   169.4118       10.00000    
   169.4118       20.00000    
   158.8235       20.00000    
> -G183/248/165
   169.4118       10.00000    
   180.0000       10.00000    
   180.0000       20.00000    
   169.4118       20.00000    
> -G204/254/162
   180.0000       10.00000    
   190.5882       10.00000    
   190.5882       20.00000    
   180.0000       20.00000    
> -G245/218/106
   190.5882       10.00000    
   201.1765       10.00000    
   201.1765       20.00000    
   190.5882       20.00000    
> -G254/166/073
   201.1765       10.00000    
   211.7647       10.00000    
   211.7647       20.00000    
   201.1765       20.00000    
> -G248/205/098
   211.7647       10.00000    
   222.3529       10.00000    
   222.3529       20.00000    
   211.7647       20.00000    
> -G241/231/117
   222.3529       10.00000    
   232.9412       10.00000    
   232.9412       20.00000    
   222.3529       20.00000    
> -G250/193/090
   232.9412       10.00000    
   243.5294       10.00000    
   243.5294       20.00000    
   232.9412       20.00000    
> -G238/080/078
   243.5294       10.00000    
   254.1176       10.00000    
   254.1176       20.00000    
   243.5294       20.00000    
> -G239/080/079
   254.1176       10.00000    
   264.7059       10.00000    
   264.7059       20.00000    
   254.1176       20.00000    
> -G224/244/138
   264.7059       10.00000    
   275.2941       10.00000    
   275.2941       20.00000    
   264.7059       20.00000    
> -G160/242/175
   275.2941       10.00000    
   285.8823       10.00000    
   285.8823       20.00000    
   275.2941       20.00000    
> -G023/169/254
   285.8824       10.00000    
   296.4706       10.00000    
   296.4706       20.00000    
   285.8824       20.00000    
> -G019/153/251
   296.4706       10.00000    
   307.0588       10.00000    
   307.0588       20.00000    
   296.4706       20.00000    
> -G200/253/162
   307.0588       10.00000    
   317.6470       10.00000    
   317.6470       20.00000    
   307.0588       20.00000    
> -G244/222/109
   317.6470       10.00000    
   328.2353       10.00000    
   328.2353       20.00000    
   317.6470       20.00000    
> -G227/242/135
   328.2353       10.00000    
   338.8235       10.00000    
   338.8235       20.00000    
   328.2353       20.00000    
> -G039/183/255
   338.8235       10.00000    
   349.4117       10.00000    
   349.4117       20.00000    
   338.8235       20.00000    
> -G012/001/133
   349.4117       10.00000    
   360.0000       10.00000    
   360.0000       20.00000    
   349.4117       20.00000    
> -G043/186/255
  0.0000000E+00  0.0000000E+00
   10.00000      0.0000000E+00
   10.00000       10.00000    
  0.0000000E+00   10.00000    
> -G016/005/179
   10.00000      0.0000000E+00
   20.00000      0.0000000E+00
   20.00000       10.00000    
   10.00000       10.00000    
> -G036/182/255
   20.00000      0.0000000E+00
   30.00000      0.0000000E+00
   30.00000       10.00000    
   20.00000       10.00000    
> -G254/163/071
   30.00000      0.0000000E+00
   40.00000      0.0000000E+00
   40.00000       10.00000    
   30.00000       10.00000    
> -G255/194/194
   40.00000      0.0000000E+00
   50.00000      0.0000000E+00
   50.00000       10.00000    
   40.00000       10.00000    
> -G240/091/076
   50.00000      0.0000000E+00
   60.00000      0.0000000E+00
   60.00000       10.00000    
   50.00000       10.00000    
> -G252/088/088
   60.00000      0.0000000E+00
   70.00000      0.0000000E+00
   70.00000       10.00000    
   60.00000       10.00000    
> -G251/182/083
   70.00000      0.0000000E+00
   80.00000      0.0000000E+00
   80.00000       10.00000    
   70.00000       10.00000    
> -G100/226/234
   80.00000      0.0000000E+00
   90.00000      0.0000000E+00
   90.00000       10.00000    
   80.00000       10.00000    
> -G112/230/217
   90.00000      0.0000000E+00
   100.0000      0.0000000E+00
   100.0000       10.00000    
   90.00000       10.00000    
> -G116/232/211
   100.0000      0.0000000E+00
   110.0000      0.0000000E+00
   110.0000       10.00000    
   100.0000       10.00000    
> -G098/225/237
   110.0000      0.0000000E+00
   120.0000      0.0000000E+00
   120.0000       10.00000    
   110.0000       10.00000    
> -G080/211/248
   120.0000      0.0000000E+00
   130.0000      0.0000000E+00
   130.0000       10.00000    
   120.0000       10.00000    
> -G088/217/244
   130.0000      0.0000000E+00
   140.0000      0.0000000E+00
   140.0000       10.00000    
   130.0000       10.00000    
> -G120/233/205
   140.0000      0.0000000E+00
   150.0000      0.0000000E+00
   150.0000       10.00000    
   140.0000       10.00000    
> -G176/246/167
   150.0000      0.0000000E+00
   160.0000      0.0000000E+00
   160.0000       10.00000    
   150.0000       10.00000    
> -G188/250/164
   160.0000      0.0000000E+00
   170.0000      0.0000000E+00
   170.0000       10.00000    
   160.0000       10.00000    
> -G174/245/167
   170.0000      0.0000000E+00
   180.0000      0.0000000E+00
   180.0000       10.00000    
   170.0000       10.00000    
> -G192/251/164
   180.0000      0.0000000E+00
   190.0000      0.0000000E+00
   190.0000       10.00000    
   180.0000       10.00000    
> -G232/240/130
   190.0000      0.0000000E+00
   200.0000      0.0000000E+00
   200.0000       10.00000    
   190.0000       10.00000    
> -G243/225/112
   200.0000      0.0000000E+00
   210.0000      0.0000000E+00
   210.0000       10.00000    
   200.0000       10.00000    
> -G241/232/118
   210.0000      0.0000000E+00
   220.0000      0.0000000E+00
   220.0000       10.00000    
   210.0000       10.00000    
> -G204/254/162
   220.0000      0.0000000E+00
   230.0000      0.0000000E+00
   230.0000       10.00000    
   220.0000       10.00000    
> -G191/250/164
   230.0000      0.0000000E+00
   240.0000      0.0000000E+00
   240.0000       10.00000    
   230.0000       10.00000    
> -G220/246/143
   240.0000      0.0000000E+00
   250.0000      0.0000000E+00
   250.0000       10.00000    
   240.0000       10.00000    
> -G244/222/109
   250.0000      0.0000000E+00
   260.0000      0.0000000E+00
   260.0000       10.00000    
   250.0000       10.00000    
> -G233/239/128
   260.0000      0.0000000E+00
   270.0000      0.0000000E+00
   270.0000       10.00000    
   260.0000       10.00000    
> -G177/246/166
   270.0000      0.0000000E+00
   280.0000      0.0000000E+00
   280.0000       10.00000    
   270.0000       10.00000    
> -G102/227/231
   280.0000      0.0000000E+00
   290.0000      0.0000000E+00
   290.0000       10.00000    
   280.0000       10.00000    
> -G070/204/253
   290.0000      0.0000000E+00
   300.0000      0.0000000E+00
   300.0000       10.00000    
   290.0000       10.00000    
> -G041/185/255
   300.0000      0.0000000E+00
   310.0000      0.0000000E+00
   310.0000       10.00000    
   300.0000       10.00000    
> -G150/240/182
   310.0000      0.0000000E+00
   320.0000      0.0000000E+00
   320.0000       10.00000    
   310.0000       10.00000    
> -G244/221/109
   320.0000      0.0000000E+00
   330.0000      0.0000000E+00
   330.0000       10.00000    
   320.0000       10.00000    
> -G245/220/108
   330.0000      0.0000000E+00
   340.0000      0.0000000E+00
   340.0000       10.00000    
   330.0000       10.00000    
> -G165/243/172
   340.0000      0.0000000E+00
   350.0000      0.0000000E+00
   350.0000       10.00000    
   340.0000       10.00000    
> -G000/020/208
   350.0000      0.0000000E+00
   360.0000      0.0000000E+00
   360.0000       10.00000    
   350.0000       10.00000    
> -G100/226/234
  0.0000000E+00  -10.00000    
   10.00000      -10.00000    
   10.00000      0.0000000E+00
  0.0000000E+00  0.0000000E+00
> -G090/219/243
   10.00000      -10.00000    
   20.00000      -10.00000    
   20.00000      0.0000000E+00
   10.00000      0.0000000E+00
> -G114/231/214
   20.00000      -10.00000    
   30.00000      -10.00000    
   30.00000      0.0000000E+00
   20.00000      0.0000000E+00
> -G248/205/098
   30.00000      -10.00000    
   40.00000      -10.00000    
   40.00000      0.0000000E+00
   30.00000      0.0000000E+00
> -G242/099/075
   40.00000      -10.00000    
   50.00000      -10.00000    
   50.00000      0.0000000E+00
   40.00000      0.0000000E+00
> -G242/099/075
   50.00000      -10.00000    
   60.00000      -10.00000    
   60.00000      0.0000000E+00
   50.00000      0.0000000E+00
> -G246/121/073
   60.00000      -10.00000    
   70.00000      -10.00000    
   70.00000      0.0000000E+00
   60.00000      0.0000000E+00
> -G251/186/085
   70.00000      -10.00000    
   80.00000      -10.00000    
   80.00000      0.0000000E+00
   70.00000      0.0000000E+00
> -G093/222/241
   80.00000      -10.00000    
   90.00000      -10.00000    
   90.00000      0.0000000E+00
   80.00000      0.0000000E+00
> -G105/228/227
   90.00000      -10.00000    
   100.0000      -10.00000    
   100.0000      0.0000000E+00
   90.00000      0.0000000E+00
> -G122/234/201
   100.0000      -10.00000    
   110.0000      -10.00000    
   110.0000      0.0000000E+00
   100.0000      0.0000000E+00
> -G020/157/252
   110.0000      -10.00000    
   120.0000      -10.00000    
   120.0000      0.0000000E+00
   110.0000      0.0000000E+00
> -G042/186/255
   120.0000      -10.00000    
   130.0000      -10.00000    
   130.0000      0.0000000E+00
   120.0000      0.0000000E+00
> -G060/197/255
   130.0000      -10.00000    
   140.0000      -10.00000    
   140.0000      0.0000000E+00
   130.0000      0.0000000E+00
> -G230/241/132
   140.0000      -10.00000    
   150.0000      -10.00000    
   150.0000      0.0000000E+00
   140.0000      0.0000000E+00
> -G204/254/162
   150.0000      -10.00000    
   160.0000      -10.00000    
   160.0000      0.0000000E+00
   150.0000      0.0000000E+00
> -G236/238/125
   160.0000      -10.00000    
   170.0000      -10.00000    
   170.0000      0.0000000E+00
   160.0000      0.0000000E+00
> -G227/242/135
   170.0000      -10.00000    
   180.0000      -10.00000    
   180.0000      0.0000000E+00
   170.0000      0.0000000E+00
> -G244/223/110
   180.0000      -10.00000    
   190.0000      -10.00000    
   190.0000      0.0000000E+00
   180.0000      0.0000000E+00
> -G250/194/090
   190.0000      -10.00000    
   200.0000      -10.00000    
   200.0000      0.0000000E+00
   190.0000      0.0000000E+00
> -G252/180/082
   200.0000      -10.00000    
   210.0000      -10.00000    
   210.0000      0.0000000E+00
   200.0000      0.0000000E+00
> -G248/207/099
   210.0000      -10.00000    
   220.0000      -10.00000    
   220.0000      0.0000000E+00
   210.0000      0.0000000E+00
> -G201/253/162
   220.0000      -10.00000    
   230.0000      -10.00000    
   230.0000      0.0000000E+00
   220.0000      0.0000000E+00
> -G151/240/181
   230.0000      -10.00000    
   240.0000      -10.00000    
   240.0000      0.0000000E+00
   230.0000      0.0000000E+00
> -G173/245/167
   240.0000      -10.00000    
   250.0000      -10.00000    
   250.0000      0.0000000E+00
   240.0000      0.0000000E+00
> -G198/253/163
   250.0000      -10.00000    
   260.0000      -10.00000    
   260.0000      0.0000000E+00
   250.0000      0.0000000E+00
> -G128/235/197
   260.0000      -10.00000    
   270.0000      -10.00000    
   270.0000      0.0000000E+00
   260.0000      0.0000000E+00
> -G064/199/255
   270.0000      -10.00000    
   280.0000      -10.00000    
   280.0000      0.0000000E+00
   270.0000      0.0000000E+00
> -G022/164/253
   280.0000      -10.00000    
   290.0000      -10.00000    
   290.0000      0.0000000E+00
   280.0000      0.0000000E+00
> -G000/012/202
   290.0000      -10.00000    
   300.0000      -10.00000    
   300.0000      0.0000000E+00
   290.0000      0.0000000E+00
> -G018/004/166
   300.0000      -10.00000    
   310.0000      -10.00000    
   310.0000      0.0000000E+00
   300.0000      0.0000000E+00
> -G004/071/232
   310.0000      -10.00000    
   320.0000      -10.00000    
   320.0000      0.0000000E+00
   310.0000      0.0000000E+00
> -G014/136/249
   320.0000      -10.00000    
   330.0000      -10.00000    
   330.0000      0.0000000E+00
   320.0000      0.0000000E+00
> -G244/221/109
   330.0000      -10.00000    
   340.0000      -10.00000    
   340.0000      0.0000000E+00
   330.0000      0.0000000E+00
> -G243/224/111
   340.0000      -10.00000    
   350.0000      -10.00000    
   350.0000      0.0000000E+00
   340.0000      0.0000000E+00
> -G143/239/187
   350.0000      -10.00000    
   360.0000      -10.00000    
   360.0000      0.0000000E+00
   350.0000      0.0000000E+00
> -G142/238/187
  0.0000000E+00  -20.00000    
   10.58823      -20.00000    
   10.58823      -10.00000    
  0.0000000E+00  -10.00000    
> -G079/210/249
   10.58823      -20.00000    
   21.17647      -20.00000    
   21.17647      -10.00000    
   10.58823      -10.00000    
> -G017/145/250
   21.17647      -20.00000    
   31.76471      -20.00000    
   31.76471      -10.00000    
   21.17647      -10.00000    
> -G122/234/201
   31.76471      -20.00000    
   42.35294      -20.00000    
   42.35294      -10.00000    
   31.76471      -10.00000    
> -G206/254/160
   42.35294      -20.00000    
   52.94117      -20.00000    
   52.94117      -10.00000    
   42.35294      -10.00000    
> -G244/223/110
   52.94117      -20.00000    
   63.52941      -20.00000    
   63.52941      -10.00000    
   52.94117      -10.00000    
> -G245/218/106
   63.52941      -20.00000    
   74.11765      -20.00000    
   74.11765      -10.00000    
   63.52941      -10.00000    
> -G201/253/162
   74.11765      -20.00000    
   84.70588      -20.00000    
   84.70588      -10.00000    
   74.11765      -10.00000    
> -G128/235/197
   84.70588      -20.00000    
   95.29411      -20.00000    
   95.29411      -10.00000    
   84.70588      -10.00000    
> -G162/243/174
   95.29411      -20.00000    
   105.8823      -20.00000    
   105.8823      -10.00000    
   95.29411      -10.00000    
> -G075/208/251
   105.8823      -20.00000    
   116.4706      -20.00000    
   116.4706      -10.00000    
   105.8823      -10.00000    
> -G006/086/236
   116.4706      -20.00000    
   127.0588      -20.00000    
   127.0588      -10.00000    
   116.4706      -10.00000    
> -G010/000/121
   127.0588      -20.00000    
   137.6471      -20.00000    
   137.6471      -10.00000    
   127.0588      -10.00000    
> -G000/025/212
   137.6470      -20.00000    
   148.2353      -20.00000    
   148.2353      -10.00000    
   137.6470      -10.00000    
> -G219/247/144
   148.2353      -20.00000    
   158.8235      -20.00000    
   158.8235      -10.00000    
   148.2353      -10.00000    
> -G240/233/118
   158.8235      -20.00000    
   169.4118      -20.00000    
   169.4118      -10.00000    
   158.8235      -10.00000    
> -G246/120/073
   169.4118      -20.00000    
   180.0000      -20.00000    
   180.0000      -10.00000    
   169.4118      -10.00000    
> -G248/086/085
   180.0000      -20.00000    
   190.5882      -20.00000    
   190.5882      -10.00000    
   180.0000      -10.00000    
> -G238/081/077
   190.5882      -20.00000    
   201.1765      -20.00000    
   201.1765      -10.00000    
   190.5882      -10.00000    
> -G255/091/091
   201.1765      -20.00000    
   211.7647      -20.00000    
   211.7647      -10.00000    
   201.1765      -10.00000    
> -G249/086/085
   211.7647      -20.00000    
   222.3529      -20.00000    
   222.3529      -10.00000    
   211.7647      -10.00000    
> -G193/251/164
   222.3529      -20.00000    
   232.9412      -20.00000    
   232.9412      -10.00000    
   222.3529      -10.00000    
> -G166/243/171
   232.9412      -20.00000    
   243.5294      -20.00000    
   243.5294      -10.00000    
   232.9412      -10.00000    
> -G188/249/165
   243.5294      -20.00000    
   254.1176      -20.00000    
   254.1176      -10.00000    
   243.5294      -10.00000    
> -G094/223/241
   254.1176      -20.00000    
   264.7059      -20.00000    
   264.7059      -10.00000    
   254.1176      -10.00000    
> -G069/203/254
   264.7059      -20.00000    
   275.2941      -20.00000    
   275.2941      -10.00000    
   264.7059      -10.00000    
> -G036/182/255
   275.2941      -20.00000    
   285.8823      -20.00000    
   285.8823      -10.00000    
   275.2941      -10.00000    
> -G016/142/250
   285.8824      -20.00000    
   296.4706      -20.00000    
   296.4706      -10.00000    
   285.8824      -10.00000    
> -G000/045/225
   296.4706      -20.00000    
   307.0588      -20.00000    
   307.0588      -10.00000    
   296.4706      -10.00000    
> -G000/020/208
   307.0588      -20.00000    
   317.6470      -20.00000    
   317.6470      -10.00000    
   307.0588      -10.00000    
> -G010/000/121
   317.6470      -20.00000    
   328.2353      -20.00000    
   328.2353      -10.00000    
   317.6470      -10.00000    
> -G067/201/255
   328.2353      -20.00000    
   338.8235      -20.00000    
   338.8235      -10.00000    
   328.2353      -10.00000    
> -G219/246/144
   338.8235      -20.00000    
   349.4117      -20.00000    
   349.4117      -10.00000    
   338.8235      -10.00000    
> -G211/251/154
   349.4117      -20.00000    
   360.0000      -20.00000    
   360.0000      -10.00000    
   349.4117      -10.00000    
> -G201/254/162
  0.0000000E+00  -30.00000    
   11.25000      -30.00000    
   11.25000      -20.00000    
  0.0000000E+00  -20.00000    
> -G163/243/173
   11.25000      -30.00000    
   22.50000      -30.00000    
   22.50000      -20.00000    
   11.25000      -20.00000    
> -G010/110/243
   22.50000      -30.00000    
   33.75000      -30.00000    
   33.75000      -20.00000    
   22.50000      -20.00000    
> -G063/199/255
   33.75000      -30.00000    
   45.00000      -30.00000    
   45.00000      -20.00000    
   33.75000      -20.00000    
> -G176/246/167
   45.00000      -30.00000    
   56.25000      -30.00000    
   56.25000      -20.00000    
   45.00000      -20.00000    
> -G172/245/167
   56.25000      -30.00000    
   67.50000      -30.00000    
   67.50000      -20.00000    
   56.25000      -20.00000    
> -G160/242/175
   67.50000      -30.00000    
   78.75000      -30.00000    
   78.75000      -20.00000    
   67.50000      -20.00000    
> -G171/244/168
   78.75000      -30.00000    
   90.00000      -30.00000    
   90.00000      -20.00000    
   78.75000      -20.00000    
> -G150/240/182
   90.00000      -30.00000    
   101.2500      -30.00000    
   101.2500      -20.00000    
   90.00000      -20.00000    
> -G028/176/255
   101.2500      -30.00000    
   112.5000      -30.00000    
   112.5000      -20.00000    
   101.2500      -20.00000    
> -G015/002/152
   112.5000      -30.00000    
   123.7500      -30.00000    
   123.7500      -20.00000    
   112.5000      -20.00000    
> -G010/000/121
   123.7500      -30.00000    
   135.0000      -30.00000    
   135.0000      -20.00000    
   123.7500      -20.00000    
> -G015/002/149
   135.0000      -30.00000    
   146.2500      -30.00000    
   146.2500      -20.00000    
   135.0000      -20.00000    
> -G063/199/255
   146.2500      -30.00000    
   157.5000      -30.00000    
   157.5000      -20.00000    
   146.2500      -20.00000    
> -G239/236/122
   157.5000      -30.00000    
   168.7500      -30.00000    
   168.7500      -20.00000    
   157.5000      -20.00000    
> -G253/154/069
   168.7500      -30.00000    
   180.0000      -30.00000    
   180.0000      -20.00000    
   168.7500      -20.00000    
> -G251/186/086
   180.0000      -30.00000    
   191.2500      -30.00000    
   191.2500      -20.00000    
   180.0000      -20.00000    
> -G242/103/075
   191.2500      -30.00000    
   202.5000      -30.00000    
   202.5000      -20.00000    
   191.2500      -20.00000    
> -G255/129/129
   202.5000      -30.00000    
   213.7500      -30.00000    
   213.7500      -20.00000    
   202.5000      -20.00000    
> -G246/217/106
   213.7500      -30.00000    
   225.0000      -30.00000    
   225.0000      -20.00000    
   213.7500      -20.00000    
> -G165/243/172
   225.0000      -30.00000    
   236.2500      -30.00000    
   236.2500      -20.00000    
   225.0000      -20.00000    
> -G120/233/205
   236.2500      -30.00000    
   247.5000      -30.00000    
   247.5000      -20.00000    
   236.2500      -20.00000    
> -G108/229/223
   247.5000      -30.00000    
   258.7500      -30.00000    
   258.7500      -20.00000    
   247.5000      -20.00000    
> -G080/212/248
   258.7500      -30.00000    
   270.0000      -30.00000    
   270.0000      -20.00000    
   258.7500      -20.00000    
> -G049/190/255
   270.0000      -30.00000    
   281.2500      -30.00000    
   281.2500      -20.00000    
   270.0000      -20.00000    
> -G023/169/254
   281.2500      -30.00000    
   292.5000      -30.00000    
   292.5000      -20.00000    
   281.2500      -20.00000    
> -G000/021/209
   292.5000      -30.00000    
   303.7500      -30.00000    
   303.7500      -20.00000    
   292.5000      -20.00000    
> -G054/193/255
   303.7500      -30.00000    
   315.0000      -30.00000    
   315.0000      -20.00000    
   303.7500      -20.00000    
> -G052/192/255
   315.0000      -30.00000    
   326.2500      -30.00000    
   326.2500      -20.00000    
   315.0000      -20.00000    
> -G099/225/236
   326.2500      -30.00000    
   337.5000      -30.00000    
   337.5000      -20.00000    
   326.2500      -20.00000    
> -G240/234/120
   337.5000      -30.00000    
   348.7500      -30.00000    
   348.7500      -20.00000    
   337.5000      -20.00000    
> -G244/222/109
   348.7500      -30.00000    
   360.0000      -30.00000    
   360.0000      -20.00000    
   348.7500      -20.00000    
> -G242/228/115
  0.0000000E+00  -40.00000    
   12.00000      -40.00000    
   12.00000      -30.00000    
  0.0000000E+00  -30.00000    
> -G122/234/201
   12.00000      -40.00000    
   24.00000      -40.00000    
   24.00000      -30.00000    
   12.00000      -30.00000    
> -G102/227/231
   24.00000      -40.00000    
   36.00000      -40.00000    
   36.00000      -30.00000    
   24.00000      -30.00000    
> -G133/236/193
   36.00000      -40.00000    
   48.00000      -40.00000    
   48.00000      -30.00000    
   36.00000      -30.00000    
> -G181/247/166
   48.00000      -40.00000    
   60.00000      -40.00000    
   60.00000      -30.00000    
   48.00000      -30.00000    
> -G199/253/162
   60.00000      -40.00000    
   72.00000      -40.00000    
   72.00000      -30.00000    
   60.00000      -30.00000    
> -G203/254/162
   72.00000      -40.00000    
   84.00000      -40.00000    
   84.00000      -30.00000    
   72.00000      -30.00000    
> -G219/247/145
   84.00000      -40.00000    
   96.00000      -40.00000    
   96.00000      -30.00000    
   84.00000      -30.00000    
> -G123/234/201
   96.00000      -40.00000    
   108.0000      -40.00000    
   108.0000      -30.00000    
   96.00000      -30.00000    
> -G002/059/229
   108.0000      -40.00000    
   120.0000      -40.00000    
   120.0000      -30.00000    
   108.0000      -30.00000    
> -G000/015/204
   120.0000      -40.00000    
   132.0000      -40.00000    
   132.0000      -30.00000    
   120.0000      -30.00000    
> -G098/225/237
   132.0000      -40.00000    
   144.0000      -40.00000    
   144.0000      -30.00000    
   132.0000      -30.00000    
> -G243/224/112
   144.0000      -40.00000    
   156.0000      -40.00000    
   156.0000      -30.00000    
   144.0000      -30.00000    
> -G248/204/097
   156.0000      -40.00000    
   168.0000      -40.00000    
   168.0000      -30.00000    
   156.0000      -30.00000    
> -G249/195/091
   168.0000      -40.00000    
   180.0000      -40.00000    
   180.0000      -30.00000    
   168.0000      -30.00000    
> -G241/231/117
   180.0000      -40.00000    
   192.0000      -40.00000    
   192.0000      -30.00000    
   180.0000      -30.00000    
> -G240/092/076
   192.0000      -40.00000    
   204.0000      -40.00000    
   204.0000      -30.00000    
   192.0000      -30.00000    
> -G254/159/069
   204.0000      -40.00000    
   216.0000      -40.00000    
   216.0000      -30.00000    
   204.0000      -30.00000    
> -G204/254/162
   216.0000      -40.00000    
   228.0000      -40.00000    
   228.0000      -30.00000    
   216.0000      -30.00000    
> -G119/233/206
   228.0000      -40.00000    
   240.0000      -40.00000    
   240.0000      -30.00000    
   228.0000      -30.00000    
> -G099/226/235
   240.0000      -40.00000    
   252.0000      -40.00000    
   252.0000      -30.00000    
   240.0000      -30.00000    
> -G108/229/223
   252.0000      -40.00000    
   264.0000      -40.00000    
   264.0000      -30.00000    
   252.0000      -30.00000    
> -G096/224/240
   264.0000      -40.00000    
   276.0000      -40.00000    
   276.0000      -30.00000    
   264.0000      -30.00000    
> -G058/195/255
   276.0000      -40.00000    
   288.0000      -40.00000    
   288.0000      -30.00000    
   276.0000      -30.00000    
> -G028/177/255
   288.0000      -40.00000    
   300.0000      -40.00000    
   300.0000      -30.00000    
   288.0000      -30.00000    
> -G122/234/202
   300.0000      -40.00000    
   312.0000      -40.00000    
   312.0000      -30.00000    
   300.0000      -30.00000    
> -G155/241/179
   312.0000      -40.00000    
   324.0000      -40.00000    
   324.0000      -30.00000    
   312.0000      -30.00000    
> -G179/247/166
   324.0000      -40.00000    
   336.0000      -40.00000    
   336.0000      -30.00000    
   324.0000      -30.00000    
> -G229/241/133
   336.0000      -40.00000    
   348.0000      -40.00000    
   348.0000      -30.00000    
   336.0000      -30.00000    
> -G253/173/077
   348.0000      -40.00000    
   360.0000      -40.00000    
   360.0000      -30.00000    
   348.0000      -30.00000    
> -G240/235/120
  0.0000000E+00  -50.00000    
   13.84615      -50.00000    
   13.84615      -40.00000    
  0.0000000E+00  -40.00000    
> -G196/252/163
   13.84615      -50.00000    
   27.69231      -50.00000    
   27.69231      -40.00000    
   13.84615      -40.00000    
> -G175/246/167
   27.69231      -50.00000    
   41.53846      -50.00000    
   41.53846      -40.00000    
   27.69231      -40.00000    
> -G240/235/120
   41.53846      -50.00000    
   55.38462      -50.00000    
   55.38462      -40.00000    
   41.53846      -40.00000    
> -G251/184/084
   55.38462      -50.00000    
   69.23077      -50.00000    
   69.23077      -40.00000    
   55.38462      -40.00000    
> -G243/108/074
   69.23077      -50.00000    
   83.07693      -50.00000    
   83.07693      -40.00000    
   69.23077      -40.00000    
> -G253/170/075
   83.07693      -50.00000    
   96.92308      -50.00000    
   96.92308      -40.00000    
   83.07693      -40.00000    
> -G239/236/121
   96.92308      -50.00000    
   110.7692      -50.00000    
   110.7692      -40.00000    
   96.92308      -40.00000    
> -G174/245/167
   110.7692      -50.00000    
   124.6154      -50.00000    
   124.6154      -40.00000    
   110.7692      -40.00000    
> -G225/243/137
   124.6154      -50.00000    
   138.4615      -50.00000    
   138.4615      -40.00000    
   124.6154      -40.00000    
> -G243/104/075
   138.4615      -50.00000    
   152.3077      -50.00000    
   152.3077      -40.00000    
   138.4615      -40.00000    
> -G243/105/075
   152.3077      -50.00000    
   166.1539      -50.00000    
   166.1539      -40.00000    
   152.3077      -40.00000    
> -G210/252/155
   166.1539      -50.00000    
   180.0000      -50.00000    
   180.0000      -40.00000    
   166.1539      -40.00000    
> -G255/162/162
   180.0000      -50.00000    
   193.8462      -50.00000    
   193.8462      -40.00000    
   180.0000      -40.00000    
> -G249/086/085
   193.8462      -50.00000    
   207.6923      -50.00000    
   207.6923      -40.00000    
   193.8462      -40.00000    
> -G245/220/108
   207.6923      -50.00000    
   221.5385      -50.00000    
   221.5385      -40.00000    
   207.6923      -40.00000    
> -G183/248/165
   221.5385      -50.00000    
   235.3846      -50.00000    
   235.3846      -40.00000    
   221.5385      -40.00000    
> -G132/236/194
   235.3846      -50.00000    
   249.2308      -50.00000    
   249.2308      -40.00000    
   235.3846      -40.00000    
> -G145/239/185
   249.2308      -50.00000    
   263.0769      -50.00000    
   263.0769      -40.00000    
   249.2308      -40.00000    
> -G124/235/199
   263.0769      -50.00000    
   276.9231      -50.00000    
   276.9231      -40.00000    
   263.0769      -40.00000    
> -G097/225/239
   276.9231      -50.00000    
   290.7693      -50.00000    
   290.7693      -40.00000    
   276.9231      -40.00000    
> -G104/227/228
   290.7692      -50.00000    
   304.6154      -50.00000    
   304.6154      -40.00000    
   290.7692      -40.00000    
> -G178/247/166
   304.6154      -50.00000    
   318.4615      -50.00000    
   318.4615      -40.00000    
   304.6154      -40.00000    
> -G200/253/162
   318.4615      -50.00000    
   332.3077      -50.00000    
   332.3077      -40.00000    
   318.4615      -40.00000    
> -G201/253/162
   332.3077      -50.00000    
   346.1539      -50.00000    
   346.1539      -40.00000    
   332.3077      -40.00000    
> -G244/222/110
   346.1539      -50.00000    
   360.0000      -50.00000    
   360.0000      -40.00000    
   346.1539      -40.00000    
> -G223/245/140
  0.0000000E+00  -60.00000    
   18.00000      -60.00000    
   18.00000      -50.00000    
  0.0000000E+00  -50.00000    
> -G182/248/166
   18.00000      -60.00000    
   36.00000      -60.00000    
   36.00000      -50.00000    
   18.00000      -50.00000    
> -G184/248/165
   36.00000      -60.00000    
   54.00000      -60.00000    
   54.00000      -50.00000    
   36.00000      -50.00000    
> -G244/222/110
   54.00000      -60.00000    
   72.00000      -60.00000    
   72.00000      -50.00000    
   54.00000      -50.00000    
> -G251/185/085
   72.00000      -60.00000    
   90.00000      -60.00000    
   90.00000      -50.00000    
   72.00000      -50.00000    
> -G244/222/110
   90.00000      -60.00000    
   108.0000      -60.00000    
   108.0000      -50.00000    
   90.00000      -50.00000    
> -G226/243/136
   108.0000      -60.00000    
   126.0000      -60.00000    
   126.0000      -50.00000    
   108.0000      -50.00000    
> -G245/218/106
   126.0000      -60.00000    
   144.0000      -60.00000    
   144.0000      -50.00000    
   126.0000      -50.00000    
> -G255/122/122
   144.0000      -60.00000    
   162.0000      -60.00000    
   162.0000      -50.00000    
   144.0000      -50.00000    
> -G255/160/160
   162.0000      -60.00000    
   180.0000      -60.00000    
   180.0000      -50.00000    
   162.0000      -50.00000    
> -G254/089/089
   180.0000      -60.00000    
   198.0000      -60.00000    
   198.0000      -50.00000    
   180.0000      -50.00000    
> -G251/185/084
   198.0000      -60.00000    
   216.0000      -60.00000    
   216.0000      -50.00000    
   198.0000      -50.00000    
> -G214/249/151
   216.0000      -60.00000    
   234.0000      -60.00000    
   234.0000      -50.00000    
   216.0000      -50.00000    
> -G185/248/165
   234.0000      -60.00000    
   252.0000      -60.00000    
   252.0000      -50.00000    
   234.0000      -50.00000    
> -G158/242/176
   252.0000      -60.00000    
   270.0000      -60.00000    
   270.0000      -50.00000    
   252.0000      -50.00000    
> -G133/236/193
   270.0000      -60.00000    
   288.0000      -60.00000    
   288.0000      -50.00000    
   270.0000      -50.00000    
> -G195/252/163
   288.0000      -60.00000    
   306.0000      -60.00000    
   306.0000      -50.00000    
   288.0000      -50.00000    
> -G240/233/118
   306.0000      -60.00000    
   324.0000      -60.00000    
   324.0000      -50.00000    
   306.0000      -50.00000    
> -G236/237/125
   324.0000      -60.00000    
   342.0000      -60.00000    
   342.0000      -50.00000    
   324.0000      -50.00000    
> -G227/242/135
   342.0000      -60.00000    
   360.0000      -60.00000    
   360.0000      -50.00000    
   342.0000      -50.00000    
> -G144/239/186
  0.0000000E+00  -70.00000    
   22.50000      -70.00000    
   22.50000      -60.00000    
  0.0000000E+00  -60.00000    
> -G066/201/255
   22.50000      -70.00000    
   45.00000      -70.00000    
   45.00000      -60.00000    
   22.50000      -60.00000    
> -G084/214/246
   45.00000      -70.00000    
   67.50000      -70.00000    
   67.50000      -60.00000    
   45.00000      -60.00000    
> -G147/239/184
   67.50000      -70.00000    
   90.00000      -70.00000    
   90.00000      -60.00000    
   67.50000      -60.00000    
> -G170/244/168
   90.00000      -70.00000    
   112.5000      -70.00000    
   112.5000      -60.00000    
   90.00000      -60.00000    
> -G194/251/163
   112.5000      -70.00000    
   135.0000      -70.00000    
   135.0000      -60.00000    
   112.5000      -60.00000    
> -G168/244/170
   135.0000      -70.00000    
   157.5000      -70.00000    
   157.5000      -60.00000    
   135.0000      -60.00000    
> -G254/162/070
   157.5000      -70.00000    
   180.0000      -70.00000    
   180.0000      -60.00000    
   157.5000      -60.00000    
> -G249/132/072
   180.0000      -70.00000    
   202.5000      -70.00000    
   202.5000      -60.00000    
   180.0000      -60.00000    
> -G243/224/111
   202.5000      -70.00000    
   225.0000      -70.00000    
   225.0000      -60.00000    
   202.5000      -60.00000    
> -G214/250/151
   225.0000      -70.00000    
   247.5000      -70.00000    
   247.5000      -60.00000    
   225.0000      -60.00000    
> -G176/246/167
   247.5000      -70.00000    
   270.0000      -70.00000    
   270.0000      -60.00000    
   247.5000      -60.00000    
> -G166/243/171
   270.0000      -70.00000    
   292.5000      -70.00000    
   292.5000      -60.00000    
   270.0000      -60.00000    
> -G242/228/114
   292.5000      -70.00000    
   315.0000      -70.00000    
   315.0000      -60.00000    
   292.5000      -60.00000    
> -G246/216/105
   315.0000      -70.00000    
   337.5000      -70.00000    
   337.5000      -60.00000    
   315.0000      -60.00000    
> -G230/241/132
   337.5000      -70.00000    
   360.0000      -70.00000    
   360.0000      -60.00000    
   337.5000      -60.00000    
> -G081/212/248
  0.0000000E+00  -80.00000    
   36.00000      -80.00000    
   36.00000      -70.00000    
  0.0000000E+00  -70.00000    
> -G059/196/255
   36.00000      -80.00000    
   72.00000      -80.00000    
   72.00000      -70.00000    
   36.00000      -70.00000    
> -G095/223/240
   72.00000      -80.00000    
   108.0000      -80.00000    
   108.0000      -70.00000    
   72.00000      -70.00000    
> -G150/240/182
   108.0000      -80.00000    
   144.0000      -80.00000    
   144.0000      -70.00000    
   108.0000      -70.00000    
> -G247/209/100
   144.0000      -80.00000    
   180.0000      -80.00000    
   180.0000      -70.00000    
   144.0000      -70.00000    
> -G248/202/096
   180.0000      -80.00000    
   216.0000      -80.00000    
   216.0000      -70.00000    
   180.0000      -70.00000    
> -G224/244/138
   216.0000      -80.00000    
   252.0000      -80.00000    
   252.0000      -70.00000    
   216.0000      -70.00000    
> -G182/248/166
   252.0000      -80.00000    
   288.0000      -80.00000    
   288.0000      -70.00000    
   252.0000      -70.00000    
> -G179/247/166
   288.0000      -80.00000    
   324.0000      -80.00000    
   324.0000      -70.00000    
   288.0000      -70.00000    
> -G114/231/213
   324.0000      -80.00000    
   360.0000      -80.00000    
   360.0000      -70.00000    
   324.0000      -70.00000    
> -G025/175/255
  0.0000000E+00  -90.00000    
   90.00000      -90.00000    
   90.00000      -80.00000    
  0.0000000E+00  -80.00000    
> -G056/194/255
   90.00000      -90.00000    
   180.0000      -90.00000    
   180.0000      -80.00000    
   90.00000      -80.00000    
> -G179/247/166
   180.0000      -90.00000    
   270.0000      -90.00000    
   270.0000      -80.00000    
   180.0000      -80.00000    
> -G117/232/209
   270.0000      -90.00000    
   360.0000      -90.00000    
   360.0000      -80.00000    
   270.0000      -80.00000    
