  0.0000000E+00   100.0000      -9305.662             154       24840
  0.0000000E+00   100.0000      -1043787.             119       24840
  0.0000000E+00   25.00000      -8319.865             157       24840
  0.0000000E+00   10.00000      -7197.673             234       24840
  0.0000000E+00   10.00000      -1034652.             227       24840
  0.0000000E+00   50.00000      -1039823.             140       24840
  0.0000000E+00   100.0000      -4047640.             104      114800
  0.0000000E+00   100.0000      -1037870.             140      114800
  0.0000000E+00   100.0000      -1043787.             119       24840
  0.0000000E+00   100.0000      -4064600.              92       24840
  0.0000000E+00   10.00000      -1034652.             227       24840
  0.0000000E+00   50.00000      -1039823.             140       24840
  0.0000000E+00   100.0000      -1043787.             119       24840
  0.0000000E+00   100.0000      -4064600.              92       24840
  0.0000000E+00   100.0000      -1043785.             121       24840
  0.0000000E+00   100.0000      -4064592.              93       24840
  0.0000000E+00   100.0000      -1043763.             119       24840
  0.0000000E+00   100.0000      -1043763.             119       24840
  0.0000000E+00   100.0000      -1043763.             119       24840
  0.0000000E+00   100.0000      -4132309.              94       24840
  0.0000000E+00   100.0000      -1179156.             186       24840
  0.0000000E+00   100.0000      -1425.038             185       24840
  0.0000000E+00   100.0000      -1028748.             144       24840
  0.0000000E+00   100.0000      -4116858.              93       91840
  0.0000000E+00   100.0000      -4155294.              97        6240
