 >
  0.0000000E+00  0.1732765    
   193.3333      0.1732765    
 >
   193.3333      0.2799851    
   386.6667      0.2799851    
 >
   386.6667      0.1521576    
   580.0000      0.1521576    
 >
   580.0000     -6.4604446E-02
   773.3333     -6.4604446E-02
 >
   773.3333     -0.1230954    
   966.6666     -0.1230954    
 >
   966.6666     -0.1114439    
   1160.000     -0.1114439    
 >
   1160.000     -9.0377048E-02
   1353.333     -9.0377048E-02
 >
   1353.333     -8.6606368E-02
   1546.667     -8.6606368E-02
 >
   1546.667     -0.1004938    
   1740.000     -0.1004938    
 >
   1740.000     -0.1216324    
   1933.333     -0.1216324    
 >
   1933.333     -0.1750381    
   2126.667     -0.1750381    
 >
   2126.667     -0.2154668    
   2320.000     -0.2154668    
 >
   2320.000     -0.2441209    
   2513.333     -0.2441209    
 >
   2513.333     -0.2455760    
   2706.667     -0.2455760    
 >
   2706.667     -0.3017994    
   2900.000     -0.3017994    
