 # Project=San-Ti                        
 # Author=Sophon                        
 # date =  3/18/2025 23:52: 3
 # code = EQdyna
 # element_size =   500.00000000000000     
 # time_step =  0.0417  s
 # num_time_steps =   360
 # Time series in 11 columns in format E15.7
 # Column #1 = Time (s)
 # Column #2 = horizontal slip (m)
 # Column #3 = horizontal slip rate (m/s)
 # Column #4 = horizontal shear stress (MPa)
 # Column #5 = down-dip slip (m)
 # Column #6 = down-dip slip rate (m/s)
 # Column #7 = down-dip shear stress (MPa)
 # Column #8 = normal stress (MPa)
 # Column #9 = state variable psi (dimensionless)
 # Column #10 = Temperature (degrees Kelvin)
 # Column #11 = Pore pressure (MPa)
 # The line below lists the names of the data fields:
 t h-slip h-slip-rate h-shear-stress v-slip v-slip-rate v-shear-stress n-stress psi temperature pressure
  0.0000000000000E+00   0.0000000E+00   0.0000000E+00   0.0000000E+00  -0.0000000E+00  -0.0000000E+00  -0.0000000E+00  -0.0000000E+00   0.0000000E+00   0.0000000E+00   0.0000000E+00
  0.0000000000000E+00   0.0000000E+00   0.0000000E+00   0.0000000E+00  -0.0000000E+00  -0.0000000E+00  -0.0000000E+00  -0.0000000E+00   0.0000000E+00   0.0000000E+00   0.0000000E+00
  0.0000000000000E+00   0.0000000E+00   0.0000000E+00   0.0000000E+00  -0.0000000E+00  -0.0000000E+00  -0.0000000E+00  -0.0000000E+00   0.0000000E+00   0.0000000E+00   0.0000000E+00
  0.0000000000000E+00   0.0000000E+00   0.0000000E+00   0.0000000E+00  -0.0000000E+00  -0.0000000E+00  -0.0000000E+00  -0.0000000E+00   0.0000000E+00   0.0000000E+00   0.0000000E+00
  0.0000000000000E+00   0.0000000E+00   0.0000000E+00   0.0000000E+00  -0.0000000E+00  -0.0000000E+00  -0.0000000E+00  -0.0000000E+00   0.0000000E+00   0.0000000E+00   0.0000000E+00
  0.0000000000000E+00   0.0000000E+00   0.0000000E+00   0.0000000E+00  -0.0000000E+00  -0.0000000E+00  -0.0000000E+00  -0.0000000E+00   0.0000000E+00   0.0000000E+00   0.0000000E+00
  0.0000000000000E+00   0.0000000E+00   0.0000000E+00   0.0000000E+00  -0.0000000E+00  -0.0000000E+00  -0.0000000E+00  -0.0000000E+00   0.0000000E+00   0.0000000E+00   0.0000000E+00
  0.0000000000000E+00   0.0000000E+00   0.0000000E+00   0.0000000E+00  -0.0000000E+00  -0.0000000E+00  -0.0000000E+00  -0.0000000E+00   0.0000000E+00   0.0000000E+00   0.0000000E+00
  0.0000000000000E+00   0.0000000E+00   0.0000000E+00   0.0000000E+00  -0.0000000E+00  -0.0000000E+00  -0.0000000E+00  -0.0000000E+00   0.0000000E+00   0.0000000E+00   0.0000000E+00
  0.0000000000000E+00   0.0000000E+00   0.0000000E+00   0.0000000E+00  -0.0000000E+00  -0.0000000E+00  -0.0000000E+00  -0.0000000E+00   0.0000000E+00   0.0000000E+00   0.0000000E+00
  0.0000000000000E+00   0.0000000E+00   0.0000000E+00   0.0000000E+00  -0.0000000E+00  -0.0000000E+00  -0.0000000E+00  -0.0000000E+00   0.0000000E+00   0.0000000E+00   0.0000000E+00
  0.0000000000000E+00   0.0000000E+00   0.0000000E+00   0.0000000E+00  -0.0000000E+00  -0.0000000E+00  -0.0000000E+00  -0.0000000E+00   0.0000000E+00   0.0000000E+00   0.0000000E+00
  0.0000000000000E+00   0.0000000E+00   0.0000000E+00   0.0000000E+00  -0.0000000E+00  -0.0000000E+00  -0.0000000E+00  -0.0000000E+00   0.0000000E+00   0.0000000E+00   0.0000000E+00
  0.0000000000000E+00   0.0000000E+00   0.0000000E+00   0.0000000E+00  -0.0000000E+00  -0.0000000E+00  -0.0000000E+00  -0.0000000E+00   0.0000000E+00   0.0000000E+00   0.0000000E+00
  0.0000000000000E+00   0.0000000E+00   0.0000000E+00   0.0000000E+00  -0.0000000E+00  -0.0000000E+00  -0.0000000E+00  -0.0000000E+00   0.0000000E+00   0.0000000E+00   0.0000000E+00
  0.0000000000000E+00   0.0000000E+00   0.0000000E+00   0.0000000E+00  -0.0000000E+00  -0.0000000E+00  -0.0000000E+00  -0.0000000E+00   0.0000000E+00   0.0000000E+00   0.0000000E+00
  0.0000000000000E+00   0.0000000E+00   0.0000000E+00   0.0000000E+00  -0.0000000E+00  -0.0000000E+00  -0.0000000E+00  -0.0000000E+00   0.0000000E+00   0.0000000E+00   0.0000000E+00
  0.0000000000000E+00   0.0000000E+00   0.0000000E+00   0.0000000E+00  -0.0000000E+00  -0.0000000E+00  -0.0000000E+00  -0.0000000E+00   0.0000000E+00   0.0000000E+00   0.0000000E+00
  0.0000000000000E+00   0.0000000E+00   0.0000000E+00   0.0000000E+00  -0.0000000E+00  -0.0000000E+00  -0.0000000E+00  -0.0000000E+00   0.0000000E+00   0.0000000E+00   0.0000000E+00
  0.0000000000000E+00   0.0000000E+00   0.0000000E+00   0.0000000E+00  -0.0000000E+00  -0.0000000E+00  -0.0000000E+00  -0.0000000E+00   0.0000000E+00   0.0000000E+00   0.0000000E+00
  0.0000000000000E+00   0.0000000E+00   0.0000000E+00   0.0000000E+00  -0.0000000E+00  -0.0000000E+00  -0.0000000E+00  -0.0000000E+00   0.0000000E+00   0.0000000E+00   0.0000000E+00
  0.0000000000000E+00   0.0000000E+00   0.0000000E+00   0.0000000E+00  -0.0000000E+00  -0.0000000E+00  -0.0000000E+00  -0.0000000E+00   0.0000000E+00   0.0000000E+00   0.0000000E+00
  0.0000000000000E+00   0.0000000E+00   0.0000000E+00   0.0000000E+00  -0.0000000E+00  -0.0000000E+00  -0.0000000E+00  -0.0000000E+00   0.0000000E+00   0.0000000E+00   0.0000000E+00
  0.0000000000000E+00   0.0000000E+00   0.0000000E+00   0.0000000E+00  -0.0000000E+00  -0.0000000E+00  -0.0000000E+00  -0.0000000E+00   0.0000000E+00   0.0000000E+00   0.0000000E+00
  0.0000000000000E+00   0.0000000E+00   0.0000000E+00   0.0000000E+00  -0.0000000E+00  -0.0000000E+00  -0.0000000E+00  -0.0000000E+00   0.0000000E+00   0.0000000E+00   0.0000000E+00
  0.0000000000000E+00   0.0000000E+00   0.0000000E+00   0.0000000E+00  -0.0000000E+00  -0.0000000E+00  -0.0000000E+00  -0.0000000E+00   0.0000000E+00   0.0000000E+00   0.0000000E+00
  0.0000000000000E+00   0.0000000E+00   0.0000000E+00   0.0000000E+00  -0.0000000E+00  -0.0000000E+00  -0.0000000E+00  -0.0000000E+00   0.0000000E+00   0.0000000E+00   0.0000000E+00
  0.0000000000000E+00   0.0000000E+00   0.0000000E+00   0.0000000E+00  -0.0000000E+00  -0.0000000E+00  -0.0000000E+00  -0.0000000E+00   0.0000000E+00   0.0000000E+00   0.0000000E+00
  0.0000000000000E+00   0.0000000E+00   0.0000000E+00   0.0000000E+00  -0.0000000E+00  -0.0000000E+00  -0.0000000E+00  -0.0000000E+00   0.0000000E+00   0.0000000E+00   0.0000000E+00
  0.0000000000000E+00   0.0000000E+00   0.0000000E+00   0.0000000E+00  -0.0000000E+00  -0.0000000E+00  -0.0000000E+00  -0.0000000E+00   0.0000000E+00   0.0000000E+00   0.0000000E+00
  0.0000000000000E+00   0.0000000E+00   0.0000000E+00   0.0000000E+00  -0.0000000E+00  -0.0000000E+00  -0.0000000E+00  -0.0000000E+00   0.0000000E+00   0.0000000E+00   0.0000000E+00
  0.0000000000000E+00   0.0000000E+00   0.0000000E+00   0.0000000E+00  -0.0000000E+00  -0.0000000E+00  -0.0000000E+00  -0.0000000E+00   0.0000000E+00   0.0000000E+00   0.0000000E+00
  0.0000000000000E+00   0.0000000E+00   0.0000000E+00   0.0000000E+00  -0.0000000E+00  -0.0000000E+00  -0.0000000E+00  -0.0000000E+00   0.0000000E+00   0.0000000E+00   0.0000000E+00
  0.0000000000000E+00   0.0000000E+00   0.0000000E+00   0.0000000E+00  -0.0000000E+00  -0.0000000E+00  -0.0000000E+00  -0.0000000E+00   0.0000000E+00   0.0000000E+00   0.0000000E+00
  0.0000000000000E+00   0.0000000E+00   0.0000000E+00   0.0000000E+00  -0.0000000E+00  -0.0000000E+00  -0.0000000E+00  -0.0000000E+00   0.0000000E+00   0.0000000E+00   0.0000000E+00
  0.0000000000000E+00   0.0000000E+00   0.0000000E+00   0.0000000E+00  -0.0000000E+00  -0.0000000E+00  -0.0000000E+00  -0.0000000E+00   0.0000000E+00   0.0000000E+00   0.0000000E+00
  0.0000000000000E+00   0.0000000E+00   0.0000000E+00   0.0000000E+00  -0.0000000E+00  -0.0000000E+00  -0.0000000E+00  -0.0000000E+00   0.0000000E+00   0.0000000E+00   0.0000000E+00
  0.0000000000000E+00   0.0000000E+00   0.0000000E+00   0.0000000E+00  -0.0000000E+00  -0.0000000E+00  -0.0000000E+00  -0.0000000E+00   0.0000000E+00   0.0000000E+00   0.0000000E+00
  0.0000000000000E+00   0.0000000E+00   0.0000000E+00   0.0000000E+00  -0.0000000E+00  -0.0000000E+00  -0.0000000E+00  -0.0000000E+00   0.0000000E+00   0.0000000E+00   0.0000000E+00
  0.0000000000000E+00   0.0000000E+00   0.0000000E+00   0.0000000E+00  -0.0000000E+00  -0.0000000E+00  -0.0000000E+00  -0.0000000E+00   0.0000000E+00   0.0000000E+00   0.0000000E+00
  0.0000000000000E+00   0.0000000E+00   0.0000000E+00   0.0000000E+00  -0.0000000E+00  -0.0000000E+00  -0.0000000E+00  -0.0000000E+00   0.0000000E+00   0.0000000E+00   0.0000000E+00
  0.0000000000000E+00   0.0000000E+00   0.0000000E+00   0.0000000E+00  -0.0000000E+00  -0.0000000E+00  -0.0000000E+00  -0.0000000E+00   0.0000000E+00   0.0000000E+00   0.0000000E+00
  0.0000000000000E+00   0.0000000E+00   0.0000000E+00   0.0000000E+00  -0.0000000E+00  -0.0000000E+00  -0.0000000E+00  -0.0000000E+00   0.0000000E+00   0.0000000E+00   0.0000000E+00
  0.0000000000000E+00   0.0000000E+00   0.0000000E+00   0.0000000E+00  -0.0000000E+00  -0.0000000E+00  -0.0000000E+00  -0.0000000E+00   0.0000000E+00   0.0000000E+00   0.0000000E+00
  0.0000000000000E+00   0.0000000E+00   0.0000000E+00   0.0000000E+00  -0.0000000E+00  -0.0000000E+00  -0.0000000E+00  -0.0000000E+00   0.0000000E+00   0.0000000E+00   0.0000000E+00
  0.0000000000000E+00   0.0000000E+00   0.0000000E+00   0.0000000E+00  -0.0000000E+00  -0.0000000E+00  -0.0000000E+00  -0.0000000E+00   0.0000000E+00   0.0000000E+00   0.0000000E+00
  0.0000000000000E+00   0.0000000E+00   0.0000000E+00   0.0000000E+00  -0.0000000E+00  -0.0000000E+00  -0.0000000E+00  -0.0000000E+00   0.0000000E+00   0.0000000E+00   0.0000000E+00
  0.0000000000000E+00   0.0000000E+00   0.0000000E+00   0.0000000E+00  -0.0000000E+00  -0.0000000E+00  -0.0000000E+00  -0.0000000E+00   0.0000000E+00   0.0000000E+00   0.0000000E+00
  0.0000000000000E+00   0.0000000E+00   0.0000000E+00   0.0000000E+00  -0.0000000E+00  -0.0000000E+00  -0.0000000E+00  -0.0000000E+00   0.0000000E+00   0.0000000E+00   0.0000000E+00
  0.0000000000000E+00   0.0000000E+00   0.0000000E+00   0.0000000E+00  -0.0000000E+00  -0.0000000E+00  -0.0000000E+00  -0.0000000E+00   0.0000000E+00   0.0000000E+00   0.0000000E+00
  0.0000000000000E+00   0.0000000E+00   0.0000000E+00   0.0000000E+00  -0.0000000E+00  -0.0000000E+00  -0.0000000E+00  -0.0000000E+00   0.0000000E+00   0.0000000E+00   0.0000000E+00
  0.0000000000000E+00   0.0000000E+00   0.0000000E+00   0.0000000E+00  -0.0000000E+00  -0.0000000E+00  -0.0000000E+00  -0.0000000E+00   0.0000000E+00   0.0000000E+00   0.0000000E+00
  0.0000000000000E+00   0.0000000E+00   0.0000000E+00   0.0000000E+00  -0.0000000E+00  -0.0000000E+00  -0.0000000E+00  -0.0000000E+00   0.0000000E+00   0.0000000E+00   0.0000000E+00
  0.0000000000000E+00   0.0000000E+00   0.0000000E+00   0.0000000E+00  -0.0000000E+00  -0.0000000E+00  -0.0000000E+00  -0.0000000E+00   0.0000000E+00   0.0000000E+00   0.0000000E+00
  0.0000000000000E+00   0.0000000E+00   0.0000000E+00   0.0000000E+00  -0.0000000E+00  -0.0000000E+00  -0.0000000E+00  -0.0000000E+00   0.0000000E+00   0.0000000E+00   0.0000000E+00
  0.0000000000000E+00   0.0000000E+00   0.0000000E+00   0.0000000E+00  -0.0000000E+00  -0.0000000E+00  -0.0000000E+00  -0.0000000E+00   0.0000000E+00   0.0000000E+00   0.0000000E+00
  0.0000000000000E+00   0.0000000E+00   0.0000000E+00   0.0000000E+00  -0.0000000E+00  -0.0000000E+00  -0.0000000E+00  -0.0000000E+00   0.0000000E+00   0.0000000E+00   0.0000000E+00
  0.0000000000000E+00   0.0000000E+00   0.0000000E+00   0.0000000E+00  -0.0000000E+00  -0.0000000E+00  -0.0000000E+00  -0.0000000E+00   0.0000000E+00   0.0000000E+00   0.0000000E+00
  0.0000000000000E+00   0.0000000E+00   0.0000000E+00   0.0000000E+00  -0.0000000E+00  -0.0000000E+00  -0.0000000E+00  -0.0000000E+00   0.0000000E+00   0.0000000E+00   0.0000000E+00
  0.0000000000000E+00   0.0000000E+00   0.0000000E+00   0.0000000E+00  -0.0000000E+00  -0.0000000E+00  -0.0000000E+00  -0.0000000E+00   0.0000000E+00   0.0000000E+00   0.0000000E+00
  0.0000000000000E+00   0.0000000E+00   0.0000000E+00   0.0000000E+00  -0.0000000E+00  -0.0000000E+00  -0.0000000E+00  -0.0000000E+00   0.0000000E+00   0.0000000E+00   0.0000000E+00
  0.0000000000000E+00   0.0000000E+00   0.0000000E+00   0.0000000E+00  -0.0000000E+00  -0.0000000E+00  -0.0000000E+00  -0.0000000E+00   0.0000000E+00   0.0000000E+00   0.0000000E+00
  0.0000000000000E+00   0.0000000E+00   0.0000000E+00   0.0000000E+00  -0.0000000E+00  -0.0000000E+00  -0.0000000E+00  -0.0000000E+00   0.0000000E+00   0.0000000E+00   0.0000000E+00
  0.0000000000000E+00   0.0000000E+00   0.0000000E+00   0.0000000E+00  -0.0000000E+00  -0.0000000E+00  -0.0000000E+00  -0.0000000E+00   0.0000000E+00   0.0000000E+00   0.0000000E+00
  0.0000000000000E+00   0.0000000E+00   0.0000000E+00   0.0000000E+00  -0.0000000E+00  -0.0000000E+00  -0.0000000E+00  -0.0000000E+00   0.0000000E+00   0.0000000E+00   0.0000000E+00
  0.0000000000000E+00   0.0000000E+00   0.0000000E+00   0.0000000E+00  -0.0000000E+00  -0.0000000E+00  -0.0000000E+00  -0.0000000E+00   0.0000000E+00   0.0000000E+00   0.0000000E+00
  0.0000000000000E+00   0.0000000E+00   0.0000000E+00   0.0000000E+00  -0.0000000E+00  -0.0000000E+00  -0.0000000E+00  -0.0000000E+00   0.0000000E+00   0.0000000E+00   0.0000000E+00
  0.0000000000000E+00   0.0000000E+00   0.0000000E+00   0.0000000E+00  -0.0000000E+00  -0.0000000E+00  -0.0000000E+00  -0.0000000E+00   0.0000000E+00   0.0000000E+00   0.0000000E+00
  0.0000000000000E+00   0.0000000E+00   0.0000000E+00   0.0000000E+00  -0.0000000E+00  -0.0000000E+00  -0.0000000E+00  -0.0000000E+00   0.0000000E+00   0.0000000E+00   0.0000000E+00
  0.0000000000000E+00   0.0000000E+00   0.0000000E+00   0.0000000E+00  -0.0000000E+00  -0.0000000E+00  -0.0000000E+00  -0.0000000E+00   0.0000000E+00   0.0000000E+00   0.0000000E+00
  0.0000000000000E+00   0.0000000E+00   0.0000000E+00   0.0000000E+00  -0.0000000E+00  -0.0000000E+00  -0.0000000E+00  -0.0000000E+00   0.0000000E+00   0.0000000E+00   0.0000000E+00
  0.0000000000000E+00   0.0000000E+00   0.0000000E+00   0.0000000E+00  -0.0000000E+00  -0.0000000E+00  -0.0000000E+00  -0.0000000E+00   0.0000000E+00   0.0000000E+00   0.0000000E+00
  0.0000000000000E+00   0.0000000E+00   0.0000000E+00   0.0000000E+00  -0.0000000E+00  -0.0000000E+00  -0.0000000E+00  -0.0000000E+00   0.0000000E+00   0.0000000E+00   0.0000000E+00
  0.0000000000000E+00   0.0000000E+00   0.0000000E+00   0.0000000E+00  -0.0000000E+00  -0.0000000E+00  -0.0000000E+00  -0.0000000E+00   0.0000000E+00   0.0000000E+00   0.0000000E+00
  0.0000000000000E+00   0.0000000E+00   0.0000000E+00   0.0000000E+00  -0.0000000E+00  -0.0000000E+00  -0.0000000E+00  -0.0000000E+00   0.0000000E+00   0.0000000E+00   0.0000000E+00
  0.0000000000000E+00   0.0000000E+00   0.0000000E+00   0.0000000E+00  -0.0000000E+00  -0.0000000E+00  -0.0000000E+00  -0.0000000E+00   0.0000000E+00   0.0000000E+00   0.0000000E+00
  0.0000000000000E+00   0.0000000E+00   0.0000000E+00   0.0000000E+00  -0.0000000E+00  -0.0000000E+00  -0.0000000E+00  -0.0000000E+00   0.0000000E+00   0.0000000E+00   0.0000000E+00
  0.0000000000000E+00   0.0000000E+00   0.0000000E+00   0.0000000E+00  -0.0000000E+00  -0.0000000E+00  -0.0000000E+00  -0.0000000E+00   0.0000000E+00   0.0000000E+00   0.0000000E+00
  0.0000000000000E+00   0.0000000E+00   0.0000000E+00   0.0000000E+00  -0.0000000E+00  -0.0000000E+00  -0.0000000E+00  -0.0000000E+00   0.0000000E+00   0.0000000E+00   0.0000000E+00
  0.0000000000000E+00   0.0000000E+00   0.0000000E+00   0.0000000E+00  -0.0000000E+00  -0.0000000E+00  -0.0000000E+00  -0.0000000E+00   0.0000000E+00   0.0000000E+00   0.0000000E+00
  0.0000000000000E+00   0.0000000E+00   0.0000000E+00   0.0000000E+00  -0.0000000E+00  -0.0000000E+00  -0.0000000E+00  -0.0000000E+00   0.0000000E+00   0.0000000E+00   0.0000000E+00
  0.0000000000000E+00   0.0000000E+00   0.0000000E+00   0.0000000E+00  -0.0000000E+00  -0.0000000E+00  -0.0000000E+00  -0.0000000E+00   0.0000000E+00   0.0000000E+00   0.0000000E+00
  0.0000000000000E+00   0.0000000E+00   0.0000000E+00   0.0000000E+00  -0.0000000E+00  -0.0000000E+00  -0.0000000E+00  -0.0000000E+00   0.0000000E+00   0.0000000E+00   0.0000000E+00
  0.0000000000000E+00   0.0000000E+00   0.0000000E+00   0.0000000E+00  -0.0000000E+00  -0.0000000E+00  -0.0000000E+00  -0.0000000E+00   0.0000000E+00   0.0000000E+00   0.0000000E+00
  0.0000000000000E+00   0.0000000E+00   0.0000000E+00   0.0000000E+00  -0.0000000E+00  -0.0000000E+00  -0.0000000E+00  -0.0000000E+00   0.0000000E+00   0.0000000E+00   0.0000000E+00
  0.0000000000000E+00   0.0000000E+00   0.0000000E+00   0.0000000E+00  -0.0000000E+00  -0.0000000E+00  -0.0000000E+00  -0.0000000E+00   0.0000000E+00   0.0000000E+00   0.0000000E+00
  0.0000000000000E+00   0.0000000E+00   0.0000000E+00   0.0000000E+00  -0.0000000E+00  -0.0000000E+00  -0.0000000E+00  -0.0000000E+00   0.0000000E+00   0.0000000E+00   0.0000000E+00
  0.0000000000000E+00   0.0000000E+00   0.0000000E+00   0.0000000E+00  -0.0000000E+00  -0.0000000E+00  -0.0000000E+00  -0.0000000E+00   0.0000000E+00   0.0000000E+00   0.0000000E+00
  0.0000000000000E+00   0.0000000E+00   0.0000000E+00   0.0000000E+00  -0.0000000E+00  -0.0000000E+00  -0.0000000E+00  -0.0000000E+00   0.0000000E+00   0.0000000E+00   0.0000000E+00
  0.0000000000000E+00   0.0000000E+00   0.0000000E+00   0.0000000E+00  -0.0000000E+00  -0.0000000E+00  -0.0000000E+00  -0.0000000E+00   0.0000000E+00   0.0000000E+00   0.0000000E+00
  0.0000000000000E+00   0.0000000E+00   0.0000000E+00   0.0000000E+00  -0.0000000E+00  -0.0000000E+00  -0.0000000E+00  -0.0000000E+00   0.0000000E+00   0.0000000E+00   0.0000000E+00
  0.0000000000000E+00   0.0000000E+00   0.0000000E+00   0.0000000E+00  -0.0000000E+00  -0.0000000E+00  -0.0000000E+00  -0.0000000E+00   0.0000000E+00   0.0000000E+00   0.0000000E+00
  0.0000000000000E+00   0.0000000E+00   0.0000000E+00   0.0000000E+00  -0.0000000E+00  -0.0000000E+00  -0.0000000E+00  -0.0000000E+00   0.0000000E+00   0.0000000E+00   0.0000000E+00
  0.0000000000000E+00   0.0000000E+00   0.0000000E+00   0.0000000E+00  -0.0000000E+00  -0.0000000E+00  -0.0000000E+00  -0.0000000E+00   0.0000000E+00   0.0000000E+00   0.0000000E+00
  0.0000000000000E+00   0.0000000E+00   0.0000000E+00   0.0000000E+00  -0.0000000E+00  -0.0000000E+00  -0.0000000E+00  -0.0000000E+00   0.0000000E+00   0.0000000E+00   0.0000000E+00
  0.0000000000000E+00   0.0000000E+00   0.0000000E+00   0.0000000E+00  -0.0000000E+00  -0.0000000E+00  -0.0000000E+00  -0.0000000E+00   0.0000000E+00   0.0000000E+00   0.0000000E+00
  0.0000000000000E+00   0.0000000E+00   0.0000000E+00   0.0000000E+00  -0.0000000E+00  -0.0000000E+00  -0.0000000E+00  -0.0000000E+00   0.0000000E+00   0.0000000E+00   0.0000000E+00
  0.0000000000000E+00   0.0000000E+00   0.0000000E+00   0.0000000E+00  -0.0000000E+00  -0.0000000E+00  -0.0000000E+00  -0.0000000E+00   0.0000000E+00   0.0000000E+00   0.0000000E+00
  0.0000000000000E+00   0.0000000E+00   0.0000000E+00   0.0000000E+00  -0.0000000E+00  -0.0000000E+00  -0.0000000E+00  -0.0000000E+00   0.0000000E+00   0.0000000E+00   0.0000000E+00
  0.0000000000000E+00   0.0000000E+00   0.0000000E+00   0.0000000E+00  -0.0000000E+00  -0.0000000E+00  -0.0000000E+00  -0.0000000E+00   0.0000000E+00   0.0000000E+00   0.0000000E+00
  0.0000000000000E+00   0.0000000E+00   0.0000000E+00   0.0000000E+00  -0.0000000E+00  -0.0000000E+00  -0.0000000E+00  -0.0000000E+00   0.0000000E+00   0.0000000E+00   0.0000000E+00
  0.0000000000000E+00   0.0000000E+00   0.0000000E+00   0.0000000E+00  -0.0000000E+00  -0.0000000E+00  -0.0000000E+00  -0.0000000E+00   0.0000000E+00   0.0000000E+00   0.0000000E+00
  0.0000000000000E+00   0.0000000E+00   0.0000000E+00   0.0000000E+00  -0.0000000E+00  -0.0000000E+00  -0.0000000E+00  -0.0000000E+00   0.0000000E+00   0.0000000E+00   0.0000000E+00
  0.0000000000000E+00   0.0000000E+00   0.0000000E+00   0.0000000E+00  -0.0000000E+00  -0.0000000E+00  -0.0000000E+00  -0.0000000E+00   0.0000000E+00   0.0000000E+00   0.0000000E+00
  0.0000000000000E+00   0.0000000E+00   0.0000000E+00   0.0000000E+00  -0.0000000E+00  -0.0000000E+00  -0.0000000E+00  -0.0000000E+00   0.0000000E+00   0.0000000E+00   0.0000000E+00
  0.0000000000000E+00   0.0000000E+00   0.0000000E+00   0.0000000E+00  -0.0000000E+00  -0.0000000E+00  -0.0000000E+00  -0.0000000E+00   0.0000000E+00   0.0000000E+00   0.0000000E+00
  0.0000000000000E+00   0.0000000E+00   0.0000000E+00   0.0000000E+00  -0.0000000E+00  -0.0000000E+00  -0.0000000E+00  -0.0000000E+00   0.0000000E+00   0.0000000E+00   0.0000000E+00
  0.0000000000000E+00   0.0000000E+00   0.0000000E+00   0.0000000E+00  -0.0000000E+00  -0.0000000E+00  -0.0000000E+00  -0.0000000E+00   0.0000000E+00   0.0000000E+00   0.0000000E+00
  0.0000000000000E+00   0.0000000E+00   0.0000000E+00   0.0000000E+00  -0.0000000E+00  -0.0000000E+00  -0.0000000E+00  -0.0000000E+00   0.0000000E+00   0.0000000E+00   0.0000000E+00
  0.0000000000000E+00   0.0000000E+00   0.0000000E+00   0.0000000E+00  -0.0000000E+00  -0.0000000E+00  -0.0000000E+00  -0.0000000E+00   0.0000000E+00   0.0000000E+00   0.0000000E+00
  0.0000000000000E+00   0.0000000E+00   0.0000000E+00   0.0000000E+00  -0.0000000E+00  -0.0000000E+00  -0.0000000E+00  -0.0000000E+00   0.0000000E+00   0.0000000E+00   0.0000000E+00
  0.0000000000000E+00   0.0000000E+00   0.0000000E+00   0.0000000E+00  -0.0000000E+00  -0.0000000E+00  -0.0000000E+00  -0.0000000E+00   0.0000000E+00   0.0000000E+00   0.0000000E+00
  0.0000000000000E+00   0.0000000E+00   0.0000000E+00   0.0000000E+00  -0.0000000E+00  -0.0000000E+00  -0.0000000E+00  -0.0000000E+00   0.0000000E+00   0.0000000E+00   0.0000000E+00
  0.0000000000000E+00   0.0000000E+00   0.0000000E+00   0.0000000E+00  -0.0000000E+00  -0.0000000E+00  -0.0000000E+00  -0.0000000E+00   0.0000000E+00   0.0000000E+00   0.0000000E+00
  0.0000000000000E+00   0.0000000E+00   0.0000000E+00   0.0000000E+00  -0.0000000E+00  -0.0000000E+00  -0.0000000E+00  -0.0000000E+00   0.0000000E+00   0.0000000E+00   0.0000000E+00
  0.0000000000000E+00   0.0000000E+00   0.0000000E+00   0.0000000E+00  -0.0000000E+00  -0.0000000E+00  -0.0000000E+00  -0.0000000E+00   0.0000000E+00   0.0000000E+00   0.0000000E+00
  0.0000000000000E+00   0.0000000E+00   0.0000000E+00   0.0000000E+00  -0.0000000E+00  -0.0000000E+00  -0.0000000E+00  -0.0000000E+00   0.0000000E+00   0.0000000E+00   0.0000000E+00
  0.0000000000000E+00   0.0000000E+00   0.0000000E+00   0.0000000E+00  -0.0000000E+00  -0.0000000E+00  -0.0000000E+00  -0.0000000E+00   0.0000000E+00   0.0000000E+00   0.0000000E+00
  0.0000000000000E+00   0.0000000E+00   0.0000000E+00   0.0000000E+00  -0.0000000E+00  -0.0000000E+00  -0.0000000E+00  -0.0000000E+00   0.0000000E+00   0.0000000E+00   0.0000000E+00
  0.0000000000000E+00   0.0000000E+00   0.0000000E+00   0.0000000E+00  -0.0000000E+00  -0.0000000E+00  -0.0000000E+00  -0.0000000E+00   0.0000000E+00   0.0000000E+00   0.0000000E+00
  0.0000000000000E+00   0.0000000E+00   0.0000000E+00   0.0000000E+00  -0.0000000E+00  -0.0000000E+00  -0.0000000E+00  -0.0000000E+00   0.0000000E+00   0.0000000E+00   0.0000000E+00
  0.0000000000000E+00   0.0000000E+00   0.0000000E+00   0.0000000E+00  -0.0000000E+00  -0.0000000E+00  -0.0000000E+00  -0.0000000E+00   0.0000000E+00   0.0000000E+00   0.0000000E+00
  0.0000000000000E+00   0.0000000E+00   0.0000000E+00   0.0000000E+00  -0.0000000E+00  -0.0000000E+00  -0.0000000E+00  -0.0000000E+00   0.0000000E+00   0.0000000E+00   0.0000000E+00
  0.0000000000000E+00   0.0000000E+00   0.0000000E+00   0.0000000E+00  -0.0000000E+00  -0.0000000E+00  -0.0000000E+00  -0.0000000E+00   0.0000000E+00   0.0000000E+00   0.0000000E+00
  0.0000000000000E+00   0.0000000E+00   0.0000000E+00   0.0000000E+00  -0.0000000E+00  -0.0000000E+00  -0.0000000E+00  -0.0000000E+00   0.0000000E+00   0.0000000E+00   0.0000000E+00
  0.0000000000000E+00   0.0000000E+00   0.0000000E+00   0.0000000E+00  -0.0000000E+00  -0.0000000E+00  -0.0000000E+00  -0.0000000E+00   0.0000000E+00   0.0000000E+00   0.0000000E+00
  0.0000000000000E+00   0.0000000E+00   0.0000000E+00   0.0000000E+00  -0.0000000E+00  -0.0000000E+00  -0.0000000E+00  -0.0000000E+00   0.0000000E+00   0.0000000E+00   0.0000000E+00
  0.0000000000000E+00   0.0000000E+00   0.0000000E+00   0.0000000E+00  -0.0000000E+00  -0.0000000E+00  -0.0000000E+00  -0.0000000E+00   0.0000000E+00   0.0000000E+00   0.0000000E+00
  0.0000000000000E+00   0.0000000E+00   0.0000000E+00   0.0000000E+00  -0.0000000E+00  -0.0000000E+00  -0.0000000E+00  -0.0000000E+00   0.0000000E+00   0.0000000E+00   0.0000000E+00
  0.0000000000000E+00   0.0000000E+00   0.0000000E+00   0.0000000E+00  -0.0000000E+00  -0.0000000E+00  -0.0000000E+00  -0.0000000E+00   0.0000000E+00   0.0000000E+00   0.0000000E+00
  0.0000000000000E+00   0.0000000E+00   0.0000000E+00   0.0000000E+00  -0.0000000E+00  -0.0000000E+00  -0.0000000E+00  -0.0000000E+00   0.0000000E+00   0.0000000E+00   0.0000000E+00
  0.0000000000000E+00   0.0000000E+00   0.0000000E+00   0.0000000E+00  -0.0000000E+00  -0.0000000E+00  -0.0000000E+00  -0.0000000E+00   0.0000000E+00   0.0000000E+00   0.0000000E+00
  0.0000000000000E+00   0.0000000E+00   0.0000000E+00   0.0000000E+00  -0.0000000E+00  -0.0000000E+00  -0.0000000E+00  -0.0000000E+00   0.0000000E+00   0.0000000E+00   0.0000000E+00
  0.0000000000000E+00   0.0000000E+00   0.0000000E+00   0.0000000E+00  -0.0000000E+00  -0.0000000E+00  -0.0000000E+00  -0.0000000E+00   0.0000000E+00   0.0000000E+00   0.0000000E+00
  0.0000000000000E+00   0.0000000E+00   0.0000000E+00   0.0000000E+00  -0.0000000E+00  -0.0000000E+00  -0.0000000E+00  -0.0000000E+00   0.0000000E+00   0.0000000E+00   0.0000000E+00
  0.0000000000000E+00   0.0000000E+00   0.0000000E+00   0.0000000E+00  -0.0000000E+00  -0.0000000E+00  -0.0000000E+00  -0.0000000E+00   0.0000000E+00   0.0000000E+00   0.0000000E+00
  0.0000000000000E+00   0.0000000E+00   0.0000000E+00   0.0000000E+00  -0.0000000E+00  -0.0000000E+00  -0.0000000E+00  -0.0000000E+00   0.0000000E+00   0.0000000E+00   0.0000000E+00
  0.0000000000000E+00   0.0000000E+00   0.0000000E+00   0.0000000E+00  -0.0000000E+00  -0.0000000E+00  -0.0000000E+00  -0.0000000E+00   0.0000000E+00   0.0000000E+00   0.0000000E+00
  0.0000000000000E+00   0.0000000E+00   0.0000000E+00   0.0000000E+00  -0.0000000E+00  -0.0000000E+00  -0.0000000E+00  -0.0000000E+00   0.0000000E+00   0.0000000E+00   0.0000000E+00
  0.0000000000000E+00   0.0000000E+00   0.0000000E+00   0.0000000E+00  -0.0000000E+00  -0.0000000E+00  -0.0000000E+00  -0.0000000E+00   0.0000000E+00   0.0000000E+00   0.0000000E+00
  0.0000000000000E+00   0.0000000E+00   0.0000000E+00   0.0000000E+00  -0.0000000E+00  -0.0000000E+00  -0.0000000E+00  -0.0000000E+00   0.0000000E+00   0.0000000E+00   0.0000000E+00
  0.0000000000000E+00   0.0000000E+00   0.0000000E+00   0.0000000E+00  -0.0000000E+00  -0.0000000E+00  -0.0000000E+00  -0.0000000E+00   0.0000000E+00   0.0000000E+00   0.0000000E+00
  0.0000000000000E+00   0.0000000E+00   0.0000000E+00   0.0000000E+00  -0.0000000E+00  -0.0000000E+00  -0.0000000E+00  -0.0000000E+00   0.0000000E+00   0.0000000E+00   0.0000000E+00
  0.0000000000000E+00   0.0000000E+00   0.0000000E+00   0.0000000E+00  -0.0000000E+00  -0.0000000E+00  -0.0000000E+00  -0.0000000E+00   0.0000000E+00   0.0000000E+00   0.0000000E+00
  0.0000000000000E+00   0.0000000E+00   0.0000000E+00   0.0000000E+00  -0.0000000E+00  -0.0000000E+00  -0.0000000E+00  -0.0000000E+00   0.0000000E+00   0.0000000E+00   0.0000000E+00
  0.0000000000000E+00   0.0000000E+00   0.0000000E+00   0.0000000E+00  -0.0000000E+00  -0.0000000E+00  -0.0000000E+00  -0.0000000E+00   0.0000000E+00   0.0000000E+00   0.0000000E+00
  0.0000000000000E+00   0.0000000E+00   0.0000000E+00   0.0000000E+00  -0.0000000E+00  -0.0000000E+00  -0.0000000E+00  -0.0000000E+00   0.0000000E+00   0.0000000E+00   0.0000000E+00
  0.0000000000000E+00   0.0000000E+00   0.0000000E+00   0.0000000E+00  -0.0000000E+00  -0.0000000E+00  -0.0000000E+00  -0.0000000E+00   0.0000000E+00   0.0000000E+00   0.0000000E+00
  0.0000000000000E+00   0.0000000E+00   0.0000000E+00   0.0000000E+00  -0.0000000E+00  -0.0000000E+00  -0.0000000E+00  -0.0000000E+00   0.0000000E+00   0.0000000E+00   0.0000000E+00
  0.0000000000000E+00   0.0000000E+00   0.0000000E+00   0.0000000E+00  -0.0000000E+00  -0.0000000E+00  -0.0000000E+00  -0.0000000E+00   0.0000000E+00   0.0000000E+00   0.0000000E+00
  0.0000000000000E+00   0.0000000E+00   0.0000000E+00   0.0000000E+00  -0.0000000E+00  -0.0000000E+00  -0.0000000E+00  -0.0000000E+00   0.0000000E+00   0.0000000E+00   0.0000000E+00
  0.0000000000000E+00   0.0000000E+00   0.0000000E+00   0.0000000E+00  -0.0000000E+00  -0.0000000E+00  -0.0000000E+00  -0.0000000E+00   0.0000000E+00   0.0000000E+00   0.0000000E+00
  0.0000000000000E+00   0.0000000E+00   0.0000000E+00   0.0000000E+00  -0.0000000E+00  -0.0000000E+00  -0.0000000E+00  -0.0000000E+00   0.0000000E+00   0.0000000E+00   0.0000000E+00
  0.0000000000000E+00   0.0000000E+00   0.0000000E+00   0.0000000E+00  -0.0000000E+00  -0.0000000E+00  -0.0000000E+00  -0.0000000E+00   0.0000000E+00   0.0000000E+00   0.0000000E+00
  0.0000000000000E+00   0.0000000E+00   0.0000000E+00   0.0000000E+00  -0.0000000E+00  -0.0000000E+00  -0.0000000E+00  -0.0000000E+00   0.0000000E+00   0.0000000E+00   0.0000000E+00
  0.0000000000000E+00   0.0000000E+00   0.0000000E+00   0.0000000E+00  -0.0000000E+00  -0.0000000E+00  -0.0000000E+00  -0.0000000E+00   0.0000000E+00   0.0000000E+00   0.0000000E+00
  0.0000000000000E+00   0.0000000E+00   0.0000000E+00   0.0000000E+00  -0.0000000E+00  -0.0000000E+00  -0.0000000E+00  -0.0000000E+00   0.0000000E+00   0.0000000E+00   0.0000000E+00
  0.0000000000000E+00   0.0000000E+00   0.0000000E+00   0.0000000E+00  -0.0000000E+00  -0.0000000E+00  -0.0000000E+00  -0.0000000E+00   0.0000000E+00   0.0000000E+00   0.0000000E+00
  0.0000000000000E+00   0.0000000E+00   0.0000000E+00   0.0000000E+00  -0.0000000E+00  -0.0000000E+00  -0.0000000E+00  -0.0000000E+00   0.0000000E+00   0.0000000E+00   0.0000000E+00
  0.0000000000000E+00   0.0000000E+00   0.0000000E+00   0.0000000E+00  -0.0000000E+00  -0.0000000E+00  -0.0000000E+00  -0.0000000E+00   0.0000000E+00   0.0000000E+00   0.0000000E+00
  0.0000000000000E+00   0.0000000E+00   0.0000000E+00   0.0000000E+00  -0.0000000E+00  -0.0000000E+00  -0.0000000E+00  -0.0000000E+00   0.0000000E+00   0.0000000E+00   0.0000000E+00
  0.0000000000000E+00   0.0000000E+00   0.0000000E+00   0.0000000E+00  -0.0000000E+00  -0.0000000E+00  -0.0000000E+00  -0.0000000E+00   0.0000000E+00   0.0000000E+00   0.0000000E+00
  0.0000000000000E+00   0.0000000E+00   0.0000000E+00   0.0000000E+00  -0.0000000E+00  -0.0000000E+00  -0.0000000E+00  -0.0000000E+00   0.0000000E+00   0.0000000E+00   0.0000000E+00
  0.0000000000000E+00   0.0000000E+00   0.0000000E+00   0.0000000E+00  -0.0000000E+00  -0.0000000E+00  -0.0000000E+00  -0.0000000E+00   0.0000000E+00   0.0000000E+00   0.0000000E+00
  0.0000000000000E+00   0.0000000E+00   0.0000000E+00   0.0000000E+00  -0.0000000E+00  -0.0000000E+00  -0.0000000E+00  -0.0000000E+00   0.0000000E+00   0.0000000E+00   0.0000000E+00
  0.0000000000000E+00   0.0000000E+00   0.0000000E+00   0.0000000E+00  -0.0000000E+00  -0.0000000E+00  -0.0000000E+00  -0.0000000E+00   0.0000000E+00   0.0000000E+00   0.0000000E+00
  0.0000000000000E+00   0.0000000E+00   0.0000000E+00   0.0000000E+00  -0.0000000E+00  -0.0000000E+00  -0.0000000E+00  -0.0000000E+00   0.0000000E+00   0.0000000E+00   0.0000000E+00
  0.0000000000000E+00   0.0000000E+00   0.0000000E+00   0.0000000E+00  -0.0000000E+00  -0.0000000E+00  -0.0000000E+00  -0.0000000E+00   0.0000000E+00   0.0000000E+00   0.0000000E+00
  0.0000000000000E+00   0.0000000E+00   0.0000000E+00   0.0000000E+00  -0.0000000E+00  -0.0000000E+00  -0.0000000E+00  -0.0000000E+00   0.0000000E+00   0.0000000E+00   0.0000000E+00
  0.0000000000000E+00   0.0000000E+00   0.0000000E+00   0.0000000E+00  -0.0000000E+00  -0.0000000E+00  -0.0000000E+00  -0.0000000E+00   0.0000000E+00   0.0000000E+00   0.0000000E+00
  0.0000000000000E+00   0.0000000E+00   0.0000000E+00   0.0000000E+00  -0.0000000E+00  -0.0000000E+00  -0.0000000E+00  -0.0000000E+00   0.0000000E+00   0.0000000E+00   0.0000000E+00
  0.0000000000000E+00   0.0000000E+00   0.0000000E+00   0.0000000E+00  -0.0000000E+00  -0.0000000E+00  -0.0000000E+00  -0.0000000E+00   0.0000000E+00   0.0000000E+00   0.0000000E+00
  0.0000000000000E+00   0.0000000E+00   0.0000000E+00   0.0000000E+00  -0.0000000E+00  -0.0000000E+00  -0.0000000E+00  -0.0000000E+00   0.0000000E+00   0.0000000E+00   0.0000000E+00
  0.0000000000000E+00   0.0000000E+00   0.0000000E+00   0.0000000E+00  -0.0000000E+00  -0.0000000E+00  -0.0000000E+00  -0.0000000E+00   0.0000000E+00   0.0000000E+00   0.0000000E+00
  0.0000000000000E+00   0.0000000E+00   0.0000000E+00   0.0000000E+00  -0.0000000E+00  -0.0000000E+00  -0.0000000E+00  -0.0000000E+00   0.0000000E+00   0.0000000E+00   0.0000000E+00
  0.0000000000000E+00   0.0000000E+00   0.0000000E+00   0.0000000E+00  -0.0000000E+00  -0.0000000E+00  -0.0000000E+00  -0.0000000E+00   0.0000000E+00   0.0000000E+00   0.0000000E+00
  0.0000000000000E+00   0.0000000E+00   0.0000000E+00   0.0000000E+00  -0.0000000E+00  -0.0000000E+00  -0.0000000E+00  -0.0000000E+00   0.0000000E+00   0.0000000E+00   0.0000000E+00
  0.0000000000000E+00   0.0000000E+00   0.0000000E+00   0.0000000E+00  -0.0000000E+00  -0.0000000E+00  -0.0000000E+00  -0.0000000E+00   0.0000000E+00   0.0000000E+00   0.0000000E+00
  0.0000000000000E+00   0.0000000E+00   0.0000000E+00   0.0000000E+00  -0.0000000E+00  -0.0000000E+00  -0.0000000E+00  -0.0000000E+00   0.0000000E+00   0.0000000E+00   0.0000000E+00
  0.0000000000000E+00   0.0000000E+00   0.0000000E+00   0.0000000E+00  -0.0000000E+00  -0.0000000E+00  -0.0000000E+00  -0.0000000E+00   0.0000000E+00   0.0000000E+00   0.0000000E+00
  0.0000000000000E+00   0.0000000E+00   0.0000000E+00   0.0000000E+00  -0.0000000E+00  -0.0000000E+00  -0.0000000E+00  -0.0000000E+00   0.0000000E+00   0.0000000E+00   0.0000000E+00
  0.0000000000000E+00   0.0000000E+00   0.0000000E+00   0.0000000E+00  -0.0000000E+00  -0.0000000E+00  -0.0000000E+00  -0.0000000E+00   0.0000000E+00   0.0000000E+00   0.0000000E+00
  0.0000000000000E+00   0.0000000E+00   0.0000000E+00   0.0000000E+00  -0.0000000E+00  -0.0000000E+00  -0.0000000E+00  -0.0000000E+00   0.0000000E+00   0.0000000E+00   0.0000000E+00
  0.0000000000000E+00   0.0000000E+00   0.0000000E+00   0.0000000E+00  -0.0000000E+00  -0.0000000E+00  -0.0000000E+00  -0.0000000E+00   0.0000000E+00   0.0000000E+00   0.0000000E+00
  0.0000000000000E+00   0.0000000E+00   0.0000000E+00   0.0000000E+00  -0.0000000E+00  -0.0000000E+00  -0.0000000E+00  -0.0000000E+00   0.0000000E+00   0.0000000E+00   0.0000000E+00
  0.0000000000000E+00   0.0000000E+00   0.0000000E+00   0.0000000E+00  -0.0000000E+00  -0.0000000E+00  -0.0000000E+00  -0.0000000E+00   0.0000000E+00   0.0000000E+00   0.0000000E+00
  0.0000000000000E+00   0.0000000E+00   0.0000000E+00   0.0000000E+00  -0.0000000E+00  -0.0000000E+00  -0.0000000E+00  -0.0000000E+00   0.0000000E+00   0.0000000E+00   0.0000000E+00
  0.0000000000000E+00   0.0000000E+00   0.0000000E+00   0.0000000E+00  -0.0000000E+00  -0.0000000E+00  -0.0000000E+00  -0.0000000E+00   0.0000000E+00   0.0000000E+00   0.0000000E+00
  0.0000000000000E+00   0.0000000E+00   0.0000000E+00   0.0000000E+00  -0.0000000E+00  -0.0000000E+00  -0.0000000E+00  -0.0000000E+00   0.0000000E+00   0.0000000E+00   0.0000000E+00
  0.0000000000000E+00   0.0000000E+00   0.0000000E+00   0.0000000E+00  -0.0000000E+00  -0.0000000E+00  -0.0000000E+00  -0.0000000E+00   0.0000000E+00   0.0000000E+00   0.0000000E+00
  0.0000000000000E+00   0.0000000E+00   0.0000000E+00   0.0000000E+00  -0.0000000E+00  -0.0000000E+00  -0.0000000E+00  -0.0000000E+00   0.0000000E+00   0.0000000E+00   0.0000000E+00
  0.0000000000000E+00   0.0000000E+00   0.0000000E+00   0.0000000E+00  -0.0000000E+00  -0.0000000E+00  -0.0000000E+00  -0.0000000E+00   0.0000000E+00   0.0000000E+00   0.0000000E+00
  0.0000000000000E+00   0.0000000E+00   0.0000000E+00   0.0000000E+00  -0.0000000E+00  -0.0000000E+00  -0.0000000E+00  -0.0000000E+00   0.0000000E+00   0.0000000E+00   0.0000000E+00
  0.0000000000000E+00   0.0000000E+00   0.0000000E+00   0.0000000E+00  -0.0000000E+00  -0.0000000E+00  -0.0000000E+00  -0.0000000E+00   0.0000000E+00   0.0000000E+00   0.0000000E+00
  0.0000000000000E+00   0.0000000E+00   0.0000000E+00   0.0000000E+00  -0.0000000E+00  -0.0000000E+00  -0.0000000E+00  -0.0000000E+00   0.0000000E+00   0.0000000E+00   0.0000000E+00
  0.0000000000000E+00   0.0000000E+00   0.0000000E+00   0.0000000E+00  -0.0000000E+00  -0.0000000E+00  -0.0000000E+00  -0.0000000E+00   0.0000000E+00   0.0000000E+00   0.0000000E+00
  0.0000000000000E+00   0.0000000E+00   0.0000000E+00   0.0000000E+00  -0.0000000E+00  -0.0000000E+00  -0.0000000E+00  -0.0000000E+00   0.0000000E+00   0.0000000E+00   0.0000000E+00
  0.0000000000000E+00   0.0000000E+00   0.0000000E+00   0.0000000E+00  -0.0000000E+00  -0.0000000E+00  -0.0000000E+00  -0.0000000E+00   0.0000000E+00   0.0000000E+00   0.0000000E+00
  0.0000000000000E+00   0.0000000E+00   0.0000000E+00   0.0000000E+00  -0.0000000E+00  -0.0000000E+00  -0.0000000E+00  -0.0000000E+00   0.0000000E+00   0.0000000E+00   0.0000000E+00
  0.0000000000000E+00   0.0000000E+00   0.0000000E+00   0.0000000E+00  -0.0000000E+00  -0.0000000E+00  -0.0000000E+00  -0.0000000E+00   0.0000000E+00   0.0000000E+00   0.0000000E+00
  0.0000000000000E+00   0.0000000E+00   0.0000000E+00   0.0000000E+00  -0.0000000E+00  -0.0000000E+00  -0.0000000E+00  -0.0000000E+00   0.0000000E+00   0.0000000E+00   0.0000000E+00
  0.0000000000000E+00   0.0000000E+00   0.0000000E+00   0.0000000E+00  -0.0000000E+00  -0.0000000E+00  -0.0000000E+00  -0.0000000E+00   0.0000000E+00   0.0000000E+00   0.0000000E+00
  0.0000000000000E+00   0.0000000E+00   0.0000000E+00   0.0000000E+00  -0.0000000E+00  -0.0000000E+00  -0.0000000E+00  -0.0000000E+00   0.0000000E+00   0.0000000E+00   0.0000000E+00
  0.0000000000000E+00   0.0000000E+00   0.0000000E+00   0.0000000E+00  -0.0000000E+00  -0.0000000E+00  -0.0000000E+00  -0.0000000E+00   0.0000000E+00   0.0000000E+00   0.0000000E+00
  0.0000000000000E+00   0.0000000E+00   0.0000000E+00   0.0000000E+00  -0.0000000E+00  -0.0000000E+00  -0.0000000E+00  -0.0000000E+00   0.0000000E+00   0.0000000E+00   0.0000000E+00
  0.0000000000000E+00   0.0000000E+00   0.0000000E+00   0.0000000E+00  -0.0000000E+00  -0.0000000E+00  -0.0000000E+00  -0.0000000E+00   0.0000000E+00   0.0000000E+00   0.0000000E+00
  0.0000000000000E+00   0.0000000E+00   0.0000000E+00   0.0000000E+00  -0.0000000E+00  -0.0000000E+00  -0.0000000E+00  -0.0000000E+00   0.0000000E+00   0.0000000E+00   0.0000000E+00
  0.0000000000000E+00   0.0000000E+00   0.0000000E+00   0.0000000E+00  -0.0000000E+00  -0.0000000E+00  -0.0000000E+00  -0.0000000E+00   0.0000000E+00   0.0000000E+00   0.0000000E+00
  0.0000000000000E+00   0.0000000E+00   0.0000000E+00   0.0000000E+00  -0.0000000E+00  -0.0000000E+00  -0.0000000E+00  -0.0000000E+00   0.0000000E+00   0.0000000E+00   0.0000000E+00
  0.0000000000000E+00   0.0000000E+00   0.0000000E+00   0.0000000E+00  -0.0000000E+00  -0.0000000E+00  -0.0000000E+00  -0.0000000E+00   0.0000000E+00   0.0000000E+00   0.0000000E+00
  0.0000000000000E+00   0.0000000E+00   0.0000000E+00   0.0000000E+00  -0.0000000E+00  -0.0000000E+00  -0.0000000E+00  -0.0000000E+00   0.0000000E+00   0.0000000E+00   0.0000000E+00
  0.0000000000000E+00   0.0000000E+00   0.0000000E+00   0.0000000E+00  -0.0000000E+00  -0.0000000E+00  -0.0000000E+00  -0.0000000E+00   0.0000000E+00   0.0000000E+00   0.0000000E+00
  0.0000000000000E+00   0.0000000E+00   0.0000000E+00   0.0000000E+00  -0.0000000E+00  -0.0000000E+00  -0.0000000E+00  -0.0000000E+00   0.0000000E+00   0.0000000E+00   0.0000000E+00
  0.0000000000000E+00   0.0000000E+00   0.0000000E+00   0.0000000E+00  -0.0000000E+00  -0.0000000E+00  -0.0000000E+00  -0.0000000E+00   0.0000000E+00   0.0000000E+00   0.0000000E+00
  0.0000000000000E+00   0.0000000E+00   0.0000000E+00   0.0000000E+00  -0.0000000E+00  -0.0000000E+00  -0.0000000E+00  -0.0000000E+00   0.0000000E+00   0.0000000E+00   0.0000000E+00
  0.0000000000000E+00   0.0000000E+00   0.0000000E+00   0.0000000E+00  -0.0000000E+00  -0.0000000E+00  -0.0000000E+00  -0.0000000E+00   0.0000000E+00   0.0000000E+00   0.0000000E+00
  0.0000000000000E+00   0.0000000E+00   0.0000000E+00   0.0000000E+00  -0.0000000E+00  -0.0000000E+00  -0.0000000E+00  -0.0000000E+00   0.0000000E+00   0.0000000E+00   0.0000000E+00
  0.0000000000000E+00   0.0000000E+00   0.0000000E+00   0.0000000E+00  -0.0000000E+00  -0.0000000E+00  -0.0000000E+00  -0.0000000E+00   0.0000000E+00   0.0000000E+00   0.0000000E+00
  0.0000000000000E+00   0.0000000E+00   0.0000000E+00   0.0000000E+00  -0.0000000E+00  -0.0000000E+00  -0.0000000E+00  -0.0000000E+00   0.0000000E+00   0.0000000E+00   0.0000000E+00
  0.0000000000000E+00   0.0000000E+00   0.0000000E+00   0.0000000E+00  -0.0000000E+00  -0.0000000E+00  -0.0000000E+00  -0.0000000E+00   0.0000000E+00   0.0000000E+00   0.0000000E+00
  0.0000000000000E+00   0.0000000E+00   0.0000000E+00   0.0000000E+00  -0.0000000E+00  -0.0000000E+00  -0.0000000E+00  -0.0000000E+00   0.0000000E+00   0.0000000E+00   0.0000000E+00
  0.0000000000000E+00   0.0000000E+00   0.0000000E+00   0.0000000E+00  -0.0000000E+00  -0.0000000E+00  -0.0000000E+00  -0.0000000E+00   0.0000000E+00   0.0000000E+00   0.0000000E+00
  0.0000000000000E+00   0.0000000E+00   0.0000000E+00   0.0000000E+00  -0.0000000E+00  -0.0000000E+00  -0.0000000E+00  -0.0000000E+00   0.0000000E+00   0.0000000E+00   0.0000000E+00
  0.0000000000000E+00   0.0000000E+00   0.0000000E+00   0.0000000E+00  -0.0000000E+00  -0.0000000E+00  -0.0000000E+00  -0.0000000E+00   0.0000000E+00   0.0000000E+00   0.0000000E+00
  0.0000000000000E+00   0.0000000E+00   0.0000000E+00   0.0000000E+00  -0.0000000E+00  -0.0000000E+00  -0.0000000E+00  -0.0000000E+00   0.0000000E+00   0.0000000E+00   0.0000000E+00
  0.0000000000000E+00   0.0000000E+00   0.0000000E+00   0.0000000E+00  -0.0000000E+00  -0.0000000E+00  -0.0000000E+00  -0.0000000E+00   0.0000000E+00   0.0000000E+00   0.0000000E+00
  0.0000000000000E+00   0.0000000E+00   0.0000000E+00   0.0000000E+00  -0.0000000E+00  -0.0000000E+00  -0.0000000E+00  -0.0000000E+00   0.0000000E+00   0.0000000E+00   0.0000000E+00
  0.0000000000000E+00   0.0000000E+00   0.0000000E+00   0.0000000E+00  -0.0000000E+00  -0.0000000E+00  -0.0000000E+00  -0.0000000E+00   0.0000000E+00   0.0000000E+00   0.0000000E+00
  0.0000000000000E+00   0.0000000E+00   0.0000000E+00   0.0000000E+00  -0.0000000E+00  -0.0000000E+00  -0.0000000E+00  -0.0000000E+00   0.0000000E+00   0.0000000E+00   0.0000000E+00
  0.0000000000000E+00   0.0000000E+00   0.0000000E+00   0.0000000E+00  -0.0000000E+00  -0.0000000E+00  -0.0000000E+00  -0.0000000E+00   0.0000000E+00   0.0000000E+00   0.0000000E+00
  0.0000000000000E+00   0.0000000E+00   0.0000000E+00   0.0000000E+00  -0.0000000E+00  -0.0000000E+00  -0.0000000E+00  -0.0000000E+00   0.0000000E+00   0.0000000E+00   0.0000000E+00
  0.0000000000000E+00   0.0000000E+00   0.0000000E+00   0.0000000E+00  -0.0000000E+00  -0.0000000E+00  -0.0000000E+00  -0.0000000E+00   0.0000000E+00   0.0000000E+00   0.0000000E+00
  0.0000000000000E+00   0.0000000E+00   0.0000000E+00   0.0000000E+00  -0.0000000E+00  -0.0000000E+00  -0.0000000E+00  -0.0000000E+00   0.0000000E+00   0.0000000E+00   0.0000000E+00
  0.0000000000000E+00   0.0000000E+00   0.0000000E+00   0.0000000E+00  -0.0000000E+00  -0.0000000E+00  -0.0000000E+00  -0.0000000E+00   0.0000000E+00   0.0000000E+00   0.0000000E+00
  0.0000000000000E+00   0.0000000E+00   0.0000000E+00   0.0000000E+00  -0.0000000E+00  -0.0000000E+00  -0.0000000E+00  -0.0000000E+00   0.0000000E+00   0.0000000E+00   0.0000000E+00
  0.0000000000000E+00   0.0000000E+00   0.0000000E+00   0.0000000E+00  -0.0000000E+00  -0.0000000E+00  -0.0000000E+00  -0.0000000E+00   0.0000000E+00   0.0000000E+00   0.0000000E+00
  0.0000000000000E+00   0.0000000E+00   0.0000000E+00   0.0000000E+00  -0.0000000E+00  -0.0000000E+00  -0.0000000E+00  -0.0000000E+00   0.0000000E+00   0.0000000E+00   0.0000000E+00
  0.0000000000000E+00   0.0000000E+00   0.0000000E+00   0.0000000E+00  -0.0000000E+00  -0.0000000E+00  -0.0000000E+00  -0.0000000E+00   0.0000000E+00   0.0000000E+00   0.0000000E+00
  0.0000000000000E+00   0.0000000E+00   0.0000000E+00   0.0000000E+00  -0.0000000E+00  -0.0000000E+00  -0.0000000E+00  -0.0000000E+00   0.0000000E+00   0.0000000E+00   0.0000000E+00
  0.0000000000000E+00   0.0000000E+00   0.0000000E+00   0.0000000E+00  -0.0000000E+00  -0.0000000E+00  -0.0000000E+00  -0.0000000E+00   0.0000000E+00   0.0000000E+00   0.0000000E+00
  0.0000000000000E+00   0.0000000E+00   0.0000000E+00   0.0000000E+00  -0.0000000E+00  -0.0000000E+00  -0.0000000E+00  -0.0000000E+00   0.0000000E+00   0.0000000E+00   0.0000000E+00
  0.0000000000000E+00   0.0000000E+00   0.0000000E+00   0.0000000E+00  -0.0000000E+00  -0.0000000E+00  -0.0000000E+00  -0.0000000E+00   0.0000000E+00   0.0000000E+00   0.0000000E+00
  0.0000000000000E+00   0.0000000E+00   0.0000000E+00   0.0000000E+00  -0.0000000E+00  -0.0000000E+00  -0.0000000E+00  -0.0000000E+00   0.0000000E+00   0.0000000E+00   0.0000000E+00
  0.0000000000000E+00   0.0000000E+00   0.0000000E+00   0.0000000E+00  -0.0000000E+00  -0.0000000E+00  -0.0000000E+00  -0.0000000E+00   0.0000000E+00   0.0000000E+00   0.0000000E+00
  0.0000000000000E+00   0.0000000E+00   0.0000000E+00   0.0000000E+00  -0.0000000E+00  -0.0000000E+00  -0.0000000E+00  -0.0000000E+00   0.0000000E+00   0.0000000E+00   0.0000000E+00
  0.0000000000000E+00   0.0000000E+00   0.0000000E+00   0.0000000E+00  -0.0000000E+00  -0.0000000E+00  -0.0000000E+00  -0.0000000E+00   0.0000000E+00   0.0000000E+00   0.0000000E+00
  0.0000000000000E+00   0.0000000E+00   0.0000000E+00   0.0000000E+00  -0.0000000E+00  -0.0000000E+00  -0.0000000E+00  -0.0000000E+00   0.0000000E+00   0.0000000E+00   0.0000000E+00
  0.0000000000000E+00   0.0000000E+00   0.0000000E+00   0.0000000E+00  -0.0000000E+00  -0.0000000E+00  -0.0000000E+00  -0.0000000E+00   0.0000000E+00   0.0000000E+00   0.0000000E+00
  0.0000000000000E+00   0.0000000E+00   0.0000000E+00   0.0000000E+00  -0.0000000E+00  -0.0000000E+00  -0.0000000E+00  -0.0000000E+00   0.0000000E+00   0.0000000E+00   0.0000000E+00
  0.0000000000000E+00   0.0000000E+00   0.0000000E+00   0.0000000E+00  -0.0000000E+00  -0.0000000E+00  -0.0000000E+00  -0.0000000E+00   0.0000000E+00   0.0000000E+00   0.0000000E+00
  0.0000000000000E+00   0.0000000E+00   0.0000000E+00   0.0000000E+00  -0.0000000E+00  -0.0000000E+00  -0.0000000E+00  -0.0000000E+00   0.0000000E+00   0.0000000E+00   0.0000000E+00
  0.0000000000000E+00   0.0000000E+00   0.0000000E+00   0.0000000E+00  -0.0000000E+00  -0.0000000E+00  -0.0000000E+00  -0.0000000E+00   0.0000000E+00   0.0000000E+00   0.0000000E+00
  0.0000000000000E+00   0.0000000E+00   0.0000000E+00   0.0000000E+00  -0.0000000E+00  -0.0000000E+00  -0.0000000E+00  -0.0000000E+00   0.0000000E+00   0.0000000E+00   0.0000000E+00
  0.0000000000000E+00   0.0000000E+00   0.0000000E+00   0.0000000E+00  -0.0000000E+00  -0.0000000E+00  -0.0000000E+00  -0.0000000E+00   0.0000000E+00   0.0000000E+00   0.0000000E+00
  0.0000000000000E+00   0.0000000E+00   0.0000000E+00   0.0000000E+00  -0.0000000E+00  -0.0000000E+00  -0.0000000E+00  -0.0000000E+00   0.0000000E+00   0.0000000E+00   0.0000000E+00
  0.0000000000000E+00   0.0000000E+00   0.0000000E+00   0.0000000E+00  -0.0000000E+00  -0.0000000E+00  -0.0000000E+00  -0.0000000E+00   0.0000000E+00   0.0000000E+00   0.0000000E+00
  0.0000000000000E+00   0.0000000E+00   0.0000000E+00   0.0000000E+00  -0.0000000E+00  -0.0000000E+00  -0.0000000E+00  -0.0000000E+00   0.0000000E+00   0.0000000E+00   0.0000000E+00
  0.0000000000000E+00   0.0000000E+00   0.0000000E+00   0.0000000E+00  -0.0000000E+00  -0.0000000E+00  -0.0000000E+00  -0.0000000E+00   0.0000000E+00   0.0000000E+00   0.0000000E+00
  0.0000000000000E+00   0.0000000E+00   0.0000000E+00   0.0000000E+00  -0.0000000E+00  -0.0000000E+00  -0.0000000E+00  -0.0000000E+00   0.0000000E+00   0.0000000E+00   0.0000000E+00
  0.0000000000000E+00   0.0000000E+00   0.0000000E+00   0.0000000E+00  -0.0000000E+00  -0.0000000E+00  -0.0000000E+00  -0.0000000E+00   0.0000000E+00   0.0000000E+00   0.0000000E+00
  0.0000000000000E+00   0.0000000E+00   0.0000000E+00   0.0000000E+00  -0.0000000E+00  -0.0000000E+00  -0.0000000E+00  -0.0000000E+00   0.0000000E+00   0.0000000E+00   0.0000000E+00
  0.0000000000000E+00   0.0000000E+00   0.0000000E+00   0.0000000E+00  -0.0000000E+00  -0.0000000E+00  -0.0000000E+00  -0.0000000E+00   0.0000000E+00   0.0000000E+00   0.0000000E+00
  0.0000000000000E+00   0.0000000E+00   0.0000000E+00   0.0000000E+00  -0.0000000E+00  -0.0000000E+00  -0.0000000E+00  -0.0000000E+00   0.0000000E+00   0.0000000E+00   0.0000000E+00
  0.0000000000000E+00   0.0000000E+00   0.0000000E+00   0.0000000E+00  -0.0000000E+00  -0.0000000E+00  -0.0000000E+00  -0.0000000E+00   0.0000000E+00   0.0000000E+00   0.0000000E+00
  0.0000000000000E+00   0.0000000E+00   0.0000000E+00   0.0000000E+00  -0.0000000E+00  -0.0000000E+00  -0.0000000E+00  -0.0000000E+00   0.0000000E+00   0.0000000E+00   0.0000000E+00
  0.0000000000000E+00   0.0000000E+00   0.0000000E+00   0.0000000E+00  -0.0000000E+00  -0.0000000E+00  -0.0000000E+00  -0.0000000E+00   0.0000000E+00   0.0000000E+00   0.0000000E+00
  0.0000000000000E+00   0.0000000E+00   0.0000000E+00   0.0000000E+00  -0.0000000E+00  -0.0000000E+00  -0.0000000E+00  -0.0000000E+00   0.0000000E+00   0.0000000E+00   0.0000000E+00
  0.0000000000000E+00   0.0000000E+00   0.0000000E+00   0.0000000E+00  -0.0000000E+00  -0.0000000E+00  -0.0000000E+00  -0.0000000E+00   0.0000000E+00   0.0000000E+00   0.0000000E+00
  0.0000000000000E+00   0.0000000E+00   0.0000000E+00   0.0000000E+00  -0.0000000E+00  -0.0000000E+00  -0.0000000E+00  -0.0000000E+00   0.0000000E+00   0.0000000E+00   0.0000000E+00
  0.0000000000000E+00   0.0000000E+00   0.0000000E+00   0.0000000E+00  -0.0000000E+00  -0.0000000E+00  -0.0000000E+00  -0.0000000E+00   0.0000000E+00   0.0000000E+00   0.0000000E+00
  0.0000000000000E+00   0.0000000E+00   0.0000000E+00   0.0000000E+00  -0.0000000E+00  -0.0000000E+00  -0.0000000E+00  -0.0000000E+00   0.0000000E+00   0.0000000E+00   0.0000000E+00
  0.0000000000000E+00   0.0000000E+00   0.0000000E+00   0.0000000E+00  -0.0000000E+00  -0.0000000E+00  -0.0000000E+00  -0.0000000E+00   0.0000000E+00   0.0000000E+00   0.0000000E+00
  0.0000000000000E+00   0.0000000E+00   0.0000000E+00   0.0000000E+00  -0.0000000E+00  -0.0000000E+00  -0.0000000E+00  -0.0000000E+00   0.0000000E+00   0.0000000E+00   0.0000000E+00
  0.0000000000000E+00   0.0000000E+00   0.0000000E+00   0.0000000E+00  -0.0000000E+00  -0.0000000E+00  -0.0000000E+00  -0.0000000E+00   0.0000000E+00   0.0000000E+00   0.0000000E+00
  0.0000000000000E+00   0.0000000E+00   0.0000000E+00   0.0000000E+00  -0.0000000E+00  -0.0000000E+00  -0.0000000E+00  -0.0000000E+00   0.0000000E+00   0.0000000E+00   0.0000000E+00
  0.0000000000000E+00   0.0000000E+00   0.0000000E+00   0.0000000E+00  -0.0000000E+00  -0.0000000E+00  -0.0000000E+00  -0.0000000E+00   0.0000000E+00   0.0000000E+00   0.0000000E+00
  0.0000000000000E+00   0.0000000E+00   0.0000000E+00   0.0000000E+00  -0.0000000E+00  -0.0000000E+00  -0.0000000E+00  -0.0000000E+00   0.0000000E+00   0.0000000E+00   0.0000000E+00
  0.0000000000000E+00   0.0000000E+00   0.0000000E+00   0.0000000E+00  -0.0000000E+00  -0.0000000E+00  -0.0000000E+00  -0.0000000E+00   0.0000000E+00   0.0000000E+00   0.0000000E+00
  0.0000000000000E+00   0.0000000E+00   0.0000000E+00   0.0000000E+00  -0.0000000E+00  -0.0000000E+00  -0.0000000E+00  -0.0000000E+00   0.0000000E+00   0.0000000E+00   0.0000000E+00
  0.0000000000000E+00   0.0000000E+00   0.0000000E+00   0.0000000E+00  -0.0000000E+00  -0.0000000E+00  -0.0000000E+00  -0.0000000E+00   0.0000000E+00   0.0000000E+00   0.0000000E+00
  0.0000000000000E+00   0.0000000E+00   0.0000000E+00   0.0000000E+00  -0.0000000E+00  -0.0000000E+00  -0.0000000E+00  -0.0000000E+00   0.0000000E+00   0.0000000E+00   0.0000000E+00
  0.0000000000000E+00   0.0000000E+00   0.0000000E+00   0.0000000E+00  -0.0000000E+00  -0.0000000E+00  -0.0000000E+00  -0.0000000E+00   0.0000000E+00   0.0000000E+00   0.0000000E+00
  0.0000000000000E+00   0.0000000E+00   0.0000000E+00   0.0000000E+00  -0.0000000E+00  -0.0000000E+00  -0.0000000E+00  -0.0000000E+00   0.0000000E+00   0.0000000E+00   0.0000000E+00
  0.0000000000000E+00   0.0000000E+00   0.0000000E+00   0.0000000E+00  -0.0000000E+00  -0.0000000E+00  -0.0000000E+00  -0.0000000E+00   0.0000000E+00   0.0000000E+00   0.0000000E+00
  0.0000000000000E+00   0.0000000E+00   0.0000000E+00   0.0000000E+00  -0.0000000E+00  -0.0000000E+00  -0.0000000E+00  -0.0000000E+00   0.0000000E+00   0.0000000E+00   0.0000000E+00
  0.0000000000000E+00   0.0000000E+00   0.0000000E+00   0.0000000E+00  -0.0000000E+00  -0.0000000E+00  -0.0000000E+00  -0.0000000E+00   0.0000000E+00   0.0000000E+00   0.0000000E+00
  0.0000000000000E+00   0.0000000E+00   0.0000000E+00   0.0000000E+00  -0.0000000E+00  -0.0000000E+00  -0.0000000E+00  -0.0000000E+00   0.0000000E+00   0.0000000E+00   0.0000000E+00
  0.0000000000000E+00   0.0000000E+00   0.0000000E+00   0.0000000E+00  -0.0000000E+00  -0.0000000E+00  -0.0000000E+00  -0.0000000E+00   0.0000000E+00   0.0000000E+00   0.0000000E+00
  0.0000000000000E+00   0.0000000E+00   0.0000000E+00   0.0000000E+00  -0.0000000E+00  -0.0000000E+00  -0.0000000E+00  -0.0000000E+00   0.0000000E+00   0.0000000E+00   0.0000000E+00
  0.0000000000000E+00   0.0000000E+00   0.0000000E+00   0.0000000E+00  -0.0000000E+00  -0.0000000E+00  -0.0000000E+00  -0.0000000E+00   0.0000000E+00   0.0000000E+00   0.0000000E+00
  0.0000000000000E+00   0.0000000E+00   0.0000000E+00   0.0000000E+00  -0.0000000E+00  -0.0000000E+00  -0.0000000E+00  -0.0000000E+00   0.0000000E+00   0.0000000E+00   0.0000000E+00
  0.0000000000000E+00   0.0000000E+00   0.0000000E+00   0.0000000E+00  -0.0000000E+00  -0.0000000E+00  -0.0000000E+00  -0.0000000E+00   0.0000000E+00   0.0000000E+00   0.0000000E+00
  0.0000000000000E+00   0.0000000E+00   0.0000000E+00   0.0000000E+00  -0.0000000E+00  -0.0000000E+00  -0.0000000E+00  -0.0000000E+00   0.0000000E+00   0.0000000E+00   0.0000000E+00
  0.0000000000000E+00   0.0000000E+00   0.0000000E+00   0.0000000E+00  -0.0000000E+00  -0.0000000E+00  -0.0000000E+00  -0.0000000E+00   0.0000000E+00   0.0000000E+00   0.0000000E+00
  0.0000000000000E+00   0.0000000E+00   0.0000000E+00   0.0000000E+00  -0.0000000E+00  -0.0000000E+00  -0.0000000E+00  -0.0000000E+00   0.0000000E+00   0.0000000E+00   0.0000000E+00
  0.0000000000000E+00   0.0000000E+00   0.0000000E+00   0.0000000E+00  -0.0000000E+00  -0.0000000E+00  -0.0000000E+00  -0.0000000E+00   0.0000000E+00   0.0000000E+00   0.0000000E+00
  0.0000000000000E+00   0.0000000E+00   0.0000000E+00   0.0000000E+00  -0.0000000E+00  -0.0000000E+00  -0.0000000E+00  -0.0000000E+00   0.0000000E+00   0.0000000E+00   0.0000000E+00
  0.0000000000000E+00   0.0000000E+00   0.0000000E+00   0.0000000E+00  -0.0000000E+00  -0.0000000E+00  -0.0000000E+00  -0.0000000E+00   0.0000000E+00   0.0000000E+00   0.0000000E+00
  0.0000000000000E+00   0.0000000E+00   0.0000000E+00   0.0000000E+00  -0.0000000E+00  -0.0000000E+00  -0.0000000E+00  -0.0000000E+00   0.0000000E+00   0.0000000E+00   0.0000000E+00
  0.0000000000000E+00   0.0000000E+00   0.0000000E+00   0.0000000E+00  -0.0000000E+00  -0.0000000E+00  -0.0000000E+00  -0.0000000E+00   0.0000000E+00   0.0000000E+00   0.0000000E+00
  0.0000000000000E+00   0.0000000E+00   0.0000000E+00   0.0000000E+00  -0.0000000E+00  -0.0000000E+00  -0.0000000E+00  -0.0000000E+00   0.0000000E+00   0.0000000E+00   0.0000000E+00
  0.0000000000000E+00   0.0000000E+00   0.0000000E+00   0.0000000E+00  -0.0000000E+00  -0.0000000E+00  -0.0000000E+00  -0.0000000E+00   0.0000000E+00   0.0000000E+00   0.0000000E+00
  0.0000000000000E+00   0.0000000E+00   0.0000000E+00   0.0000000E+00  -0.0000000E+00  -0.0000000E+00  -0.0000000E+00  -0.0000000E+00   0.0000000E+00   0.0000000E+00   0.0000000E+00
  0.0000000000000E+00   0.0000000E+00   0.0000000E+00   0.0000000E+00  -0.0000000E+00  -0.0000000E+00  -0.0000000E+00  -0.0000000E+00   0.0000000E+00   0.0000000E+00   0.0000000E+00
  0.0000000000000E+00   0.0000000E+00   0.0000000E+00   0.0000000E+00  -0.0000000E+00  -0.0000000E+00  -0.0000000E+00  -0.0000000E+00   0.0000000E+00   0.0000000E+00   0.0000000E+00
  0.0000000000000E+00   0.0000000E+00   0.0000000E+00   0.0000000E+00  -0.0000000E+00  -0.0000000E+00  -0.0000000E+00  -0.0000000E+00   0.0000000E+00   0.0000000E+00   0.0000000E+00
  0.0000000000000E+00   0.0000000E+00   0.0000000E+00   0.0000000E+00  -0.0000000E+00  -0.0000000E+00  -0.0000000E+00  -0.0000000E+00   0.0000000E+00   0.0000000E+00   0.0000000E+00
  0.0000000000000E+00   0.0000000E+00   0.0000000E+00   0.0000000E+00  -0.0000000E+00  -0.0000000E+00  -0.0000000E+00  -0.0000000E+00   0.0000000E+00   0.0000000E+00   0.0000000E+00
  0.0000000000000E+00   0.0000000E+00   0.0000000E+00   0.0000000E+00  -0.0000000E+00  -0.0000000E+00  -0.0000000E+00  -0.0000000E+00   0.0000000E+00   0.0000000E+00   0.0000000E+00
  0.0000000000000E+00   0.0000000E+00   0.0000000E+00   0.0000000E+00  -0.0000000E+00  -0.0000000E+00  -0.0000000E+00  -0.0000000E+00   0.0000000E+00   0.0000000E+00   0.0000000E+00
  0.0000000000000E+00   0.0000000E+00   0.0000000E+00   0.0000000E+00  -0.0000000E+00  -0.0000000E+00  -0.0000000E+00  -0.0000000E+00   0.0000000E+00   0.0000000E+00   0.0000000E+00
  0.0000000000000E+00   0.0000000E+00   0.0000000E+00   0.0000000E+00  -0.0000000E+00  -0.0000000E+00  -0.0000000E+00  -0.0000000E+00   0.0000000E+00   0.0000000E+00   0.0000000E+00
  0.0000000000000E+00   0.0000000E+00   0.0000000E+00   0.0000000E+00  -0.0000000E+00  -0.0000000E+00  -0.0000000E+00  -0.0000000E+00   0.0000000E+00   0.0000000E+00   0.0000000E+00
  0.0000000000000E+00   0.0000000E+00   0.0000000E+00   0.0000000E+00  -0.0000000E+00  -0.0000000E+00  -0.0000000E+00  -0.0000000E+00   0.0000000E+00   0.0000000E+00   0.0000000E+00
  0.0000000000000E+00   0.0000000E+00   0.0000000E+00   0.0000000E+00  -0.0000000E+00  -0.0000000E+00  -0.0000000E+00  -0.0000000E+00   0.0000000E+00   0.0000000E+00   0.0000000E+00
  0.0000000000000E+00   0.0000000E+00   0.0000000E+00   0.0000000E+00  -0.0000000E+00  -0.0000000E+00  -0.0000000E+00  -0.0000000E+00   0.0000000E+00   0.0000000E+00   0.0000000E+00
  0.0000000000000E+00   0.0000000E+00   0.0000000E+00   0.0000000E+00  -0.0000000E+00  -0.0000000E+00  -0.0000000E+00  -0.0000000E+00   0.0000000E+00   0.0000000E+00   0.0000000E+00
  0.0000000000000E+00   0.0000000E+00   0.0000000E+00   0.0000000E+00  -0.0000000E+00  -0.0000000E+00  -0.0000000E+00  -0.0000000E+00   0.0000000E+00   0.0000000E+00   0.0000000E+00
  0.0000000000000E+00   0.0000000E+00   0.0000000E+00   0.0000000E+00  -0.0000000E+00  -0.0000000E+00  -0.0000000E+00  -0.0000000E+00   0.0000000E+00   0.0000000E+00   0.0000000E+00
  0.0000000000000E+00   0.0000000E+00   0.0000000E+00   0.0000000E+00  -0.0000000E+00  -0.0000000E+00  -0.0000000E+00  -0.0000000E+00   0.0000000E+00   0.0000000E+00   0.0000000E+00
  0.0000000000000E+00   0.0000000E+00   0.0000000E+00   0.0000000E+00  -0.0000000E+00  -0.0000000E+00  -0.0000000E+00  -0.0000000E+00   0.0000000E+00   0.0000000E+00   0.0000000E+00
  0.0000000000000E+00   0.0000000E+00   0.0000000E+00   0.0000000E+00  -0.0000000E+00  -0.0000000E+00  -0.0000000E+00  -0.0000000E+00   0.0000000E+00   0.0000000E+00   0.0000000E+00
  0.0000000000000E+00   0.0000000E+00   0.0000000E+00   0.0000000E+00  -0.0000000E+00  -0.0000000E+00  -0.0000000E+00  -0.0000000E+00   0.0000000E+00   0.0000000E+00   0.0000000E+00
  0.0000000000000E+00   0.0000000E+00   0.0000000E+00   0.0000000E+00  -0.0000000E+00  -0.0000000E+00  -0.0000000E+00  -0.0000000E+00   0.0000000E+00   0.0000000E+00   0.0000000E+00
  0.0000000000000E+00   0.0000000E+00   0.0000000E+00   0.0000000E+00  -0.0000000E+00  -0.0000000E+00  -0.0000000E+00  -0.0000000E+00   0.0000000E+00   0.0000000E+00   0.0000000E+00
  0.0000000000000E+00   0.0000000E+00   0.0000000E+00   0.0000000E+00  -0.0000000E+00  -0.0000000E+00  -0.0000000E+00  -0.0000000E+00   0.0000000E+00   0.0000000E+00   0.0000000E+00
  0.0000000000000E+00   0.0000000E+00   0.0000000E+00   0.0000000E+00  -0.0000000E+00  -0.0000000E+00  -0.0000000E+00  -0.0000000E+00   0.0000000E+00   0.0000000E+00   0.0000000E+00
  0.0000000000000E+00   0.0000000E+00   0.0000000E+00   0.0000000E+00  -0.0000000E+00  -0.0000000E+00  -0.0000000E+00  -0.0000000E+00   0.0000000E+00   0.0000000E+00   0.0000000E+00
  0.0000000000000E+00   0.0000000E+00   0.0000000E+00   0.0000000E+00  -0.0000000E+00  -0.0000000E+00  -0.0000000E+00  -0.0000000E+00   0.0000000E+00   0.0000000E+00   0.0000000E+00
  0.0000000000000E+00   0.0000000E+00   0.0000000E+00   0.0000000E+00  -0.0000000E+00  -0.0000000E+00  -0.0000000E+00  -0.0000000E+00   0.0000000E+00   0.0000000E+00   0.0000000E+00
  0.0000000000000E+00   0.0000000E+00   0.0000000E+00   0.0000000E+00  -0.0000000E+00  -0.0000000E+00  -0.0000000E+00  -0.0000000E+00   0.0000000E+00   0.0000000E+00   0.0000000E+00
  0.0000000000000E+00   0.0000000E+00   0.0000000E+00   0.0000000E+00  -0.0000000E+00  -0.0000000E+00  -0.0000000E+00  -0.0000000E+00   0.0000000E+00   0.0000000E+00   0.0000000E+00
  0.0000000000000E+00   0.0000000E+00   0.0000000E+00   0.0000000E+00  -0.0000000E+00  -0.0000000E+00  -0.0000000E+00  -0.0000000E+00   0.0000000E+00   0.0000000E+00   0.0000000E+00
  0.0000000000000E+00   0.0000000E+00   0.0000000E+00   0.0000000E+00  -0.0000000E+00  -0.0000000E+00  -0.0000000E+00  -0.0000000E+00   0.0000000E+00   0.0000000E+00   0.0000000E+00
  0.0000000000000E+00   0.0000000E+00   0.0000000E+00   0.0000000E+00  -0.0000000E+00  -0.0000000E+00  -0.0000000E+00  -0.0000000E+00   0.0000000E+00   0.0000000E+00   0.0000000E+00
  0.0000000000000E+00   0.0000000E+00   0.0000000E+00   0.0000000E+00  -0.0000000E+00  -0.0000000E+00  -0.0000000E+00  -0.0000000E+00   0.0000000E+00   0.0000000E+00   0.0000000E+00
  0.0000000000000E+00   0.0000000E+00   0.0000000E+00   0.0000000E+00  -0.0000000E+00  -0.0000000E+00  -0.0000000E+00  -0.0000000E+00   0.0000000E+00   0.0000000E+00   0.0000000E+00
  0.0000000000000E+00   0.0000000E+00   0.0000000E+00   0.0000000E+00  -0.0000000E+00  -0.0000000E+00  -0.0000000E+00  -0.0000000E+00   0.0000000E+00   0.0000000E+00   0.0000000E+00
  0.0000000000000E+00   0.0000000E+00   0.0000000E+00   0.0000000E+00  -0.0000000E+00  -0.0000000E+00  -0.0000000E+00  -0.0000000E+00   0.0000000E+00   0.0000000E+00   0.0000000E+00
  0.0000000000000E+00   0.0000000E+00   0.0000000E+00   0.0000000E+00  -0.0000000E+00  -0.0000000E+00  -0.0000000E+00  -0.0000000E+00   0.0000000E+00   0.0000000E+00   0.0000000E+00
  0.0000000000000E+00   0.0000000E+00   0.0000000E+00   0.0000000E+00  -0.0000000E+00  -0.0000000E+00  -0.0000000E+00  -0.0000000E+00   0.0000000E+00   0.0000000E+00   0.0000000E+00
  0.0000000000000E+00   0.0000000E+00   0.0000000E+00   0.0000000E+00  -0.0000000E+00  -0.0000000E+00  -0.0000000E+00  -0.0000000E+00   0.0000000E+00   0.0000000E+00   0.0000000E+00
  0.0000000000000E+00   0.0000000E+00   0.0000000E+00   0.0000000E+00  -0.0000000E+00  -0.0000000E+00  -0.0000000E+00  -0.0000000E+00   0.0000000E+00   0.0000000E+00   0.0000000E+00
  0.0000000000000E+00   0.0000000E+00   0.0000000E+00   0.0000000E+00  -0.0000000E+00  -0.0000000E+00  -0.0000000E+00  -0.0000000E+00   0.0000000E+00   0.0000000E+00   0.0000000E+00
  0.0000000000000E+00   0.0000000E+00   0.0000000E+00   0.0000000E+00  -0.0000000E+00  -0.0000000E+00  -0.0000000E+00  -0.0000000E+00   0.0000000E+00   0.0000000E+00   0.0000000E+00
  0.0000000000000E+00   0.0000000E+00   0.0000000E+00   0.0000000E+00  -0.0000000E+00  -0.0000000E+00  -0.0000000E+00  -0.0000000E+00   0.0000000E+00   0.0000000E+00   0.0000000E+00
  0.0000000000000E+00   0.0000000E+00   0.0000000E+00   0.0000000E+00  -0.0000000E+00  -0.0000000E+00  -0.0000000E+00  -0.0000000E+00   0.0000000E+00   0.0000000E+00   0.0000000E+00
  0.0000000000000E+00   0.0000000E+00   0.0000000E+00   0.0000000E+00  -0.0000000E+00  -0.0000000E+00  -0.0000000E+00  -0.0000000E+00   0.0000000E+00   0.0000000E+00   0.0000000E+00
  0.0000000000000E+00   0.0000000E+00   0.0000000E+00   0.0000000E+00  -0.0000000E+00  -0.0000000E+00  -0.0000000E+00  -0.0000000E+00   0.0000000E+00   0.0000000E+00   0.0000000E+00
  0.0000000000000E+00   0.0000000E+00   0.0000000E+00   0.0000000E+00  -0.0000000E+00  -0.0000000E+00  -0.0000000E+00  -0.0000000E+00   0.0000000E+00   0.0000000E+00   0.0000000E+00
  0.0000000000000E+00   0.0000000E+00   0.0000000E+00   0.0000000E+00  -0.0000000E+00  -0.0000000E+00  -0.0000000E+00  -0.0000000E+00   0.0000000E+00   0.0000000E+00   0.0000000E+00
  0.0000000000000E+00   0.0000000E+00   0.0000000E+00   0.0000000E+00  -0.0000000E+00  -0.0000000E+00  -0.0000000E+00  -0.0000000E+00   0.0000000E+00   0.0000000E+00   0.0000000E+00
  0.0000000000000E+00   0.0000000E+00   0.0000000E+00   0.0000000E+00  -0.0000000E+00  -0.0000000E+00  -0.0000000E+00  -0.0000000E+00   0.0000000E+00   0.0000000E+00   0.0000000E+00
  0.0000000000000E+00   0.0000000E+00   0.0000000E+00   0.0000000E+00  -0.0000000E+00  -0.0000000E+00  -0.0000000E+00  -0.0000000E+00   0.0000000E+00   0.0000000E+00   0.0000000E+00
  0.0000000000000E+00   0.0000000E+00   0.0000000E+00   0.0000000E+00  -0.0000000E+00  -0.0000000E+00  -0.0000000E+00  -0.0000000E+00   0.0000000E+00   0.0000000E+00   0.0000000E+00
  0.0000000000000E+00   0.0000000E+00   0.0000000E+00   0.0000000E+00  -0.0000000E+00  -0.0000000E+00  -0.0000000E+00  -0.0000000E+00   0.0000000E+00   0.0000000E+00   0.0000000E+00
  0.0000000000000E+00   0.0000000E+00   0.0000000E+00   0.0000000E+00  -0.0000000E+00  -0.0000000E+00  -0.0000000E+00  -0.0000000E+00   0.0000000E+00   0.0000000E+00   0.0000000E+00
  0.0000000000000E+00   0.0000000E+00   0.0000000E+00   0.0000000E+00  -0.0000000E+00  -0.0000000E+00  -0.0000000E+00  -0.0000000E+00   0.0000000E+00   0.0000000E+00   0.0000000E+00
  0.0000000000000E+00   0.0000000E+00   0.0000000E+00   0.0000000E+00  -0.0000000E+00  -0.0000000E+00  -0.0000000E+00  -0.0000000E+00   0.0000000E+00   0.0000000E+00   0.0000000E+00
  0.0000000000000E+00   0.0000000E+00   0.0000000E+00   0.0000000E+00  -0.0000000E+00  -0.0000000E+00  -0.0000000E+00  -0.0000000E+00   0.0000000E+00   0.0000000E+00   0.0000000E+00
