0.546382 0.1065
0.546539 0.1081
0.546696 0.1095
0.546853 0.1110
0.54701 0.1125
0.547167 0.1139
0.547324 0.1153
0.547481 0.1167
0.547638 0.1181
0.547795 0.1194
0.547952 0.1207
0.548109 0.1220
0.548266 0.1233
0.548423 0.1246
0.54858 0.1259
0.548736 0.1271
0.548893 0.1283
0.54905 0.1296
0.549207 0.1308
0.549364 0.1319
0.549521 0.1331
0.549678 0.1342
0.549835 0.1354
0.549992 0.1365
0.550149 0.1376
0.550306 0.1387
0.550463 0.1398
0.55062 0.1408
0.550777 0.1419
0.550934 0.1429
0.551091 0.1439
0.551248 0.1449
0.551405 0.1459
0.551562 0.1469
0.551719 0.1479
0.551876 0.1489
0.552033 0.1498
0.55219 0.1507
0.552347 0.1517
0.552504 0.1526
0.55266 0.1535
0.552817 0.1544
0.552974 0.1553
0.553131 0.1561
0.553288 0.1570
0.553445 0.1578
0.553602 0.1587
0.553759 0.1595
0.553916 0.1604
0.554073 0.1613
0.55423 0.1621
0.554387 0.1629
0.554544 0.1638
0.554701 0.1646
0.554858 0.1654
0.555015 0.1662
0.555172 0.1670
0.555329 0.1678
0.555486 0.1686
0.555643 0.1693
0.5558 0.1701
0.555957 0.1708
0.556114 0.1716
0.556271 0.1723
0.556428 0.1730
0.556585 0.1737
0.556741 0.1744
0.556898 0.1751
0.557055 0.1758
0.557212 0.1765
0.557369 0.1772
0.557526 0.1779
0.557683 0.1785
0.55784 0.1792
0.557997 0.1798
0.558154 0.1805
0.558311 0.1811
0.558468 0.1817
0.558625 0.1823
0.558782 0.1829
0.558939 0.1836
0.559096 0.1842
0.559253 0.1847
0.55941 0.1853
0.559567 0.1859
0.559724 0.1865
0.559881 0.1871
0.560038 0.1876
0.560195 0.1882
0.560352 0.1887
0.560509 0.1893
0.560666 0.1898
0.560822 0.1904
0.560979 0.1909
0.561136 0.1914
0.561293 0.1919
0.56145 0.1924
0.561607 0.1929
0.561764 0.1935
0.561921 0.1939
0.562078 0.1944
0.562235 0.1949
0.562392 0.1954
0.562549 0.1959
0.562706 0.1964
0.562863 0.1968
0.56302 0.1973
0.563177 0.1978
0.563334 0.1982
0.563491 0.1987
0.563648 0.1991
0.563805 0.1996
0.563962 0.2000
0.564119 0.2004
0.564276 0.2009
0.564433 0.2013
0.56459 0.2017
0.564747 0.2021
0.564903 0.2026
0.56506 0.2030
0.565217 0.2034
0.565374 0.2038
0.565531 0.2042
0.565688 0.2046
0.565845 0.2050
0.566002 0.2054
0.566159 0.2058
0.566316 0.2061
0.566473 0.2065
0.56663 0.2069
0.566787 0.2073
0.566944 0.2076
0.567101 0.2080
0.567258 0.2084
0.567415 0.2087
0.567572 0.2091
0.567729 0.2094
0.567886 0.2098
0.568043 0.2101
0.5682 0.2105
0.568357 0.2108
0.568514 0.2112
0.568671 0.2115
0.568827 0.2118
0.568984 0.2122
0.569141 0.2125
0.569298 0.2128
0.569455 0.2131
0.569612 0.2135
0.569769 0.2138
0.569926 0.2141
0.570083 0.2144
0.57024 0.2147
0.570397 0.2150
0.570554 0.2153
0.570711 0.2156
0.570868 0.2159
0.571025 0.2162
0.571182 0.2165
0.571339 0.2168
0.571496 0.2171
0.571653 0.2174
0.57181 0.2177
0.571967 0.2179
0.572124 0.2182
0.572281 0.2185
0.572438 0.2188
0.572595 0.2191
0.572752 0.2193
0.572908 0.2196
0.573065 0.2199
0.573222 0.2201
0.573379 0.2204
0.573536 0.2207
0.573693 0.2209
0.57385 0.2212
0.574007 0.2214
0.574164 0.2217
0.574321 0.2219
0.574478 0.2222
0.574635 0.2224
0.574792 0.2227
0.574949 0.2229
0.575106 0.2232
0.575263 0.2234
0.57542 0.2237
0.575577 0.2239
0.575734 0.2241
0.575891 0.2244
0.576048 0.2246
0.576205 0.2249
0.576362 0.2251
0.576519 0.2253
0.576676 0.2255
0.576833 0.2258
0.576989 0.2260
0.577146 0.2262
0.577303 0.2264
0.57746 0.2267
0.577617 0.2269
0.577774 0.2271
0.577931 0.2273
0.578088 0.2275
0.578245 0.2277
0.578402 0.2280
0.578559 0.2282
0.578716 0.2284
0.578873 0.2286
0.57903 0.2288
0.579187 0.2290
0.579344 0.2292
0.579501 0.2294
0.579658 0.2296
0.579815 0.2298
0.579972 0.2300
0.580129 0.2302
0.580286 0.2304
0.580443 0.2306
0.5806 0.2308
0.580757 0.2310
0.580914 0.2312
0.58107 0.2314
0.581227 0.2318
0.581384 0.2322
0.581541 0.2325
0.581698 0.2329
0.581855 0.2333
0.582012 0.2336
0.582169 0.2340
0.582326 0.2343
0.582483 0.2346
0.58264 0.2350
0.582797 0.2353
0.582954 0.2357
0.583111 0.2360
0.583268 0.2363
0.583425 0.2366
0.583582 0.2370
0.583739 0.2373
0.583896 0.2376
0.584053 0.2379
0.58421 0.2382
0.584367 0.2385
0.584524 0.2388
0.584681 0.2391
0.584838 0.2394
0.584995 0.2397
0.585151 0.2400
0.585308 0.2403
0.585465 0.2406
0.585622 0.2409
0.585779 0.2412
0.585936 0.2414
0.586093 0.2417
0.58625 0.2420
0.586407 0.2423
0.586564 0.2425
0.586721 0.2428
0.586878 0.2431
0.587035 0.2433
0.587192 0.2436
0.587349 0.2439
0.587506 0.2441
0.587663 0.2444
0.58782 0.2446
0.587977 0.2449
0.588134 0.2451
0.588291 0.2454
0.588448 0.2456
0.588605 0.2459
0.588762 0.2461
0.588919 0.2464
0.589075 0.2466
0.589232 0.2468
0.589389 0.2471
0.589546 0.2473
0.589703 0.2475
0.58986 0.2478
0.590017 0.2480
0.590174 0.2482
0.590331 0.2485
0.590488 0.2487
0.590645 0.2489
0.590802 0.2491
0.590959 0.2494
0.591116 0.2496
0.591273 0.2498
0.59143 0.2500
0.591587 0.2502
0.591744 0.2504
0.591901 0.2507
0.592058 0.2509
0.592215 0.2511
0.592372 0.2513
0.592529 0.2515
0.592686 0.2517
0.592843 0.2519
0.593 0.2521
0.593156 0.2523
0.593313 0.2525
0.59347 0.2527
0.593627 0.2529
0.593784 0.2531
0.593941 0.2533
0.594098 0.2535
0.594255 0.2537
0.594412 0.2539
0.594569 0.2541
0.594726 0.2542
0.594883 0.2542
0.59504 0.2542
0.595197 0.2542
0.595354 0.2542
0.595511 0.2543
0.595668 0.2543
0.595825 0.2543
0.595982 0.2543
0.596139 0.2543
0.596296 0.2544
0.596453 0.2544
0.59661 0.2544
0.596767 0.2544
0.596924 0.2544
0.597081 0.2545
0.597237 0.2545
0.597394 0.2545
0.597551 0.2545
0.597708 0.2545
0.597865 0.2546
0.598022 0.2546
0.598179 0.2546
0.598336 0.2546
0.598493 0.2546
0.59865 0.2547
0.598807 0.2547
0.598964 0.2547
0.599121 0.2547
0.599278 0.2547
0.599435 0.2548
0.599592 0.2548
0.599749 0.2548
0.599906 0.2548
0.600063 0.2548
0.60022 0.2549
0.600377 0.2549
0.600534 0.2549
0.600691 0.2549
0.600848 0.2549
0.601005 0.2550
0.601162 0.2550
0.601318 0.2550
0.601475 0.2550
0.601632 0.2550
0.601789 0.2550
0.601946 0.2551
0.602103 0.2551
0.60226 0.2551
0.602417 0.2551
0.602574 0.2551
0.602731 0.2552
0.602888 0.2552
0.603045 0.2552
0.603202 0.2552
0.603359 0.2552
0.603516 0.2553
0.603673 0.2553
0.60383 0.2553
0.603987 0.2553
0.604144 0.2553
0.604301 0.2554
0.604458 0.2554
0.604615 0.2554
0.604772 0.2554
0.604929 0.2554
0.605086 0.2555
0.605243 0.2555
0.605399 0.2555
0.605556 0.2555
0.605713 0.2555
0.60587 0.2556
0.606027 0.2556
0.606184 0.2556
0.606341 0.2556
0.606498 0.2556
0.606655 0.2557
0.606812 0.2557
0.606969 0.2557
0.607126 0.2557
0.607283 0.2557
0.60744 0.2558
0.607597 0.2558
0.607754 0.2558
0.607911 0.2558
0.608068 0.2558
0.608225 0.2559
0.608382 0.2559
0.608539 0.2559
0.608696 0.2559
0.608853 0.2559
0.60901 0.2560
0.609167 0.2560
0.609323 0.2560
0.60948 0.2560
0.609637 0.2560
0.609794 0.2560
0.609951 0.2561
0.610108 0.2561
0.610265 0.2561
0.610422 0.2561
0.610579 0.2561
0.610736 0.2561
0.610893 0.2562
0.61105 0.2562
0.611207 0.2562
0.611364 0.2562
0.611521 0.2562
0.611678 0.2562
0.611835 0.2563
0.611992 0.2563
0.612149 0.2563
0.612306 0.2563
0.612463 0.2563
0.61262 0.2564
0.612777 0.2564
0.612934 0.2564
0.613091 0.2564
0.613248 0.2564
0.613404 0.2564
0.613561 0.2565
0.613718 0.2565
0.613875 0.2565
0.614032 0.2565
0.614189 0.2565
0.614346 0.2566
0.614503 0.2566
0.61466 0.2566
0.614817 0.2566
0.614974 0.2566
0.615131 0.2567
0.615288 0.2567
0.615445 0.2567
0.615602 0.2567
0.615759 0.2567
0.615916 0.2568
0.616073 0.2568
0.61623 0.2568
0.616387 0.2568
0.616544 0.2568
0.616701 0.2569
0.616858 0.2569
0.617015 0.2569
0.617172 0.2569
0.617329 0.2569
0.617485 0.2570
0.617642 0.2570
0.617799 0.2570
0.617956 0.2570
0.618113 0.2570
0.61827 0.2571
0.618427 0.2571
0.618584 0.2571
0.618741 0.2571
0.618898 0.2571
0.619055 0.2572
0.619212 0.2572
0.619369 0.2572
0.619526 0.2572
0.619683 0.2572
0.61984 0.2573
0.619997 0.2573
0.620154 0.2573
0.620311 0.2573
0.620468 0.2573
0.620625 0.2574
0.620782 0.2574
0.620939 0.2574
0.621096 0.2574
0.621253 0.2575
0.62141 0.2575
0.621566 0.2575
0.621723 0.2575
0.62188 0.2575
0.622037 0.2576
0.622194 0.2576
0.622351 0.2576
0.622508 0.2576
0.622665 0.2576
0.622822 0.2577
0.622979 0.2577
0.623136 0.2577
0.623293 0.2577
0.62345 0.2577
0.623607 0.2577
0.623764 0.2578
0.623921 0.2578
0.624078 0.2578
0.624235 0.2578
0.624392 0.2578
0.624549 0.2579
0.624706 0.2579
0.624863 0.2579
0.62502 0.2579
0.625177 0.2579
0.625334 0.2579
0.625491 0.2580
0.625647 0.2580
0.625804 0.2580
0.625961 0.2580
0.626118 0.2580
0.626275 0.2581
0.626432 0.2581
0.626589 0.2581
0.626746 0.2581
0.626903 0.2581
0.62706 0.2582
0.627217 0.2582
0.627374 0.2582
0.627531 0.2582
0.627688 0.2582
0.627845 0.2583
0.628002 0.2583
0.628159 0.2583
0.628316 0.2583
0.628473 0.2583
0.62863 0.2584
0.628787 0.2584
0.628944 0.2584
0.629101 0.2584
0.629258 0.2584
0.629415 0.2585
0.629571 0.2585
0.629728 0.2585
0.629885 0.2585
0.630042 0.2585
0.630199 0.2586
0.630356 0.2586
0.630513 0.2586
0.63067 0.2586
0.630827 0.2586
0.630984 0.2587
0.631141 0.2587
0.631298 0.2587
0.631455 0.2587
0.631612 0.2587
0.631769 0.2588
0.631926 0.2588
0.632083 0.2588
0.63224 0.2588
0.632397 0.2588
0.632554 0.2589
0.632711 0.2589
0.632868 0.2589
0.633025 0.2589
0.633182 0.2590
0.633339 0.2590
0.633496 0.2590
0.633652 0.2590
0.633809 0.2590
0.633966 0.2591
0.634123 0.2591
0.63428 0.2591
0.634437 0.2591
0.634594 0.2591
0.634751 0.2592
0.634908 0.2592
0.635065 0.2592
0.635222 0.2592
0.635379 0.2593
0.635536 0.2593
0.635693 0.2593
0.63585 0.2593
0.636007 0.2593
0.636164 0.2594
0.636321 0.2594
0.636478 0.2594
0.636635 0.2594
0.636792 0.2595
0.636949 0.2595
0.637106 0.2595
0.637263 0.2595
0.63742 0.2595
0.637577 0.2596
0.637733 0.2596
0.63789 0.2596
0.638047 0.2596
0.638204 0.2597
0.638361 0.2597
0.638518 0.2597
0.638675 0.2597
0.638832 0.2597
0.638989 0.2598
0.639146 0.2598
0.639303 0.2598
0.63946 0.2598
0.639617 0.2599
0.639774 0.2599
0.639931 0.2599
0.640088 0.2599
0.640245 0.2600
0.640402 0.2600
0.640559 0.2600
0.640716 0.2600
0.640873 0.2600
0.64103 0.2601
0.641187 0.2601
0.641344 0.2601
0.641501 0.2601
0.641658 0.2602
0.641814 0.2602
0.641971 0.2602
0.642128 0.2602
0.642285 0.2603
0.642442 0.2603
0.642599 0.2603
0.642756 0.2603
0.642913 0.2603
0.64307 0.2604
0.643227 0.2604
0.643384 0.2604
0.643541 0.2604
0.643698 0.2605
0.643855 0.2605
0.644012 0.2605
0.644169 0.2605
0.644326 0.2606
0.644483 0.2606
0.64464 0.2606
0.644797 0.2606
0.644954 0.2607
0.645111 0.2607
0.645268 0.2607
0.645425 0.2607
0.645582 0.2608
0.645739 0.2608
0.645895 0.2608
0.646052 0.2608
0.646209 0.2608
0.646366 0.2609
0.646523 0.2609
0.64668 0.2609
0.646837 0.2609
0.646994 0.2610
0.647151 0.2610
0.647308 0.2610
0.647465 0.2610
0.647622 0.2611
0.647779 0.2611
0.647936 0.2611
0.648093 0.2611
0.64825 0.2612
0.648407 0.2612
0.648564 0.2612
0.648721 0.2612
0.648878 0.2613
0.649035 0.2613
0.649192 0.2613
0.649349 0.2613
0.649506 0.2614
0.649663 0.2614
0.649819 0.2614
0.649976 0.2614
0.650133 0.2614
0.65029 0.2615
0.650447 0.2615
0.650604 0.2615
0.650761 0.2615
0.650918 0.2615
0.651075 0.2616
0.651232 0.2616
0.651389 0.2616
0.651546 0.2616
0.651703 0.2616
0.65186 0.2617
0.652017 0.2617
0.652174 0.2617
0.652331 0.2617
0.652488 0.2617
0.652645 0.2618
0.652802 0.2618
0.652959 0.2618
0.653116 0.2618
0.653273 0.2618
0.65343 0.2619
0.653587 0.2619
0.653744 0.2619
0.6539 0.2619
0.654057 0.2619
0.654214 0.2620
0.654371 0.2620
0.654528 0.2620
0.654685 0.2620
0.654842 0.2620
0.654999 0.2621
0.655156 0.2621
0.655313 0.2621
0.65547 0.2621
0.655627 0.2621
0.655784 0.2622
0.655941 0.2622
0.656098 0.2622
0.656255 0.2622
0.656412 0.2622
0.656569 0.2623
0.656726 0.2623
0.656883 0.2623
0.65704 0.2623
0.657197 0.2624
0.657354 0.2624
0.657511 0.2624
0.657668 0.2624
0.657825 0.2624
0.657981 0.2625
0.658138 0.2625
0.658295 0.2625
0.658452 0.2625
0.658609 0.2625
0.658766 0.2626
0.658923 0.2626
0.65908 0.2626
0.659237 0.2626
0.659394 0.2626
0.659551 0.2627
0.659708 0.2627
0.659865 0.2627
0.660022 0.2627
0.660179 0.2628
0.660336 0.2628
0.660493 0.2628
0.66065 0.2628
0.660807 0.2628
0.660964 0.2629
0.661121 0.2629
0.661278 0.2629
0.661435 0.2629
0.661592 0.2629
0.661749 0.2630
0.661906 0.2630
0.662062 0.2630
0.662219 0.2630
0.662376 0.2631
0.662533 0.2631
0.66269 0.2631
0.662847 0.2631
0.663004 0.2631
0.663161 0.2632
0.663318 0.2632
0.663475 0.2632
0.663632 0.2632
0.663789 0.2632
0.663946 0.2633
0.664103 0.2633
0.66426 0.2633
0.664417 0.2633
0.664574 0.2634
0.664731 0.2634
0.664888 0.2634
0.665045 0.2634
0.665202 0.2634
0.665359 0.2635
0.665516 0.2635
0.665673 0.2635
0.66583 0.2635
0.665987 0.2636
0.666143 0.2636
0.6663 0.2636
0.666457 0.2636
0.666614 0.2636
0.666771 0.2637
0.666928 0.2637
0.667085 0.2637
0.667242 0.2637
0.667399 0.2637
0.667556 0.2638
0.667713 0.2638
0.66787 0.2638
0.668027 0.2638
0.668184 0.2639
0.668341 0.2639
0.668498 0.2639
0.668655 0.2639
0.668812 0.2639
0.668969 0.2640
0.669126 0.2640
0.669283 0.2640
0.66944 0.2640
0.669597 0.2641
0.669754 0.2641
0.669911 0.2641
0.670067 0.2641
0.670224 0.2641
0.670381 0.2642
0.670538 0.2642
0.670695 0.2642
0.670852 0.2642
0.671009 0.2643
0.671166 0.2643
0.671323 0.2643
0.67148 0.2643
0.671637 0.2643
0.671794 0.2644
0.671951 0.2644
0.672108 0.2644
0.672265 0.2644
0.672422 0.2645
0.672579 0.2645
0.672736 0.2645
0.672893 0.2645
0.67305 0.2646
0.673207 0.2646
0.673364 0.2646
0.673521 0.2646
0.673678 0.2646
0.673835 0.2647
0.673992 0.2647
0.674148 0.2647
0.674305 0.2647
0.674462 0.2648
0.674619 0.2648
0.674776 0.2648
0.674933 0.2648
0.67509 0.2648
0.675247 0.2649
0.675404 0.2649
0.675561 0.2649
0.675718 0.2649
0.675875 0.2650
0.676032 0.2650
0.676189 0.2650
0.676346 0.2650
0.676503 0.2651
0.67666 0.2651
0.676817 0.2651
0.676974 0.2651
0.677131 0.2651
0.677288 0.2651
0.677445 0.2652
0.677602 0.2652
0.677759 0.2652
0.677916 0.2652
0.678073 0.2652
0.678229 0.2653
0.678386 0.2653
0.678543 0.2653
0.6787 0.2653
0.678857 0.2653
0.679014 0.2653
0.679171 0.2654
0.679328 0.2654
0.679485 0.2654
0.679642 0.2654
0.679799 0.2654
0.679956 0.2655
0.680113 0.2655
0.68027 0.2655
0.680427 0.2655
0.680584 0.2655
0.680741 0.2655
0.680898 0.2656
0.681055 0.2656
0.681212 0.2656
0.681369 0.2656
0.681526 0.2656
0.681683 0.2657
0.68184 0.2657
0.681997 0.2657
0.682154 0.2657
0.68231 0.2657
0.682467 0.2658
0.682624 0.2658
0.682781 0.2658
0.682938 0.2658
0.683095 0.2658
0.683252 0.2658
0.683409 0.2659
0.683566 0.2659
0.683723 0.2659
0.68388 0.2659
0.684037 0.2659
0.684194 0.2660
0.684351 0.2660
0.684508 0.2660
0.684665 0.2660
0.684822 0.2660
0.684979 0.2660
0.685136 0.2661
0.685293 0.2661
0.68545 0.2661
0.685607 0.2661
0.685764 0.2661
0.685921 0.2662
0.686078 0.2662
0.686235 0.2662
0.686391 0.2662
0.686548 0.2662
0.686705 0.2663
0.686862 0.2663
0.687019 0.2663
0.687176 0.2663
0.687333 0.2663
0.68749 0.2664
0.687647 0.2664
0.687804 0.2664
0.687961 0.2664
0.688118 0.2664
0.688275 0.2664
0.688432 0.2665
0.688589 0.2665
0.688746 0.2665
0.688903 0.2665
0.68906 0.2665
0.689217 0.2666
0.689374 0.2666
0.689531 0.2666
0.689688 0.2666
0.689845 0.2666
0.690002 0.2667
0.690159 0.2667
0.690315 0.2667
0.690472 0.2667
0.690629 0.2667
0.690786 0.2668
0.690943 0.2668
0.6911 0.2668
0.691257 0.2668
0.691414 0.2668
0.691571 0.2669
0.691728 0.2669
0.691885 0.2669
0.692042 0.2669
0.692199 0.2669
0.692356 0.2669
0.692513 0.2670
0.69267 0.2670
0.692827 0.2670
0.692984 0.2670
0.693141 0.2670
0.693298 0.2671
0.693455 0.2671
0.693612 0.2671
0.693769 0.2671
0.693926 0.2671
0.694083 0.2672
0.69424 0.2672
0.694396 0.2672
0.694553 0.2672
0.69471 0.2672
0.694867 0.2673
0.695024 0.2673
0.695181 0.2673
0.695338 0.2673
0.695495 0.2673
0.695652 0.2674
0.695809 0.2674
0.695966 0.2674
0.696123 0.2674
0.69628 0.2674
0.696437 0.2675
0.696594 0.2675
0.696751 0.2675
0.696908 0.2675
0.697065 0.2675
0.697222 0.2676
0.697379 0.2676
0.697536 0.2676
0.697693 0.2676
0.69785 0.2676
0.698007 0.2677
0.698164 0.2677
0.698321 0.2677
0.698477 0.2677
0.698634 0.2677
0.698791 0.2678
0.698948 0.2678
0.699105 0.2678
0.699262 0.2678
0.699419 0.2678
0.699576 0.2679
0.699733 0.2679
0.69989 0.2679
0.700047 0.2679
0.700204 0.2679
0.700361 0.2680
0.700518 0.2680
0.700675 0.2680
0.700832 0.2680
0.700989 0.2680
0.701146 0.2681
0.701303 0.2681
0.70146 0.2681
0.701617 0.2681
0.701774 0.2681
0.701931 0.2682
0.702088 0.2682
0.702245 0.2682
0.702402 0.2682
0.702558 0.2682
0.702715 0.2683
0.702872 0.2683
0.703029 0.2683
0.703186 0.2683
0.703343 0.2683
0.7035 0.2684
0.703657 0.2684
0.703814 0.2684
0.703971 0.2684
0.704128 0.2684
0.704285 0.2685
0.704442 0.2685
0.704599 0.2685
0.704756 0.2685
0.704913 0.2686
0.70507 0.2686
0.705227 0.2686
0.705384 0.2686
0.705541 0.2686
0.705698 0.2687
0.705855 0.2687
0.706012 0.2687
0.706169 0.2687
0.706326 0.2688
0.706482 0.2688
0.706639 0.2688
0.706796 0.2688
0.706953 0.2689
0.70711 0.2689
0.707267 0.2689
0.707424 0.2689
0.707581 0.2689
0.707738 0.2690
0.707895 0.2690
0.708052 0.2690
0.708209 0.2690
0.708366 0.2691
0.708523 0.2691
0.70868 0.2691
0.708837 0.2691
0.708994 0.2691
0.709151 0.2692
0.709308 0.2692
0.709465 0.2692
0.709622 0.2692
0.709779 0.2693
0.709936 0.2693
0.710093 0.2693
0.71025 0.2693
0.710407 0.2694
0.710563 0.2694
0.71072 0.2694
0.710877 0.2694
0.711034 0.2694
0.711191 0.2695
0.711348 0.2695
0.711505 0.2695
0.711662 0.2695
0.711819 0.2696
0.711976 0.2696
0.712133 0.2696
0.71229 0.2696
0.712447 0.2697
0.712604 0.2697
0.712761 0.2697
0.712918 0.2697
0.713075 0.2697
0.713232 0.2698
0.713389 0.2698
0.713546 0.2698
0.713703 0.2698
0.71386 0.2699
0.714017 0.2699
0.714174 0.2699
0.714331 0.2699
0.714488 0.2700
0.714644 0.2700
0.714801 0.2700
0.714958 0.2700
0.715115 0.2700
0.715272 0.2701
0.715429 0.2701
0.715586 0.2701
0.715743 0.2701
0.7159 0.2702
0.716057 0.2702
0.716214 0.2702
0.716371 0.2702
0.716528 0.2703
0.716685 0.2703
0.716842 0.2703
0.716999 0.2703
0.717156 0.2703
0.717313 0.2704
0.71747 0.2704
0.717627 0.2704
0.717784 0.2704
0.717941 0.2705
0.718098 0.2705
0.718255 0.2705
0.718412 0.2705
0.718569 0.2705
0.718725 0.2706
0.718882 0.2706
0.719039 0.2706
0.719196 0.2706
0.719353 0.2706
0.71951 0.2707
0.719667 0.2707
0.719824 0.2707
0.719981 0.2707
0.720138 0.2707
0.720295 0.2707
0.720452 0.2708
0.720609 0.2708
0.720766 0.2708
0.720923 0.2708
0.72108 0.2708
0.721237 0.2709
0.721394 0.2709
0.721551 0.2709
0.721708 0.2709
0.721865 0.2709
0.722022 0.2710
0.722179 0.2710
0.722336 0.2710
0.722493 0.2710
0.72265 0.2710
0.722806 0.2711
0.722963 0.2711
0.72312 0.2711
0.723277 0.2711
0.723434 0.2711
0.723591 0.2712
0.723748 0.2712
0.723905 0.2712
0.724062 0.2712
0.724219 0.2712
0.724376 0.2713
0.724533 0.2713
0.72469 0.2713
0.724847 0.2713
0.725004 0.2713
0.725161 0.2714
0.725318 0.2714
0.725475 0.2714
0.725632 0.2714
0.725789 0.2714
0.725946 0.2715
0.726103 0.2715
0.72626 0.2715
0.726417 0.2715
0.726574 0.2715
0.72673 0.2716
0.726887 0.2716
0.727044 0.2716
0.727201 0.2716
0.727358 0.2716
0.727515 0.2717
0.727672 0.2717
0.727829 0.2717
0.727986 0.2717
0.728143 0.2717
0.7283 0.2718
0.728457 0.2718
0.728614 0.2718
0.728771 0.2718
0.728928 0.2718
0.729085 0.2719
0.729242 0.2719
0.729399 0.2719
0.729556 0.2719
0.729713 0.2719
0.72987 0.2720
0.730027 0.2720
0.730184 0.2720
0.730341 0.2720
0.730498 0.2720
0.730655 0.2721
0.730811 0.2721
0.730968 0.2721
0.731125 0.2721
0.731282 0.2722
0.731439 0.2722
0.731596 0.2722
0.731753 0.2722
0.73191 0.2722
0.732067 0.2723
0.732224 0.2723
0.732381 0.2723
0.732538 0.2723
0.732695 0.2724
0.732852 0.2724
0.733009 0.2724
0.733166 0.2724
0.733323 0.2724
0.73348 0.2725
0.733637 0.2725
0.733794 0.2725
0.733951 0.2725
0.734108 0.2726
0.734265 0.2726
0.734422 0.2726
0.734579 0.2726
0.734736 0.2727
0.734892 0.2727
0.735049 0.2727
0.735206 0.2727
0.735363 0.2727
0.73552 0.2728
0.735677 0.2728
0.735834 0.2728
0.735991 0.2728
0.736148 0.2729
0.736305 0.2729
0.736462 0.2729
0.736619 0.2729
0.736776 0.2730
0.736933 0.2730
0.73709 0.2730
0.737247 0.2730
0.737404 0.2730
0.737561 0.2731
0.737718 0.2731
0.737875 0.2731
0.738032 0.2731
0.738189 0.2732
0.738346 0.2732
0.738503 0.2732
0.73866 0.2732
0.738817 0.2733
0.738973 0.2733
0.73913 0.2733
0.739287 0.2733
0.739444 0.2733
0.739601 0.2734
0.739758 0.2734
0.739915 0.2734
0.740072 0.2734
0.740229 0.2735
0.740386 0.2735
0.740543 0.2735
0.7407 0.2735
0.740857 0.2736
0.741014 0.2736
0.741171 0.2736
0.741328 0.2736
0.741485 0.2736
0.741642 0.2737
0.741799 0.2737
0.741956 0.2737
0.742113 0.2737
0.74227 0.2738
0.742427 0.2738
0.742584 0.2738
0.742741 0.2738
0.742898 0.2739
0.743054 0.2739
0.743211 0.2739
0.743368 0.2739
0.743525 0.2740
0.743682 0.2740
0.743839 0.2740
0.743996 0.2740
0.744153 0.2740
0.74431 0.2741
0.744467 0.2741
0.744624 0.2741
0.744781 0.2741
0.744938 0.2742
0.745095 0.2742
0.745252 0.2742
0.745409 0.2742
0.745566 0.2742
0.745723 0.2742
0.74588 0.2743
0.746037 0.2743
0.746194 0.2743
0.746351 0.2743
0.746508 0.2743
0.746665 0.2744
0.746822 0.2744
0.746978 0.2744
0.747135 0.2744
0.747292 0.2744
0.747449 0.2744
0.747606 0.2745
0.747763 0.2745
0.74792 0.2745
0.748077 0.2745
0.748234 0.2745
0.748391 0.2746
0.748548 0.2746
0.748705 0.2746
0.748862 0.2746
0.749019 0.2746
0.749176 0.2746
0.749333 0.2747
0.74949 0.2747
0.749647 0.2747
0.749804 0.2747
0.749961 0.2747
0.750118 0.2748
0.750275 0.2748
0.750432 0.2748
0.750589 0.2748
0.750746 0.2748
0.750903 0.2749
0.751059 0.2749
0.751216 0.2749
0.751373 0.2749
0.75153 0.2749
0.751687 0.2749
0.751844 0.2750
0.752001 0.2750
0.752158 0.2750
0.752315 0.2750
0.752472 0.2750
0.752629 0.2751
0.752786 0.2751
0.752943 0.2751
0.7531 0.2751
0.753257 0.2751
0.753414 0.2751
0.753571 0.2752
0.753728 0.2752
0.753885 0.2752
0.754042 0.2752
0.754199 0.2752
0.754356 0.2753
0.754513 0.2753
0.75467 0.2753
0.754827 0.2753
0.754984 0.2753
0.75514 0.2754
0.755297 0.2754
0.755454 0.2754
0.755611 0.2754
0.755768 0.2754
0.755925 0.2754
0.756082 0.2755
0.756239 0.2755
0.756396 0.2755
0.756553 0.2755
0.75671 0.2755
0.756867 0.2756
0.757024 0.2756
0.757181 0.2756
0.757338 0.2756
0.757495 0.2756
0.757652 0.2757
0.757809 0.2757
0.757966 0.2757
0.758123 0.2757
0.75828 0.2757
0.758437 0.2757
0.758594 0.2758
0.758751 0.2758
0.758908 0.2758
0.759065 0.2758
0.759221 0.2758
0.759378 0.2759
0.759535 0.2759
0.759692 0.2759
0.759849 0.2759
0.760006 0.2759
0.760163 0.2760
0.76032 0.2760
0.760477 0.2760
0.760634 0.2760
0.760791 0.2760
0.760948 0.2760
0.761105 0.2761
0.761262 0.2761
0.761419 0.2761
0.761576 0.2761
0.761733 0.2761
0.76189 0.2762
0.762047 0.2762
0.762204 0.2762
0.762361 0.2762
0.762518 0.2762
0.762675 0.2763
0.762832 0.2763
0.762989 0.2763
0.763146 0.2763
0.763302 0.2763
0.763459 0.2764
0.763616 0.2764
0.763773 0.2764
0.76393 0.2764
0.764087 0.2764
0.764244 0.2764
0.764401 0.2765
0.764558 0.2765
0.764715 0.2765
0.764872 0.2765
0.765029 0.2765
0.765186 0.2766
0.765343 0.2766
0.7655 0.2766
0.765657 0.2766
0.765814 0.2766
0.765971 0.2767
0.766128 0.2767
0.766285 0.2767
0.766442 0.2767
0.766599 0.2767
0.766756 0.2768
0.766913 0.2768
0.76707 0.2768
0.767226 0.2768
0.767383 0.2768
0.76754 0.2768
0.767697 0.2769
0.767854 0.2769
0.768011 0.2769
0.768168 0.2769
0.768325 0.2769
0.768482 0.2770
0.768639 0.2770
0.768796 0.2770
0.768953 0.2770
0.76911 0.2770
0.769267 0.2771
0.769424 0.2771
0.769581 0.2771
0.769738 0.2771
0.769895 0.2771
0.770052 0.2772
0.770209 0.2772
0.770366 0.2772
0.770523 0.2772
0.77068 0.2772
0.770837 0.2773
0.770994 0.2773
0.771151 0.2773
0.771307 0.2773
0.771464 0.2773
0.771621 0.2774
0.771778 0.2774
0.771935 0.2774
0.772092 0.2774
0.772249 0.2774
0.772406 0.2774
0.772563 0.2775
0.77272 0.2775
0.772877 0.2775
0.773034 0.2775
0.773191 0.2775
0.773348 0.2776
0.773505 0.2776
0.773662 0.2776
0.773819 0.2776
0.773976 0.2776
0.774133 0.2777
0.77429 0.2777
0.774447 0.2777
0.774604 0.2777
0.774761 0.2777
0.774918 0.2778
0.775075 0.2778
0.775232 0.2778
0.775388 0.2778
0.775545 0.2778
0.775702 0.2779
0.775859 0.2779
0.776016 0.2779
0.776173 0.2779
0.77633 0.2779
0.776487 0.2780
0.776644 0.2780
0.776801 0.2780
0.776958 0.2780
0.777115 0.2780
0.777272 0.2781
0.777429 0.2781
0.777586 0.2781
0.777743 0.2781
0.7779 0.2781
0.778057 0.2781
0.778214 0.2782
0.778371 0.2782
0.778528 0.2782
0.778685 0.2782
0.778842 0.2782
0.778999 0.2783
0.779156 0.2783
0.779313 0.2783
0.779469 0.2783
0.779626 0.2783
0.779783 0.2784
0.77994 0.2784
0.780097 0.2784
0.780254 0.2784
0.780411 0.2784
0.780568 0.2785
0.780725 0.2785
0.780882 0.2785
0.781039 0.2785
0.781196 0.2785
0.781353 0.2786
0.78151 0.2786
0.781667 0.2786
0.781824 0.2786
0.781981 0.2786
0.782138 0.2787
0.782295 0.2787
0.782452 0.2787
0.782609 0.2787
0.782766 0.2787
0.782923 0.2788
0.78308 0.2788
0.783237 0.2788
0.783394 0.2788
0.78355 0.2788
0.783707 0.2789
0.783864 0.2789
0.784021 0.2789
0.784178 0.2789
0.784335 0.2789
0.784492 0.2790
0.784649 0.2790
0.784806 0.2790
0.784963 0.2790
0.78512 0.2790
0.785277 0.2791
0.785434 0.2791
0.785591 0.2791
0.785748 0.2791
0.785905 0.2791
0.786062 0.2791
0.786219 0.2792
0.786376 0.2792
0.786533 0.2792
0.78669 0.2792
0.786847 0.2792
0.787004 0.2792
0.787161 0.2792
0.787318 0.2792
0.787474 0.2793
0.787631 0.2793
0.787788 0.2793
0.787945 0.2793
0.788102 0.2793
0.788259 0.2793
0.788416 0.2793
0.788573 0.2794
0.78873 0.2794
0.788887 0.2794
0.789044 0.2794
0.789201 0.2794
0.789358 0.2794
0.789515 0.2794
0.789672 0.2794
0.789829 0.2795
0.789986 0.2795
0.790143 0.2795
0.7903 0.2795
0.790457 0.2795
0.790614 0.2795
0.790771 0.2795
0.790928 0.2796
0.791085 0.2796
0.791242 0.2796
0.791399 0.2796
0.791555 0.2796
0.791712 0.2796
0.791869 0.2796
0.792026 0.2796
0.792183 0.2797
0.79234 0.2797
0.792497 0.2797
0.792654 0.2797
0.792811 0.2797
0.792968 0.2797
0.793125 0.2797
0.793282 0.2798
0.793439 0.2798
0.793596 0.2798
0.793753 0.2798
0.79391 0.2798
0.794067 0.2798
0.794224 0.2798
0.794381 0.2798
0.794538 0.2799
0.794695 0.2799
0.794852 0.2799
0.795009 0.2799
0.795166 0.2799
0.795323 0.2799
0.79548 0.2799
0.795636 0.2799
0.795793 0.2800
0.79595 0.2800
0.796107 0.2800
0.796264 0.2800
0.796421 0.2800
0.796578 0.2800
0.796735 0.2800
0.796892 0.2801
0.797049 0.2801
0.797206 0.2801
0.797363 0.2801
0.79752 0.2801
0.797677 0.2801
0.797834 0.2801
0.797991 0.2801
0.798148 0.2802
0.798305 0.2802
0.798462 0.2802
0.798619 0.2802
0.798776 0.2802
0.798933 0.2802
0.79909 0.2802
0.799247 0.2802
0.799404 0.2803
0.799561 0.2803
0.799717 0.2803
0.799874 0.2803
0.800031 0.2803
0.800188 0.2803
0.800345 0.2803
0.800502 0.2804
0.800659 0.2804
0.800816 0.2804
0.800973 0.2804
0.80113 0.2804
0.801287 0.2804
0.801444 0.2804
0.801601 0.2804
0.801758 0.2805
0.801915 0.2805
0.802072 0.2805
0.802229 0.2805
0.802386 0.2805
0.802543 0.2805
0.8027 0.2805
0.802857 0.2805
0.803014 0.2806
0.803171 0.2806
0.803328 0.2806
0.803485 0.2806
0.803642 0.2806
0.803798 0.2806
0.803955 0.2806
0.804112 0.2806
0.804269 0.2807
0.804426 0.2807
0.804583 0.2807
0.80474 0.2807
0.804897 0.2807
0.805054 0.2807
0.805211 0.2807
0.805368 0.2807
0.805525 0.2808
0.805682 0.2808
0.805839 0.2808
0.805996 0.2808
0.806153 0.2808
0.80631 0.2808
0.806467 0.2808
0.806624 0.2808
0.806781 0.2809
0.806938 0.2809
0.807095 0.2809
0.807252 0.2809
0.807409 0.2809
0.807566 0.2809
0.807722 0.2809
0.807879 0.2809
0.808036 0.2810
0.808193 0.2810
0.80835 0.2810
0.808507 0.2810
0.808664 0.2810
0.808821 0.2810
0.808978 0.2810
0.809135 0.2810
0.809292 0.2811
0.809449 0.2811
0.809606 0.2811
0.809763 0.2811
0.80992 0.2811
0.810077 0.2811
0.810234 0.2811
0.810391 0.2811
0.810548 0.2812
0.810705 0.2812
0.810862 0.2812
0.811019 0.2812
0.811176 0.2812
0.811333 0.2812
0.81149 0.2812
0.811647 0.2812
0.811803 0.2812
0.81196 0.2813
0.812117 0.2813
0.812274 0.2813
0.812431 0.2813
0.812588 0.2813
0.812745 0.2813
0.812902 0.2813
0.813059 0.2813
0.813216 0.2814
0.813373 0.2814
0.81353 0.2814
0.813687 0.2815
0.813844 0.2815
0.814001 0.2815
0.814158 0.2815
0.814315 0.2816
0.814472 0.2816
0.814629 0.2816
0.814786 0.2816
0.814943 0.2817
0.8151 0.2817
0.815257 0.2817
0.815414 0.2818
0.815571 0.2818
0.815728 0.2818
0.815884 0.2818
0.816041 0.2819
0.816198 0.2819
0.816355 0.2819
0.816512 0.2819
0.816669 0.2820
0.816826 0.2820
0.816983 0.2820
0.81714 0.2820
0.817297 0.2821
0.817454 0.2821
0.817611 0.2821
0.817768 0.2822
0.817925 0.2822
0.818082 0.2822
0.818239 0.2822
0.818396 0.2823
0.818553 0.2823
0.81871 0.2823
0.818867 0.2823
0.819024 0.2824
0.819181 0.2824
0.819338 0.2824
0.819495 0.2824
0.819652 0.2825
0.819809 0.2825
0.819965 0.2825
0.820122 0.2826
0.820279 0.2826
0.820436 0.2826
0.820593 0.2826
0.82075 0.2827
0.820907 0.2827
0.821064 0.2827
0.821221 0.2827
0.821378 0.2828
0.821535 0.2828
0.821692 0.2828
0.821849 0.2828
0.822006 0.2829
0.822163 0.2829
0.82232 0.2829
0.822477 0.2829
0.822634 0.2830
0.822791 0.2830
0.822948 0.2830
0.823105 0.2831
0.823262 0.2831
0.823419 0.2831
0.823576 0.2831
0.823733 0.2832
0.823889 0.2832
0.824046 0.2832
0.824203 0.2832
0.82436 0.2833
0.824517 0.2833
0.824674 0.2833
0.824831 0.2833
0.824988 0.2834
0.825145 0.2834
0.825302 0.2834
0.825459 0.2835
0.825616 0.2835
0.825773 0.2835
0.82593 0.2835
0.826087 0.2836
0.826244 0.2836
0.826401 0.2836
0.826558 0.2836
0.826715 0.2837
0.826872 0.2837
0.827029 0.2837
0.827186 0.2837
0.827343 0.2837
0.8275 0.2837
0.827657 0.2837
0.827814 0.2837
0.82797 0.2837
0.828127 0.2837
0.828284 0.2837
0.828441 0.2837
0.828598 0.2838
0.828755 0.2838
0.828912 0.2838
0.829069 0.2838
0.829226 0.2838
0.829383 0.2838
0.82954 0.2838
0.829697 0.2838
0.829854 0.2838
0.830011 0.2838
0.830168 0.2838
0.830325 0.2838
0.830482 0.2839
0.830639 0.2839
0.830796 0.2839
0.830953 0.2839
0.83111 0.2839
0.831267 0.2839
0.831424 0.2839
0.831581 0.2839
0.831738 0.2839
0.831895 0.2839
0.832051 0.2839
0.832208 0.2839
0.832365 0.2839
0.832522 0.2840
0.832679 0.2840
0.832836 0.2840
0.832993 0.2840
0.83315 0.2840
0.833307 0.2840
0.833464 0.2840
0.833621 0.2840
0.833778 0.2840
0.833935 0.2840
0.834092 0.2840
0.834249 0.2840
0.834406 0.2840
0.834563 0.2840
0.83472 0.2841
0.834877 0.2841
0.835034 0.2841
0.835191 0.2841
0.835348 0.2841
0.835505 0.2841
0.835662 0.2841
0.835819 0.2841
0.835976 0.2841
0.836132 0.2841
0.836289 0.2841
0.836446 0.2841
0.836603 0.2841
0.83676 0.2841
0.836917 0.2842
0.837074 0.2842
0.837231 0.2842
0.837388 0.2842
0.837545 0.2842
0.837702 0.2842
0.837859 0.2842
0.838016 0.2842
0.838173 0.2842
0.83833 0.2842
0.838487 0.2842
0.838644 0.2842
0.838801 0.2842
0.838958 0.2842
0.839115 0.2842
0.839272 0.2843
0.839429 0.2843
0.839586 0.2843
0.839743 0.2843
0.8399 0.2843
0.840057 0.2843
0.840213 0.2843
0.84037 0.2843
0.840527 0.2843
0.840684 0.2843
0.840841 0.2843
0.840998 0.2843
0.841155 0.2843
0.841312 0.2843
0.841469 0.2843
0.841626 0.2843
0.841783 0.2842
0.84194 0.2842
0.842097 0.2842
0.842254 0.2842
0.842411 0.2842
0.842568 0.2842
0.842725 0.2842
0.842882 0.2842
0.843039 0.2842
0.843196 0.2842
0.843353 0.2842
0.84351 0.2842
0.843667 0.2842
0.843824 0.2842
0.843981 0.2842
0.844137 0.2842
0.844294 0.2842
0.844451 0.2842
0.844608 0.2842
0.844765 0.2842
0.844922 0.2841
0.845079 0.2841
0.845236 0.2841
0.845393 0.2841
0.84555 0.2841
0.845707 0.2841
0.845864 0.2841
0.846021 0.2841
0.846178 0.2841
0.846335 0.2841
0.846492 0.2841
0.846649 0.2841
0.846806 0.2841
0.846963 0.2841
0.84712 0.2841
0.847277 0.2841
0.847434 0.2840
0.847591 0.2840
0.847748 0.2840
0.847905 0.2840
0.848062 0.2840
0.848218 0.2840
0.848375 0.2840
0.848532 0.2840
0.848689 0.2840
0.848846 0.2840
0.849003 0.2840
0.84916 0.2840
0.849317 0.2840
0.849474 0.2840
0.849631 0.2839
0.849788 0.2839
0.849945 0.2839
0.850102 0.2839
0.850259 0.2839
0.850416 0.2839
0.850573 0.2839
0.85073 0.2839
0.850887 0.2839
0.851044 0.2839
0.851201 0.2839
0.851358 0.2839
0.851515 0.2838
0.851672 0.2838
0.851829 0.2838
0.851986 0.2838
0.852143 0.2838
0.852299 0.2838
0.852456 0.2838
0.852613 0.2838
0.85277 0.2838
0.852927 0.2838
0.853084 0.2838
0.853241 0.2837
0.853398 0.2837
0.853555 0.2837
0.853712 0.2837
0.853869 0.2837
0.854026 0.2837
0.854183 0.2837
0.85434 0.2837
0.854497 0.2837
0.854654 0.2837
0.854811 0.2837
0.854968 0.2837
0.855125 0.2837
0.855282 0.2837
0.855439 0.2837
0.855596 0.2837
0.855753 0.2837
0.85591 0.2837
0.856067 0.2837
0.856224 0.2837
0.85638 0.2837
0.856537 0.2837
0.856694 0.2837
0.856851 0.2837
0.857008 0.2837
0.857165 0.2837
0.857322 0.2837
0.857479 0.2837
0.857636 0.2837
0.857793 0.2837
0.85795 0.2837
0.858107 0.2837
0.858264 0.2837
0.858421 0.2837
0.858578 0.2837
0.858735 0.2837
0.858892 0.2837
0.859049 0.2836
0.859206 0.2836
0.859363 0.2836
0.85952 0.2836
0.859677 0.2836
0.859834 0.2836
0.859991 0.2836
0.860148 0.2836
0.860305 0.2836
0.860461 0.2836
0.860618 0.2836
0.860775 0.2836
0.860932 0.2836
0.861089 0.2836
0.861246 0.2836
0.861403 0.2836
0.86156 0.2836
0.861717 0.2836
0.861874 0.2836
0.862031 0.2836
0.862188 0.2836
0.862345 0.2836
0.862502 0.2836
0.862659 0.2836
0.862816 0.2836
0.862973 0.2836
0.86313 0.2836
0.863287 0.2835
0.863444 0.2835
0.863601 0.2835
0.863758 0.2835
0.863915 0.2835
0.864072 0.2835
0.864229 0.2835
0.864385 0.2835
0.864542 0.2835
0.864699 0.2835
0.864856 0.2835
0.865013 0.2835
0.86517 0.2835
0.865327 0.2835
0.865484 0.2835
0.865641 0.2835
0.865798 0.2835
0.865955 0.2835
0.866112 0.2835
0.866269 0.2834
0.866426 0.2834
0.866583 0.2834
0.86674 0.2834
0.866897 0.2834
0.867054 0.2834
0.867211 0.2834
0.867368 0.2834
0.867525 0.2834
0.867682 0.2834
0.867839 0.2834
0.867996 0.2834
0.868153 0.2833
0.86831 0.2833
0.868466 0.2833
0.868623 0.2833
0.86878 0.2833
0.868937 0.2833
0.869094 0.2832
0.869251 0.2832
0.869408 0.2832
0.869565 0.2832
0.869722 0.2832
0.869879 0.2832
0.870036 0.2831
0.870193 0.2831
0.87035 0.2831
0.870507 0.2831
0.870664 0.2831
0.870821 0.2831
0.870978 0.2830
0.871135 0.2830
0.871292 0.2830
0.871449 0.2830
0.871606 0.2830
0.871763 0.2830
0.87192 0.2829
0.872077 0.2829
0.872234 0.2829
0.872391 0.2829
0.872547 0.2829
0.872704 0.2828
0.872861 0.2828
0.873018 0.2828
0.873175 0.2828
0.873332 0.2828
0.873489 0.2828
0.873646 0.2827
0.873803 0.2827
0.87396 0.2827
0.874117 0.2827
0.874274 0.2827
0.874431 0.2826
0.874588 0.2826
0.874745 0.2826
0.874902 0.2826
0.875059 0.2826
0.875216 0.2825
0.875373 0.2825
0.87553 0.2825
0.875687 0.2825
0.875844 0.2825
0.876001 0.2824
0.876158 0.2824
0.876315 0.2824
0.876472 0.2824
0.876628 0.2823
0.876785 0.2823
0.876942 0.2823
0.877099 0.2823
0.877256 0.2823
0.877413 0.2822
0.87757 0.2822
0.877727 0.2822
0.877884 0.2822
0.878041 0.2821
0.878198 0.2821
0.878355 0.2821
0.878512 0.2821
0.878669 0.2821
0.878826 0.2820
0.878983 0.2820
0.87914 0.2820
0.879297 0.2820
0.879454 0.2819
0.879611 0.2819
0.879768 0.2819
0.879925 0.2819
0.880082 0.2818
0.880239 0.2818
0.880396 0.2818
0.880553 0.2818
0.880709 0.2817
0.880866 0.2817
0.881023 0.2817
0.88118 0.2817
0.881337 0.2816
0.881494 0.2816
0.881651 0.2816
0.881808 0.2815
0.881965 0.2815
0.882122 0.2815
0.882279 0.2814
0.882436 0.2814
0.882593 0.2814
0.88275 0.2813
0.882907 0.2813
0.883064 0.2812
0.883221 0.2812
0.883378 0.2812
0.883535 0.2811
0.883692 0.2811
0.883849 0.2811
0.884006 0.2810
0.884163 0.2810
0.88432 0.2810
0.884477 0.2809
0.884633 0.2809
0.88479 0.2808
0.884947 0.2808
0.885104 0.2808
0.885261 0.2807
0.885418 0.2807
0.885575 0.2803
0.885732 0.2800
0.885889 0.2796
0.886046 0.2793
0.886203 0.2789
0.88636 0.2786
0.886517 0.2782
0.886674 0.2779
0.886831 0.2776
0.886988 0.2772
0.887145 0.2769
0.887302 0.2765
0.887459 0.2762
0.887616 0.2759
0.887773 0.2755
0.88793 0.2752
0.888087 0.2749
0.888244 0.2746
0.888401 0.2742
0.888558 0.2739
0.888714 0.2736
0.888871 0.2733
0.889028 0.2729
0.889185 0.2726
0.889342 0.2723
0.889499 0.2720
0.889656 0.2717
0.889813 0.2714
0.88997 0.2711
0.890127 0.2707
0.890284 0.2704
0.890441 0.2701
0.890598 0.2698
0.890755 0.2695
0.890912 0.2692
0.891069 0.2689
0.891226 0.2686
0.891383 0.2683
0.89154 0.2680
0.891697 0.2677
0.891854 0.2674
0.892011 0.2671
0.892168 0.2669
0.892325 0.2666
0.892482 0.2663
0.892639 0.2660
0.892795 0.2657
0.892952 0.2654
0.893109 0.2652
0.893266 0.2649
0.893423 0.2646
0.89358 0.2643
0.893737 0.2640
0.893894 0.2638
0.894051 0.2635
0.894208 0.2632
0.894365 0.2630
0.894522 0.2627
0.894679 0.2624
0.894836 0.2621
0.894993 0.2268
0.89515 0.2270
0.895307 0.2271
0.895464 0.2272
0.895621 0.2274
0.895778 0.2275
0.895935 0.2276
0.896092 0.2278
0.896249 0.2279
0.896406 0.2280
0.896563 0.2280
0.89672 0.2281
0.896876 0.2283
0.897033 0.2284
0.89719 0.2285
0.897347 0.2286
0.897504 0.2287
0.897661 0.2289
0.897818 0.2290
0.897975 0.2291
0.898132 0.2292
0.898289 0.2293
0.898446 0.2294
0.898603 0.2295
0.89876 0.2295
0.898917 0.2297
0.899074 0.2297
0.899231 0.2298
0.899388 0.2299
0.899545 0.2300
0.899702 0.2301
0.899859 0.2302
0.900016 0.2303
0.900173 0.2303
0.90033 0.2304
0.900487 0.2305
0.900644 0.2306
0.900801 0.2307
0.900957 0.2308
0.901114 0.2309
0.901271 0.2310
0.901428 0.2310
0.901585 0.2311
0.901742 0.2311
0.901899 0.2312
0.902056 0.2312
0.902213 0.2313
0.90237 0.2314
0.902527 0.2314
0.902684 0.2315
0.902841 0.2315
0.902998 0.2316
0.903155 0.2316
0.903312 0.2317
0.903469 0.2317
0.903626 0.2318
0.903783 0.2319
0.90394 0.2319
0.904097 0.2320
0.904254 0.2320
0.904411 0.2321
0.904568 0.2321
0.904725 0.2322
0.904881 0.2322
0.905038 0.2323
0.905195 0.2323
0.905352 0.2324
0.905509 0.2324
0.905666 0.2325
0.905823 0.2325
0.90598 0.2326
0.906137 0.2325
0.906294 0.2326
0.906451 0.2325
0.906608 0.2326
0.906765 0.2325
0.906922 0.2326
0.907079 0.2325
0.907236 0.2326
0.907393 0.2325
0.90755 0.2325
0.907707 0.2325
0.907864 0.2325
0.908021 0.2326
0.908178 0.2326
0.908335 0.2326
0.908492 0.2326
0.908649 0.2327
0.908806 0.2326
0.908962 0.2327
0.909119 0.2328
0.909276 0.2327
0.909433 0.2328
0.90959 0.2328
0.909747 0.2328
0.909904 0.2328
0.910061 0.2328
0.910218 0.2328
0.910375 0.2329
0.910532 0.2328
0.910689 0.2329
0.910846 0.2328
0.911003 0.2329
0.91116 0.2329
0.911317 0.2329
0.911474 0.2329
0.911631 0.2329
0.911788 0.2329
0.911945 0.2329
0.912102 0.2329
0.912259 0.2329
0.912416 0.2330
0.912573 0.2329
0.91273 0.2330
0.912887 0.2329
0.913043 0.2330
0.9132 0.2329
0.913357 0.2330
0.913514 0.2329
0.913671 0.2330
0.913828 0.2329
0.913985 0.2330
0.914142 0.2330
0.914299 0.2330
0.914456 0.2330
0.914613 0.2330
0.91477 0.2331
0.914927 0.2330
0.915084 0.2331
0.915241 0.2330
0.915398 0.2335
0.915555 0.2340
0.915712 0.2344
0.915869 0.2349
0.916026 0.2353
0.916183 0.2358
0.91634 0.2362
0.916497 0.2367
0.916654 0.2373
0.916811 0.2378
0.916968 0.2384
0.917124 0.2388
0.917281 0.2394
0.917438 0.2400
0.917595 0.2406
0.917752 0.2412
0.917909 0.2418
0.918066 0.2423
0.918223 0.2429
0.91838 0.2435
0.918537 0.2440
0.918694 0.2446
0.918851 0.2451
0.919008 0.2457
0.919165 0.2463
0.919322 0.2468
0.919479 0.2474
0.919636 0.2480
0.919793 0.2484
0.91995 0.2490
0.920107 0.2495
0.920264 0.2501
0.920421 0.2508
0.920578 0.2513
0.920735 0.2519
0.920892 0.2525
0.921049 0.2530
0.921205 0.2536
0.921362 0.2541
0.921519 0.2547
0.921676 0.2552
0.921833 0.2557
0.92199 0.2563
0.922147 0.2567
0.922304 0.2573
0.922461 0.2579
0.922618 0.2583
0.922775 0.2589
0.922932 0.2595
0.923089 0.2600
0.923246 0.2599
0.923403 0.2598
0.92356 0.2598
0.923717 0.2596
0.923874 0.2596
0.924031 0.2594
0.924188 0.2594
0.924345 0.2592
0.924502 0.2592
0.924659 0.2590
0.924816 0.2590
0.924973 0.2588
0.925129 0.2588
0.925286 0.2586
0.925443 0.2586
0.9256 0.2584
0.925757 0.2583
0.925914 0.2582
0.926071 0.2581
0.926228 0.2580
0.926385 0.2579
0.926542 0.2578
0.926699 0.2577
0.926856 0.2576
0.927013 0.2575
0.92717 0.2574
0.927327 0.2573
0.927484 0.2572
0.927641 0.2572
0.927798 0.2572
0.927955 0.2571
0.928112 0.2571
0.928269 0.2571
0.928426 0.2571
0.928583 0.2570
0.92874 0.2570
0.928897 0.2569
0.929054 0.2569
0.92921 0.2569
0.929367 0.2568
0.929524 0.2568
0.929681 0.2568
0.929838 0.2567
0.929995 0.2567
0.930152 0.2567
0.930309 0.2566
0.930466 0.2566
0.930623 0.2565
0.93078 0.2565
0.930937 0.2564
0.931094 0.2564
0.931251 0.2564
0.931408 0.2563
0.931565 0.2563
0.931722 0.2562
0.931879 0.2562
0.932036 0.2561
0.932193 0.2561
0.93235 0.2560
0.932507 0.2560
0.932664 0.2559
0.932821 0.2559
0.932978 0.2558
0.933135 0.2558
0.933291 0.2558
0.933448 0.2557
0.933605 0.2556
0.933762 0.2556
0.933919 0.2555
0.934076 0.2554
0.934233 0.2535
0.93439 0.2516
0.934547 0.2498
0.934704 0.2480
0.934861 0.2462
0.935018 0.2433
0.935175 0.2413
0.935332 0.2395
0.935489 0.2376
0.935646 0.2357
0.935803 0.2343
0.93596 0.2329
0.936117 0.2315
0.936274 0.2301
0.936431 0.2288
0.936588 0.2274
0.936745 0.2261
0.936902 0.2247
0.937059 0.2233
0.937216 0.2220
0.937372 0.2196
0.937529 0.2195
0.937686 0.2193
0.937843 0.2192
0.938 0.2191
0.938157 0.2189
0.938314 0.2188
0.938471 0.2187
0.938628 0.2186
0.938785 0.2184
0.938942 0.2183
0.939099 0.2181
0.939256 0.2180
0.939413 0.2179
0.93957 0.2180
0.939727 0.2181
0.939884 0.2181
0.940041 0.2182
0.940198 0.2182
0.940355 0.2182
0.940512 0.2183
0.940669 0.2183
0.940826 0.2184
0.940983 0.2184
0.94114 0.2184
0.941296 0.2185
0.941453 0.2185
0.94161 0.2185
0.941767 0.2186
0.941924 0.2186
0.942081 0.2186
0.942238 0.2187
0.942395 0.2187
0.942552 0.2187
0.942709 0.2188
0.942866 0.2188
0.943023 0.2188
0.94318 0.2188
0.943337 0.2189
0.943494 0.2189
0.943651 0.2189
0.943808 0.2190
0.943965 0.2190
0.944122 0.2190
0.944279 0.2190
0.944436 0.2190
0.944593 0.2191
0.94475 0.2191
0.944907 0.2188
0.945064 0.2187
0.945221 0.2185
0.945377 0.2184
0.945534 0.2182
0.945691 0.2181
0.945848 0.2179
0.946005 0.2177
0.946162 0.2176
0.946319 0.2174
0.946476 0.2173
0.946633 0.2171
0.94679 0.2169
0.946947 0.2168
0.947104 0.2166
0.947261 0.2164
0.947418 0.2163
0.947575 0.2161
0.947732 0.2159
0.947889 0.2157
0.948046 0.2156
0.948203 0.2154
0.94836 0.2152
0.948517 0.2150
0.948674 0.2148
0.948831 0.2147
0.948988 0.2145
0.949145 0.2143
0.949302 0.2141
0.949458 0.2139
0.949615 0.2137
0.949772 0.2135
0.949929 0.2133
0.950086 0.2131
0.950243 0.2133
0.9504 0.2134
0.950557 0.2135
0.950714 0.2136
0.950871 0.2136
0.951028 0.2137
0.951185 0.2138
0.951342 0.2138
0.951499 0.2139
0.951656 0.2140
0.951813 0.2140
0.95197 0.2141
0.952127 0.2142
0.952284 0.2143
0.952441 0.2143
0.952598 0.2144
0.952755 0.2144
0.952912 0.2145
0.953069 0.2146
0.953226 0.2146
0.953383 0.2147
0.953539 0.2148
0.953696 0.2148
0.953853 0.2149
0.95401 0.2150
0.954167 0.2150
0.954324 0.2151
0.954481 0.2151
0.954638 0.2152
0.954795 0.2153
0.954952 0.2153
0.955109 0.2154
0.955266 0.2154
0.955423 0.2155
0.95558 0.2155
0.955737 0.2156
0.955894 0.2156
0.956051 0.2157
0.956208 0.2157
0.956365 0.2158
0.956522 0.2158
0.956679 0.2159
0.956836 0.2159
0.956993 0.2160
0.95715 0.2160
0.957307 0.2161
0.957464 0.2161
0.95762 0.2162
0.957777 0.2162
0.957934 0.2162
0.958091 0.2163
0.958248 0.2163
0.958405 0.2164
0.958562 0.2164
0.958719 0.2165
0.958876 0.2165
0.959033 0.2165
0.95919 0.2166
0.959347 0.2166
0.959504 0.2166
0.959661 0.2167
0.959818 0.2167
0.959975 0.2167
0.960132 0.2168
0.960289 0.2168
0.960446 0.2168
0.960603 0.2169
0.96076 0.2169
0.960917 0.2169
0.961074 0.2169
0.961231 0.2170
0.961388 0.2170
0.961544 0.2170
0.961701 0.2170
0.961858 0.2171
0.962015 0.2171
0.962172 0.2171
0.962329 0.2171
0.962486 0.2171
0.962643 0.2171
0.9628 0.2172
0.962957 0.2172
0.963114 0.2172
0.963271 0.2172
0.963428 0.2172
0.963585 0.2172
0.963742 0.2172
0.963899 0.2173
0.964056 0.2173
0.964213 0.2173
0.96437 0.2173
0.964527 0.2173
0.964684 0.2173
0.964841 0.2173
0.964998 0.2173
0.965155 0.2174
0.965312 0.2174
0.965469 0.2174
0.965625 0.1063
0.965782 0.1063
0.965939 0.1064
0.966096 0.1064
0.966253 0.1064
0.96641 0.1064
0.966567 0.1064
0.966724 0.1064
0.966881 0.1064
0.967038 0.1065
0.967195 0.1065
0.967352 0.1065
0.967509 0.1065
0.967666 0.1065
0.967823 0.1065
0.96798 0.1066
0.968137 0.1066
0.968294 0.1066
0.968451 0.1066
0.968608 0.1066
0.968765 0.1067
0.968922 0.1067
0.969079 0.1067
0.969236 0.1067
0.969393 0.1067
0.96955 0.1068
0.969706 0.1068
0.969863 0.1068
0.97002 0.1068
0.970177 0.1069
0.970334 0.1069
0.970491 0.1069
0.970648 0.1070
0.970805 0.1070
0.970962 0.1070
0.971119 0.1071
0.971276 0.1071
0.971433 0.1072
0.97159 0.1072
0.971747 0.1072
0.971904 0.1073
0.972061 0.1073
0.972218 0.1074
0.972375 0.1074
0.972532 0.1075
0.972689 0.1076
0.972846 0.1076
0.973003 0.1077
0.97316 0.1077
0.973317 0.1078
0.973474 0.1079
0.973631 0.1080
0.973787 0.1080
0.973944 0.1081
0.974101 0.1082
0.974258 0.1083
0.974415 0.1084
0.974572 0.1085
0.974729 0.1086
0.974886 0.1086
0.975043 0.1088
0.9752 0.1089
0.975357 0.1090
0.975514 0.1091
0.975671 0.1092
0.975828 0.1093
0.975985 0.1094
0.976142 0.1096
0.976299 0.1097
0.976456 0.1098
0.976613 0.1100
0.97677 0.1101
0.976927 0.1103
0.977084 0.1102
0.977241 0.1102
0.977398 0.1103
0.977555 0.1103
0.977712 0.1103
0.977868 0.1104
0.978025 0.1104
0.978182 0.1105
0.978339 0.1105
0.978496 0.1105
0.978653 0.1106
0.97881 0.1106
0.978967 0.1107
0.979124 0.1107
0.979281 0.1108
0.979438 0.1108
0.979595 0.1108
0.979752 0.1109
0.979909 0.1109
0.980066 0.1110
0.980223 0.1110
0.98038 0.1110
0.980537 0.1111
0.980694 0.1111
0.980851 0.1111
0.981008 0.1111
0.981165 0.1111
0.981322 0.1112
0.981479 0.1112
0.981636 0.1112
0.981792 0.1111
0.981949 0.1111
0.982106 0.1111
0.982263 0.1111
0.98242 0.1113
0.982577 0.1115
0.982734 0.1116
0.982891 0.1117
0.983048 0.1118
0.983205 0.1119
0.983362 0.1121
0.983519 0.1122
0.983676 0.1122
0.983833 0.1123
0.98399 0.1124
0.984147 0.1125
0.984304 0.1125
0.984461 0.1126
0.984618 0.1126
0.984775 0.1126
0.984932 0.1126
0.985089 0.1126
0.985246 0.1126
0.985403 0.1126
0.98556 0.1125
0.985717 0.1125
0.985873 0.1124
0.98603 0.1123
0.986187 0.1122
0.986344 0.1121
0.986501 0.1119
0.986658 0.1118
0.986815 0.1116
0.986972 0.1114
0.987129 0.1112
0.987286 0.1110
0.987443 0.1107
0.9876 0.1105
0.987757 0.1106
0.987914 0.1106
0.988071 0.1106
0.988228 0.1105
0.988385 0.1104
0.988542 0.1103
0.988699 0.1102
0.988856 0.1101
0.989013 0.1099
0.98917 0.1097
0.989327 0.1095
0.989484 0.1093
0.989641 0.1090
0.989798 0.1087
0.989954 0.1084
0.990111 0.1081
0.990268 0.1077
0.990425 0.1073
0.990582 0.1069
0.990739 0.1065
0.990896 0.1060
0.991053 0.1055
0.99121 0.1049
0.991367 0.1044
0.991524 0.1038
0.991681 0.1031
0.991838 0.1024
0.991995 0.1017
0.992152 0.1010
0.992309 0.1002
0.992466 0.0994
0.992623 0.0986
0.99278 0.0977
0.992937 0.0968
0.993094 0.1015
0.993251 0.1047
0.993408 0.1076
0.993565 0.1101
0.993722 0.1122
0.993879 0.1141
0.994035 0.1158
0.994192 0.1172
0.994349 0.1184
0.994506 0.1195
0.994663 0.1203
0.99482 0.1210
0.994977 0.1216
0.995134 0.1220
0.995291 0.1222
0.995448 0.1223
0.995605 0.1223
0.995762 0.1222
0.995919 0.1219
0.996076 0.1215
0.996233 0.1130
0.99639 0.1124
0.996547 0.1117
0.996704 0.1109
0.996861 0.1100
0.997018 0.1090
0.997175 0.1078
0.997332 0.1066
0.997489 0.1052
0.997646 0.1037
0.997803 0.0930
0.99796 0.0915
0.998116 0.0900
0.998273 0.0883
0.99843 0.0856
0.998587 0.0829
0.998744 0.0800
0.998901 0.0770
0.999058 0.0739
0.999215 0.0707
0.999372 0.0674
0.999529 0.0640
