> XY_LONLAT
53.902396 27.993924
53.864037 28.035940
53.793063 28.035362
53.768216 28.082711
53.867488 28.222507
53.929879 28.223017
54.066622 28.408896
54.128983 28.412851
54.296000 28.641313
54.295205 28.737965
54.326664 28.783997
54.390295 28.779411
54.426615 28.828928
54.425833 28.923802
54.660531 29.246157
54.725398 29.246694
54.756836 29.294506
54.753563 29.389360
54.791123 29.433779
54.924434 29.438220
55.053826 29.624170
55.250822 29.625816
55.318541 29.716153
55.657475 29.715669
55.687659 29.768475
55.684431 29.856551
55.753366 29.953792
55.749321 30.138519
55.886051 30.324549
55.885262 30.417756
55.952935 30.511544
55.949797 30.597955
56.051294 30.739582
56.113662 30.740112
56.342061 31.069252
56.348670 31.159079
56.378790 31.208554
56.441233 31.209088
56.571794 31.389858
56.642703 31.393910
56.840844 31.675369
56.909374 31.675959
57.039913 31.856738
57.110846 31.857352
57.239990 32.050011
57.374588 32.047847
57.436117 32.143263
57.504643 32.143860
57.566213 32.234279
57.637142 32.234898
57.767605 32.420802
57.969376 32.426016
58.068442 32.562543
58.063512 32.840477
58.101014 32.886582
58.297913 32.888319
58.335399 32.936091
58.334559 33.031076
58.402280 33.121557
58.392375 33.679204
58.328069 33.765073
58.323892 33.956577
58.391603 34.047058
58.385016 34.791276
58.313275 34.885524
58.303508 35.709376
58.371142 35.806634
58.369419 36.272806
58.438321 36.361633
58.427717 37.287139
58.495251 37.384397
58.492411 37.569137
58.555117 37.659576
58.558392 37.840926
58.687423 38.037059
58.685453 38.123480
58.953329 38.498844
58.950092 38.592142
59.217995 38.960741
59.214756 39.053928
59.276176 39.151140
59.281468 39.239293
59.343027 39.329730
59.340021 39.521245
59.469088 39.707174
59.475642 39.797116
59.535911 39.887543
59.542339 39.982484
59.801620 40.356141
59.800758 40.451127
>
58.083886 31.080908
58.149512 30.993382
58.147922 30.618732
58.188700 30.576650
58.322016 30.577827
58.421103 30.714359
58.417778 30.809211
58.449212 30.853596
58.582523 30.854778
58.620033 30.900886
58.619175 30.997537
58.512771 31.135581
58.444315 31.134975
58.378657 31.225942
58.182991 31.224214
58.083886 31.080908
>
-59.652777 -35.703542
-59.585660 -35.795687
-59.516399 -35.792862
-59.482263 -35.842383
-59.481850 -35.932265
-59.457545 -35.976476
-59.384633 -35.982237
-59.321189 -36.069236
-59.250801 -36.076639
-59.088529 -36.306940
-59.086861 -36.401944
-59.053888 -36.446342
-58.984731 -36.446954
-58.950506 -36.496362
-58.954650 -36.681081
-59.023390 -36.770351
-59.021801 -36.865353
-58.988824 -36.909640
-58.715660 -36.912051
-58.520399 -37.190179
-58.316498 -37.195298
-58.179715 -37.383026
-57.842305 -37.385961
-57.778871 -37.478056
-57.510705 -37.480374
-57.374314 -37.293350
-57.306334 -37.290490
-57.167582 -37.110370
-56.964978 -37.115437
-56.897390 -37.016026
-55.949575 -37.030824
-55.882046 -36.936402
-55.748596 -36.939296
-55.681042 -36.841540
-55.610723 -36.848903
-55.543214 -36.756144
-55.411274 -36.940331
-55.211077 -36.941991
-55.141091 -36.852804
-55.078057 -36.849881
-54.934448 -36.671421
-54.736727 -36.667937
-54.664321 -36.578653
-54.263947 -36.581924
-54.191836 -36.677498
-53.251341 -36.679966
-53.180401 -36.772076
-52.982745 -36.776982
-52.877624 -36.920243
-52.883277 -37.010076
-52.778014 -37.146559
-52.308443 -37.150259
-52.142353 -36.926034
-52.136671 -36.831201
-52.105325 -36.778898
-52.036203 -36.784437
-51.937441 -36.644558
-51.930824 -36.273324
-51.793481 -36.086195
-51.827728 -36.043601
-51.959974 -36.044238
-52.065115 -35.902769
-52.059421 -35.806159
-52.126681 -35.719200
-52.094258 -35.673682
-52.031182 -35.674174
-51.992526 -35.628704
-51.986722 -34.884512
-51.950581 -34.839022
-51.887633 -34.844623
-51.820157 -34.746827
-51.481666 -34.749450
-51.312966 -34.984720
-51.318596 -35.074443
-51.213441 -35.214345
-51.144241 -35.218209
-51.109994 -35.260911
-51.117779 -35.632025
-51.084797 -35.681494
-50.740078 -35.680682
-50.678829 -35.591382
-50.407014 -35.593443
-50.270942 -35.406273
-50.002859 -35.408289
-49.928008 -35.317307
-49.865054 -35.322888
-49.794044 -35.409852
-49.393766 -35.416163
-49.325107 -35.318351
-49.255880 -35.318863
-49.018816 -35.001986
-49.019200 -34.723909
-49.083997 -34.628556
-49.085808 -34.533555
-49.150583 -34.446644
-49.045831 -34.304990
-48.980315 -34.302139
-48.944140 -34.259966
-48.945990 -34.170076
-48.841166 -34.028530
-48.775701 -34.032343
-48.639732 -33.848583
-48.569282 -33.845653
-48.501927 -33.756378
-48.431559 -33.753445
-48.331738 -33.618521
-48.333479 -33.523632
-48.297357 -33.476456
-48.029352 -33.478393
-47.893309 -33.291175
-47.690816 -33.295960
-47.623479 -33.206676
-47.487684 -33.210978
-47.420289 -33.113138
-47.148575 -33.115066
-46.911571 -32.793004
-46.907842 -32.608167
-46.840474 -32.512098
-46.842270 -32.422209
-46.773751 -32.334591
-46.911938 -32.143756
-46.902082 -31.962406
-46.840859 -31.864516
-46.835290 -31.774679
-46.766765 -31.685283
-46.764802 -31.405668
-46.697495 -31.316264
-46.698031 -31.219606
-46.630740 -31.131978
-46.631197 -30.850569
-46.694787 -30.756803
-46.692862 -30.482187
-46.656676 -30.433336
-46.592541 -30.437118
-46.524033 -30.347831
-46.258545 -30.344570
-46.183789 -30.251879
-46.118417 -30.252332
-46.089703 -30.206759
-46.084146 -30.116921
-45.979445 -29.975219
-45.913996 -29.975671
-45.846703 -29.884591
-45.776320 -29.885075
-45.745171 -29.837851
-45.743902 -29.653107
-45.675413 -29.563701
-45.677188 -29.468702
-45.571340 -29.333890
-45.500939 -29.330927
-45.439899 -29.241578
-45.370736 -29.242050
-45.302232 -29.149196
-44.894933 -29.150287
-44.727996 -28.925997
-44.727894 -28.549605
-44.858722 -28.362306
-44.826304 -28.316753
-44.757254 -28.320550
-44.657543 -28.178795
-44.653901 -27.997511
-44.623900 -27.950163
-44.554820 -27.948959
-44.486364 -27.859541
-44.417193 -27.856669
-44.347492 -27.762147
-44.151267 -27.772005
-44.112665 -27.719713
-44.105949 -27.072180
-44.340730 -26.746777
-44.951482 -26.742681
-45.017482 -26.649026
-45.353078 -26.650081
-45.420321 -26.739499
-45.453335 -26.695169
-45.455194 -26.600280
-45.519892 -26.506628
-45.514345 -26.416790
-45.586571 -26.324753
-45.583379 -25.858616
-45.514850 -25.769208
-45.511161 -25.584481
-45.479941 -25.535479
-45.409708 -25.539402
-45.174334 -25.215493
-45.168759 -25.120655
-45.101536 -25.031234
-45.103317 -24.936235
-45.034885 -24.846933
-45.036748 -24.751934
-44.968237 -24.662520
-44.964553 -24.476126
-44.828857 -24.288845
-44.825107 -24.104118
-44.796450 -24.061873
-44.733542 -24.058963
-44.695013 -24.015117
-44.696801 -23.920229
-44.659555 -23.874708
-44.590425 -23.871727
-44.383881 -23.601923
-44.321000 -23.602342
-43.911593 -23.049022
-43.841260 -23.046042
-43.780218 -22.956679
-43.711189 -22.955355
-43.575478 -22.768049
-43.502779 -22.773635
-43.374514 -22.586387
-43.169839 -22.591052
-43.101434 -22.498286
-43.032422 -22.498732
-42.963906 -22.400856
-42.760574 -22.412275
-42.692052 -22.312729
-42.497326 -22.317420
-42.428841 -22.222870
-41.887573 -22.222967
-41.820423 -22.133513
-40.403688 -22.149045
>
-59.505353 -37.876490
-59.467434 -37.920934
-59.401952 -37.926517
-59.334395 -37.835574
-59.271379 -37.836135
-59.163909 -37.701549
-59.160540 -37.604924
-59.265605 -37.459897
-59.499610 -37.786663
-59.505353 -37.876490
>
-53.224253 -37.466749
-53.186336 -37.516267
-53.120867 -37.513345
-53.017170 -37.378521
-53.017631 -37.283641
-53.051903 -37.234152
-53.121082 -37.235379
-53.218596 -37.376917
-53.224253 -37.466749
>
-58.956597 -37.606730
-58.858982 -37.743243
-58.725530 -37.747753
-58.689186 -37.695523
-58.692530 -37.514071
-58.723082 -37.469808
-58.857742 -37.465176
-58.956597 -37.606730
>
-49.158679 -35.368796
-49.120743 -35.418180
-48.986039 -35.422616
-48.957233 -35.370279
-48.951634 -35.280443
-48.989570 -35.231059
-49.055071 -35.230578
-49.158679 -35.368796
>
-40.403688 -22.149045
-40.073250 -22.147600
-40.009630 -22.237859
-39.674259 -22.236534
-39.604674 -22.153849
-39.534352 -22.150824
-39.503253 -22.098460
-39.505164 -22.012017
-39.466672 -21.966474
-39.395702 -22.058437
-39.266374 -21.874450
-38.790444 -21.877243
-38.723192 -21.970843
-38.456822 -21.965611
-38.384647 -22.061015
-38.252711 -22.065107
-38.187916 -22.151912
-38.053474 -22.156126
-37.955722 -22.302441
-37.953720 -22.390662
-37.817888 -22.577853
-37.828464 -23.130380
-37.723209 -23.268291
-37.588744 -23.272496
-37.523967 -23.366071
-37.384532 -23.363523
-37.216779 -23.138940
-37.220638 -22.947391
-37.077838 -22.759993
-37.079762 -22.670217
-36.912008 -22.440517
-36.843034 -22.447676
-36.774601 -22.348069
-36.640235 -22.352254
-36.573126 -22.257637
-36.305572 -22.259103
-36.237285 -22.169599
-36.033813 -22.170704
-35.965495 -22.074533
-35.902619 -22.073095
-35.728727 -21.848619
-35.723279 -21.751996
-35.662448 -21.664224
-35.664354 -21.567561
-35.589923 -21.474751
-35.591858 -21.383198
-35.286351 -20.971109
-35.216125 -20.968148
-35.116762 -20.833026
-35.115049 -20.738160
-35.014471 -20.601377
-34.945397 -20.601740
-34.813779 -20.414236
-34.675734 -20.418290
-34.604984 -20.328894
-34.542124 -20.327443
-34.475058 -20.231250
-34.341944 -20.235271
-34.272386 -20.140755
-34.202114 -20.142783
-34.135097 -20.055029
-34.001953 -20.052267
-33.932490 -19.959413
-33.869644 -19.959734
-33.795167 -19.865127
-33.732338 -19.868889
-33.664110 -19.779359
-33.529760 -19.776705
-33.461455 -19.687174
-32.115476 -19.693810
-32.050625 -19.780554
-31.911300 -19.784668
-31.845193 -19.879860
-31.712062 -19.878829
-31.645936 -19.970686
-31.575722 -19.967576
-31.512040 -20.064531
-31.441825 -20.061419
-31.310796 -20.250231
-31.247946 -20.250527
-31.016477 -20.575451
-31.011999 -20.672013
-30.743697 -21.039426
-30.738826 -21.314074
-30.813202 -21.410383
-30.811634 -21.595140
-30.847559 -21.640745
-30.910422 -21.640453
-31.084177 -21.871942
-31.083304 -21.961821
-31.221069 -22.149259
-31.219059 -22.237478
-31.186005 -22.288514
-30.983742 -22.289459
-30.885713 -22.427228
-30.887019 -22.708624
-30.846574 -22.752805
-30.783685 -22.749764
-30.718745 -22.844939
-30.613274 -22.703113
-30.618152 -22.428465
-30.511484 -22.288198
-30.174837 -22.289733
-30.144272 -22.339087
-30.142174 -22.428861
-30.109103 -22.478225
-29.498727 -22.477515
-29.436671 -22.388026
-29.304695 -22.385165
-29.198077 -22.249987
-29.200166 -22.155103
-29.062473 -21.970956
-29.064504 -21.881072
-28.960376 -21.739103
-28.825937 -21.743131
-28.790025 -21.697516
-28.791627 -21.507648
-29.028181 -21.186224
-29.160103 -21.182203
-29.228329 -21.281889
-29.293663 -21.274825
-29.360636 -21.364405
-29.562812 -21.368620
-29.668279 -21.229171
-29.669067 -21.134182
-29.563674 -20.999005
-29.500818 -20.999284
-29.462370 -20.946906
-29.464396 -20.857133
-29.261050 -20.583405
-29.254496 -20.213823
-29.326790 -20.120296
-29.323552 -19.935561
-29.291281 -19.889932
-29.222215 -19.890236
-29.183798 -19.842967
-29.186718 -19.661537
-29.220978 -19.608839
-30.025825 -19.605254
-30.098182 -19.511718
-30.162236 -19.511428
-30.332507 -19.280021
-30.334601 -19.190248
-30.398225 -19.096638
-30.359813 -19.051042
-30.296975 -19.051329
-30.130743 -18.818230
-30.120060 -18.635195
-30.059204 -18.537151
-30.061317 -18.450599
-29.993137 -18.357699
-29.988995 -18.262843
-29.918330 -18.173285
-29.920406 -18.078290
-29.853459 -17.988827
-29.848106 -17.893865
-29.888528 -17.849579
-29.957573 -17.849268
-30.056706 -17.984467
-30.054720 -18.081128
-30.158866 -18.216303
-30.224134 -18.219340
-30.295165 -18.122364
-30.428269 -18.125200
-30.494386 -18.031689
-30.564644 -18.031367
-30.591551 -17.982028
-30.593987 -17.704058
-30.558035 -17.665229
-30.087316 -17.663932
-29.913777 -17.430750
-29.916668 -17.247653
-29.950941 -17.201728
-30.019883 -17.198084
-30.117844 -17.058662
-30.115317 -16.500867
-30.180242 -16.414141
-30.181855 -15.951425
-30.114909 -15.858409
-30.107021 -15.204098
-30.043763 -15.121396
-30.039694 -15.024762
-29.971461 -14.930084
-29.976843 -14.745310
-29.907426 -14.655747
-29.902098 -14.566006
-29.835163 -14.471321
-29.834729 -14.374671
-29.773954 -14.285179
-29.763280 -14.100365
-29.635647 -13.912853
-29.630324 -13.823001
-29.560898 -13.728324
-29.563788 -13.543561
-29.496861 -13.447206
-29.491547 -13.359132
-29.430786 -13.269525
-29.432860 -13.172975
-29.362263 -13.085078
-29.361417 -12.893555
-29.223916 -12.711077
-29.225999 -12.616082
-29.157906 -12.526617
-29.159910 -12.431622
-29.090608 -12.342050
-29.085294 -12.252309
-28.956424 -12.064678
-28.952299 -11.969710
-28.579527 -11.461066
-28.510578 -11.468139
-28.478434 -11.422506
-28.480440 -11.325956
-28.442099 -11.283683
-28.379320 -11.280618
-28.274079 -11.138644
-28.276117 -11.048760
-28.239070 -11.006590
-28.175003 -11.003418
-28.139159 -10.959466
-28.139967 -10.864587
-28.108958 -10.818948
-28.038878 -10.824354
-27.766499 -10.449110
-27.701242 -10.449383
-27.636814 -10.358109
-27.564217 -10.358411
-27.501089 -10.268908
-27.369354 -10.266008
-27.295165 -10.173105
-27.098204 -10.177245
-27.030144 -10.082647
-26.691681 -10.080572
-26.626808 -10.175819
-26.495102 -10.179678
-26.424061 -10.266393
-26.358914 -10.273540
-26.287870 -10.360253
-26.225053 -10.365611
-26.152797 -10.452328
-26.088856 -10.459356
-26.016516 -10.546071
-25.687912 -10.554127
-25.619847 -10.454405
-25.415537 -10.458523
-25.348727 -10.369014
-25.144407 -10.369791
-25.079490 -10.459801
-24.679487 -10.464743
-24.573129 -10.322714
-24.575223 -10.234609
-24.536894 -10.187202
-24.474140 -10.187434
-24.367790 -10.045513
-24.368866 -9.679341
-24.433760 -9.582451
-24.438013 -9.401018
-24.501619 -9.305909
-24.500593 -9.027843
-24.572923 -8.937700
-24.567653 -8.842845
-24.705990 -8.655804
-24.702803 -8.471066
-24.800746 -8.331721
-24.939779 -8.334533
-25.037702 -8.191853
-24.968494 -8.100572
-24.971434 -7.917477
-25.106106 -7.728774
-25.105747 -7.633790
-25.169359 -7.547117
-25.170431 -7.170836
-25.235328 -7.084158
-25.239517 -6.892504
-25.201210 -6.846878
-25.068354 -6.849159
-24.970439 -6.988507
-24.968277 -7.078280
-24.897276 -7.171866
-24.905742 -7.451459
-24.833526 -7.545049
-24.831382 -7.639932
-24.765290 -7.733387
-24.769334 -7.823248
-24.633416 -8.005171
-24.630418 -8.196709
-24.565608 -8.290158
-24.568711 -8.475007
-24.503898 -8.568455
-24.499555 -8.746445
-24.435947 -8.839887
-24.440007 -8.934858
-24.368990 -9.031771
-24.366807 -9.118211
-24.235876 -9.306884
-24.238970 -9.491623
-24.166716 -9.583428
-24.172987 -9.954683
-24.104357 -10.046474
-24.099787 -10.143032
-24.034951 -10.236586
-24.038015 -10.414548
-24.004959 -10.463771
-23.401830 -10.465924
-23.333838 -10.376399
-23.264864 -10.374864
-23.194454 -10.285346
-23.125488 -10.285586
-22.958509 -10.050534
-22.960681 -9.955541
-22.922384 -9.913347
-22.859539 -9.910119
-22.828657 -9.866121
-22.823428 -9.776375
-22.692284 -9.588630
-22.688330 -9.493658
-22.249429 -8.896789
-22.186676 -8.893555
-22.049466 -8.714373
-21.986720 -8.712914
-21.849496 -8.526840
-21.779333 -8.525404
-21.748465 -8.481401
-21.743251 -8.391543
-21.676495 -8.296886
-21.679520 -8.112126
-21.809387 -7.928618
-21.810581 -7.555670
-21.673484 -7.374702
-21.674378 -7.278047
-21.234504 -6.681114
-21.101634 -6.678094
-21.032421 -6.588549
-20.962278 -6.586993
-20.901774 -6.497420
-20.767618 -6.494397
-20.630550 -6.306631
-20.561646 -6.313621
-20.493712 -6.217290
-20.359663 -6.221036
-20.299080 -6.128013
-20.157606 -6.128444
-20.089675 -6.030332
-19.823983 -6.031131
-19.756083 -5.941458
-19.417845 -5.942456
-19.351161 -5.852775
-18.950129 -5.852266
-18.882243 -5.762584
-18.208195 -5.761135
-18.143243 -5.856187
-18.074399 -5.854709
-18.009426 -5.943094
-17.671206 -5.950780
-17.473625 -5.673234
-17.404779 -5.670083
-17.370475 -5.714166
-17.373395 -5.905796
-17.335377 -5.948222
-17.069697 -5.952355
-17.004705 -6.038953
-16.933373 -6.042468
-16.770405 -6.276846
-16.771335 -6.644677
-16.733326 -6.693988
-16.668106 -6.694152
-16.603119 -6.787523
-16.330043 -6.781423
-16.267100 -6.691703
-16.195988 -6.788529
-15.794897 -6.786162
-15.727044 -6.696448
-15.658107 -6.693167
-15.626082 -6.650916
-15.628273 -6.554259
-15.561630 -6.462874
-15.556494 -6.369678
-15.493558 -6.276617
-15.489979 -5.813807
-15.561183 -5.722099
-15.554317 -5.440713
-15.625447 -5.354115
-15.587215 -5.308434
-15.524507 -5.308581
-15.457862 -5.210418
-15.322618 -5.212398
-15.217756 -5.071883
-15.222046 -4.799026
-15.048082 -4.568791
-14.709914 -4.569549
-14.614307 -4.705406
-14.620038 -5.075004
-14.582011 -5.119081
-14.510688 -5.122682
-14.445690 -5.217698
-14.312852 -5.214653
-14.279751 -5.263828
-14.277445 -5.353708
-14.148721 -5.542177
-14.386800 -5.863727
-14.453215 -5.860250
-14.485323 -5.909284
-14.483032 -6.004274
-14.617570 -6.187063
-14.620601 -6.465013
-14.417001 -6.741750
-14.417815 -7.116468
-14.281628 -7.298068
-14.282832 -7.857536
-14.184757 -7.996724
-13.848834 -7.997434
-13.782197 -7.904365
-13.646807 -7.901200
-13.580171 -7.806463
-13.510112 -7.811605
-13.342256 -7.581424
-13.344288 -6.747437
-13.306050 -6.694966
-13.210404 -6.840913
-13.208083 -6.930793
-13.174965 -6.979962
-13.106114 -6.980098
-13.043196 -6.881904
-12.834613 -7.165489
-12.771881 -7.162166
-12.642301 -6.984442
-12.572234 -6.981131
-12.505619 -6.884716
-12.370263 -6.888302
-12.301237 -6.793556
-12.232300 -6.790240
-12.200213 -6.746195
-12.196423 -6.658104
-12.235674 -6.608817
-12.305812 -6.608687
-12.369580 -6.522138
-12.573763 -6.511645
-12.636666 -6.608066
-12.769528 -6.609589
-12.905728 -6.421132
-13.108714 -6.419068
-13.173680 -6.332397
-13.307815 -6.328797
-13.478326 -6.096155
-13.472462 -5.630016
-13.543612 -5.538329
-13.545846 -5.448450
-13.575257 -5.404396
-13.641664 -5.399150
-13.676071 -5.354975
-13.672999 -5.077023
-13.574310 -4.941580
-13.504264 -4.938279
-13.276097 -4.618344
-13.267950 -4.252305
-13.169269 -4.110078
-13.100440 -4.106771
-13.038776 -4.017128
-12.967450 -4.013824
-12.900876 -3.925856
-12.765648 -3.922674
-12.699061 -3.826149
-12.564976 -3.829849
-12.499695 -3.740097
-12.434500 -3.738553
-12.364213 -3.642032
-12.161315 -3.645851
-12.093534 -3.550989
-12.024721 -3.552781
-11.992654 -3.510512
-11.997223 -3.318977
-11.928167 -3.229227
-11.923091 -3.139361
-11.893506 -3.086866
-11.759516 -3.090549
-11.690466 -3.000796
-11.620447 -3.000919
-11.552594 -2.902719
-11.221924 -2.903286
-11.154092 -2.813526
-11.092696 -2.813629
-11.017839 -2.906961
-10.886270 -2.910623
-10.750073 -3.092261
-10.684980 -3.099143
-10.613809 -3.185689
-10.551051 -3.192566
-10.417338 -3.374194
-10.145628 -3.374615
-10.079084 -3.278065
-10.016400 -3.281492
-9.879627 -3.096948
-9.809522 -3.093719
-9.609943 -2.819386
-9.205469 -2.816516
-9.135250 -2.728515
-9.037058 -2.864185
-9.037181 -2.954060
-8.939067 -3.091505
-7.528848 -3.096699
-7.361319 -2.866256
-7.363709 -2.769712
-6.787550 -1.987113
-6.722372 -1.983736
-6.654691 -1.894040
-6.451843 -1.897573
-6.386760 -1.990844
-6.321666 -1.990906
-6.250375 -2.082515
-6.117688 -2.082639
-5.813681 -1.664199
-5.816013 -1.567656
-5.914248 -1.428479
-6.189590 -1.435004
-6.254844 -1.524818
-6.352992 -1.389079
-6.354188 -1.292537
-6.317252 -1.246801
-6.247171 -1.246868
-6.184414 -1.153607
-5.917711 -1.157295
-5.851258 -1.067478
-5.781178 -1.065874
-5.712224 -0.969281
-5.643432 -0.966007
-5.611418 -0.923596
-5.615858 -0.364233
-5.441140 -0.140635
-5.174475 -0.140848
-5.109392 -0.235773
-5.040608 -0.232493
-4.910158 -0.047730
-4.838879 -0.044450
-4.803251 -0.002038
-4.805597 0.094505
-4.773671 0.140253
-4.704813 0.140204
-4.634682 0.233474
-4.572026 0.233430
-4.366641 0.511250
-4.306404 0.511210
-4.235078 0.599373
-4.165014 0.602662
-4.104803 0.692499
-4.033535 0.692456
-3.935124 0.834820
-3.936279 0.924584
-3.867454 1.019530
-3.862487 1.114401
-3.834195 1.161933
-3.699001 1.155080
-3.630180 1.253360
-3.090763 1.251309
-3.026953 1.154739
-2.891753 1.158011
-2.762833 0.969762
-2.692774 0.973178
-2.626459 0.876499
-2.556400 0.879915
-2.525737 0.834133
-2.523276 0.740813
-2.288727 0.420331
-2.218666 0.413531
-2.087213 0.235515
-1.751787 0.232085
-1.686659 0.138749
-1.552729 0.135384
-1.487595 0.047160
-1.080803 0.048858
-0.982529 0.182712
-0.982473 0.559099
-1.015645 0.601431
-1.078297 0.601441
-1.312898 0.925323
-1.320232 1.296491
-1.078131 1.623620
-1.015490 1.616834
-0.680005 2.083054
-0.609959 2.083047
-0.548521 2.172806
-0.478477 2.172801
-0.211893 2.538954
-0.140645 2.542396
0.062068 2.827130
0.259783 2.823802
0.328609 2.913570
0.663980 2.913595
0.733926 3.008588
0.796556 3.008595
0.827301 3.054370
0.829693 3.240787
0.797811 3.283221
0.726570 3.283213
0.695815 3.332313
0.697003 3.518841
0.865287 3.749382
1.131796 3.746089
1.200599 3.842643
2.140167 3.842880
2.204028 3.746359
3.146106 3.743296
3.212383 3.843313
3.277500 3.843344
3.344987 3.931587
3.612692 3.938505
3.685266 3.843559
3.747887 3.845371
3.884348 3.657256
4.149651 3.660749
4.219542 3.750669
4.282247 3.747376
4.312944 3.701625
4.317911 3.615086
4.356019 3.562563
4.489878 3.566096
4.656822 3.796733
4.652926 4.071356
4.686053 4.120594
4.753583 4.118865
4.857872 4.259697
4.855389 4.352904
4.887227 4.398698
5.021149 4.402242
5.088607 4.492058
5.222452 4.488830
5.289900 4.585536
5.353802 4.585587
5.557431 4.862047
5.826310 4.860612
5.892537 4.958989
6.161495 4.955790
6.225483 4.860975
7.236129 4.862001
7.301332 4.775530
7.573919 4.772503
7.636643 4.675923
7.707865 4.679449
7.773085 4.584539
7.906922 4.588142
7.976827 4.683100
8.039445 4.679843
8.110780 4.590054
8.377265 4.581943
8.441278 4.495481
8.710256 4.492496
8.781604 4.401049
8.844221 4.401132
8.915574 4.308019
9.378605 4.308658
9.449957 4.222217
9.915418 4.216120
9.986779 4.129796
10.315904 4.121857
10.387271 4.035536
10.656269 4.032519
10.720247 3.939414
11.128006 3.940086
11.193271 3.851987
11.662448 3.854574
11.727733 3.759703
12.064269 3.760307
12.136882 3.667231
12.333368 3.665927
12.404772 3.576185
12.873965 3.580413
13.004573 3.392584
13.073317 3.392719
13.138630 3.296196
13.476396 3.296874
13.541695 3.210576
14.144796 3.208392
14.181570 3.252575
14.181367 3.347449
14.247503 3.437467
14.244691 3.622211
14.282651 3.674841
14.345275 3.674976
14.374640 3.719145
14.380562 3.809033
14.412417 3.854873
14.477534 3.855015
14.512996 3.907641
14.512799 3.997516
14.548363 4.039921
14.613390 4.043508
14.679502 4.138529
14.752021 4.138690
14.811944 4.228700
14.883181 4.225415
14.950572 4.322220
15.147043 4.319333
15.351466 4.601207
15.486603 4.598077
15.546580 4.693204
15.617797 4.696704
15.715670 4.829139
15.720140 5.014012
15.654887 5.110399
15.652172 5.203712
15.684012 5.249558
15.752736 5.249721
15.815211 5.339635
15.883930 5.341577
15.953709 5.438286
16.085127 5.435271
16.154837 5.525206
16.288731 5.528977
16.348608 5.624111
16.686265 5.621509
16.754839 5.711558
16.893557 5.715243
16.955931 5.805278
17.560067 5.810185
17.624126 5.717146
17.890626 5.721304
17.962093 5.628289
18.097120 5.628657
18.161263 5.537290
18.231192 5.537482
18.296559 5.441009
18.430373 5.444713
18.501851 5.351703
18.564539 5.351879
18.636023 5.257204
18.701037 5.260720
18.772530 5.164270
19.369339 5.162654
19.436574 5.259504
19.507783 5.263046
19.537192 5.305571
19.541556 5.490335
19.610012 5.580303
19.607312 5.676948
19.676957 5.772140
19.674276 5.861897
19.736611 5.951959
19.740029 6.046956
19.875781 6.232113
19.875491 6.328765
19.907216 6.374631
19.969914 6.368043
20.038335 6.464792
20.242127 6.468855
20.309377 6.552160
20.505845 6.556099
20.574260 6.651297
20.708151 6.648270
20.775351 6.745134
21.181731 6.746421
21.244043 6.834719
21.314027 6.838388
21.376309 6.935242
21.510124 6.928898
21.577304 7.027436
21.648504 7.027668
21.715709 7.117653
21.779587 7.117863
21.846778 7.211405
21.917976 7.211640
21.977854 7.301603
22.050258 7.301844
22.112519 7.400371
22.250004 7.400832
22.381979 7.579362
22.450749 7.582928
22.580199 7.768120
22.651391 7.768363
22.780918 7.951893
22.920805 7.952375
22.988034 8.050928
23.984704 8.047686
24.053049 8.144587
24.194205 8.148545
24.256464 8.236872
24.325238 8.237124
24.394875 8.330589
24.591220 8.331316
24.658358 8.424886
25.261058 8.427157
25.463362 8.153303
25.597157 8.147042
25.734125 7.966154
25.796707 7.966397
25.868261 7.873467
25.933339 7.873721
26.003689 7.780677
26.137466 7.781203
26.202906 7.689919
26.336685 7.690449
26.408249 7.597525
26.604602 7.601755
26.674971 7.507051
26.808747 7.509258
26.939357 7.696317
27.074436 7.693424
27.445413 8.206992
27.442628 8.296746
27.573211 8.482152
27.570344 8.571906
27.639924 8.667183
27.642853 8.851948
27.809976 9.084838
27.875042 9.085112
27.940913 9.180376
28.272303 9.173340
28.340566 9.271952
28.473106 9.272520
28.541482 9.362580
28.611356 9.366326
28.679707 9.461498
28.876032 9.459018
28.945607 9.549198
29.009855 9.459603
29.144812 9.458529
29.216382 9.368968
29.278967 9.365800
29.347308 9.461090
29.409877 9.461368
29.547693 9.648401
29.610333 9.650458
29.679815 9.740535
29.748574 9.740843
29.816847 9.831027
30.616893 9.841455
30.686448 9.929988
30.817769 9.930598
30.886026 10.020682
30.951066 10.024430
31.018090 10.119619
31.755579 10.121449
31.819812 10.025104
31.952320 10.029186
32.026440 9.934557
32.291510 9.932511
32.356989 9.846398
32.426433 9.936504
32.628913 9.939276
32.698432 10.029385
32.760996 10.029694
32.829272 10.126686
32.899144 10.128700
32.958846 10.218874
33.095066 10.219553
33.160876 10.309760
33.295791 10.313770
33.433488 10.499328
33.494824 10.502971
33.564325 10.593200
33.695632 10.593867
33.765129 10.684099
34.095122 10.685790
34.164587 10.781025
34.704436 10.783833
34.771424 10.874061
35.305155 10.876886
35.367185 10.975538
35.500897 10.976254
35.569159 11.066498
35.835392 11.064490
35.902335 11.159840
36.107289 11.159177
36.176639 11.254544
36.637978 11.257081
36.707428 11.347343
36.841114 11.351419
36.908039 11.446780
37.041780 11.440750
37.109960 11.541119
37.244904 11.535100
37.310607 11.632125
37.444325 11.629436
37.544193 11.768984
37.542368 11.863962
37.610594 11.954115
37.610054 12.049100
37.672087 12.139331
37.676441 12.235899
37.744670 12.324499
37.741627 12.421136
37.773279 12.467089
37.837025 12.467453
37.904006 12.562713
38.241310 12.562987
38.440828 12.840442
39.380416 12.844300
39.447290 12.939575
39.580982 12.937040
39.649128 13.034103
39.711663 13.034478
39.843056 13.213246
39.911678 13.216992
39.973708 13.314022
40.056780 13.360296
40.094500 13.409741
40.139718 13.640542
40.186066 13.684929
>
-37.969037 -25.075744
-37.938488 -25.120023
-37.868155 -25.120424
-37.835127 -25.169715
-37.833160 -25.264713
-37.768329 -25.351513
-37.771303 -25.448149
-37.733302 -25.490692
-37.466830 -25.492197
-37.401968 -25.589215
-37.268711 -25.586518
-37.197672 -25.678458
-36.454991 -25.682566
-36.387687 -25.779587
-35.651219 -25.783572
-35.576644 -25.687319
-35.380521 -25.691808
-35.306958 -25.785407
-34.907215 -25.784183
-34.807868 -25.649056
-34.806902 -25.464311
-34.838651 -25.413263
-34.907792 -25.416234
-34.975123 -25.321005
-35.044263 -25.323974
-35.109077 -25.227091
-35.311428 -25.226021
-35.377539 -25.130684
-35.847585 -25.133279
-35.912412 -25.041387
-36.249198 -25.039562
-36.387540 -24.850612
-36.450451 -24.853712
-36.521464 -24.756670
-36.584455 -24.759657
-36.655483 -24.666057
-37.055160 -24.667288
-37.193021 -24.846160
-37.262158 -24.849217
-37.324332 -24.936967
-37.667276 -24.938479
-37.735610 -25.027857
-37.866592 -24.845805
-37.936932 -24.847071
-37.965558 -24.891013
-37.969037 -25.075744
>
-37.504236 -26.649819
-37.406286 -26.789350
-37.069421 -26.792901
-37.002096 -26.886595
-36.870045 -26.887328
-36.805141 -26.980896
-36.399180 -26.979683
-36.330844 -26.890292
-36.196367 -26.891025
-36.128007 -26.796410
-36.058869 -26.796784
-36.026510 -26.749522
-36.025510 -26.564777
-36.057382 -26.522166
-36.126499 -26.518458
-36.193851 -26.428217
-36.325793 -26.424054
-36.396933 -26.332123
-37.001421 -26.328791
-37.069851 -26.419952
-37.406626 -26.418069
-37.503730 -26.559946
-37.504236 -26.649819
>
-34.738724 -25.645974
-34.635800 -25.785601
-34.570455 -25.782496
-34.540563 -25.740324
-34.538382 -25.553807
-34.569046 -25.511321
-34.703513 -25.513954
-34.739486 -25.559538
-34.738724 -25.645974
>
-35.888584 -27.024894
-35.858057 -27.077606
-35.724771 -27.074879
-35.686312 -27.036091
-35.688221 -26.939539
-35.720060 -26.890153
-35.854555 -26.892874
-35.890625 -26.938451
-35.888584 -27.024894
>
40.186066 13.684929
40.451122 14.056055
40.850956 14.056845
40.912915 14.148772
41.047849 14.149608
41.184043 14.335210
41.253858 14.339089
41.321965 14.436058
41.990299 14.433489
42.054698 14.340687
42.187137 14.341530
42.224813 14.394319
42.224262 14.480750
42.292294 14.574507
42.289287 14.667699
42.351200 14.762972
42.348259 15.222343
42.417466 15.319442
42.416900 15.407650
42.516605 15.547274
42.585201 15.551048
42.653320 15.641365
42.850653 15.642640
42.918734 15.738071
42.981221 15.741809
43.118567 15.922460
43.181155 15.922868
43.249148 16.018190
43.452678 16.016191
43.552250 16.159163
43.548611 16.711852
43.476902 16.804592
43.473278 16.989325
43.407667 17.083883
43.407055 17.177090
43.341480 17.266539
43.338449 17.361397
43.274081 17.450854
43.270440 17.639031
43.308133 17.685050
43.478831 17.452197
43.475123 17.270749
43.545564 17.174668
43.544371 16.989792
43.607483 16.896997
43.611191 16.712265
43.682915 16.617749
43.682853 16.249902
43.789180 16.111622
44.384993 16.115593
44.456722 16.022863
45.186153 16.027806
45.255391 16.124823
45.726192 16.128061
45.794182 16.218410
46.060177 16.221924
46.129446 16.312285
46.190745 16.312713
46.259964 16.409852
46.324934 16.413640
46.392924 16.502329
46.462818 16.502819
46.524687 16.593133
46.661958 16.597433
46.722619 16.687740
46.864812 16.688746
47.225281 17.196476
47.222101 17.293109
47.290102 17.388473
47.282933 18.222552
47.350844 18.317916
47.347791 18.407773
47.385476 18.450372
47.450369 18.450837
47.485606 18.498641
47.484925 18.593514
47.516492 18.637847
47.578962 18.639963
47.646900 18.730331
47.717974 18.730844
47.784736 18.827982
47.849625 18.828451
47.949189 18.964713
47.946010 19.059680
48.182678 19.380144
48.243924 19.383924
48.313012 19.479418
48.377975 19.479893
48.445975 19.570159
48.578308 19.571130
48.646211 19.663175
48.779747 19.664159
48.848893 19.761326
48.982402 19.765758
49.044219 19.854318
49.177832 19.855310
49.246940 19.945704
49.315593 19.946216
49.377391 20.036557
49.446017 20.040403
49.515081 20.135909
49.580038 20.136396
49.645525 20.226656
49.851367 20.231649
49.913118 20.326994
50.177780 20.325665
50.246950 20.416070
50.442936 20.417562
50.510846 20.514626
50.918790 20.517756
50.980574 20.606446
51.050424 20.606985
51.149761 20.750182
51.146605 20.846704
51.276248 21.025801
51.282884 21.122398
51.412545 21.308275
51.409318 21.403129
51.540215 21.583797
51.539474 21.678782
51.607273 21.775968
51.604190 21.862379
51.673285 21.957799
51.672582 22.047673
51.740429 22.138084
51.737278 22.232938
51.798968 22.330078
51.805581 22.418344
52.168980 22.934818
52.233963 22.928554
52.301752 23.024081
52.364273 23.024576
52.433277 23.118337
52.504304 23.118901
52.566069 23.214271
52.635811 23.214826
52.697613 23.305199
52.831049 23.309709
52.967926 23.495564
53.232478 23.492580
53.301504 23.591460
53.633313 23.597589
53.702713 23.501496
54.307571 23.506439
54.369348 23.596828
54.437882 23.597392
54.499521 23.694447
54.633084 23.692217
54.732325 23.832025
54.735689 24.016813
54.797332 24.112315
54.795786 24.298729
54.730168 24.382955
54.726960 24.479586
54.492905 24.798065
54.423099 24.797490
54.326420 24.942458
54.323193 25.032312
54.292221 25.081164
54.221215 25.080581
54.123370 25.212099
54.121389 25.306963
54.089121 25.357583
54.020605 25.357022
53.889394 25.537378
53.818313 25.536798
53.714412 25.674939
53.713640 25.769813
53.647954 25.865937
53.650644 26.137267
53.578879 26.231564
53.576532 26.975809
53.638205 27.066190
53.637461 27.157732
53.706484 27.251506
53.703295 27.337917
53.764921 27.433410
53.770310 27.530000
53.831976 27.620383
53.835306 27.811949
53.903157 27.900716
53.902396 27.993924
>
46.229128 16.085784
46.267485 16.035281
46.401071 16.039549
46.431453 16.083869
46.428296 16.178725
46.397377 16.222614
46.263691 16.221677
46.226021 16.173975
46.229128 16.085784
>
45.830730 15.894922
45.864138 15.851048
46.060316 15.855744
46.098024 15.898446
46.093702 15.988295
46.063990 16.032083
45.860446 16.035779
45.830073 15.989796
45.830730 15.894922
>
41.290876 14.112125
41.315716 14.059731
41.519274 14.062671
41.556990 14.110347
41.556446 14.196889
41.521800 14.249220
41.319465 14.244510
41.287846 14.198540
41.290876 14.112125
>
54.070708 23.273963
54.101688 23.225000
54.304975 23.226667
54.336460 23.272699
54.335679 23.367684
54.303456 23.411415
54.105043 23.413231
54.067486 23.363706
54.070708 23.273963
>
53.404514 23.268545
53.435569 23.219579
53.566546 23.220640
53.668290 23.362229
53.569174 23.500412
53.500652 23.498190
53.401340 23.363399
53.404514 23.268545
>
46.496893 16.364074
46.593476 16.225659
46.725877 16.226593
46.764747 16.274417
46.659566 16.412659
46.527193 16.408282
46.496893 16.364074
>
46.998660 16.315071
47.030100 16.367844
47.027004 16.464367
46.996013 16.506586
46.998660 16.315071
>
18.225167 35.266648
18.468882 35.545296
18.690547 35.824001
18.890159 36.133092
19.155848 36.381387
19.400683 36.660073
19.710567 36.845862
20.021543 37.062109
20.221148 37.340689
20.375203 37.712457
20.530542 38.052015
20.795996 38.330818
21.040791 38.577458
21.306380 38.825730
21.505698 39.135013
21.727013 39.444263
21.926474 39.722895
22.169975 39.969574
22.480716 40.187605
22.947217 40.219765
23.302089 40.375217
23.612774 40.593302
23.857380 40.840048
24.078527 41.149377
24.321888 41.397803
24.744127 41.490921
25.143058 41.585645
25.654784 41.587617
26.166430 41.589629
26.633184 41.530505
27.078025 41.469546
27.544669 41.440928
28.012647 41.381906
28.457431 41.321152
28.924225 41.262079
29.435977 41.264345
29.947648 41.266650
30.392028 41.299238
30.812837 41.424958
31.212975 41.518389
31.523491 41.706294
31.833851 41.923100
31.987299 42.262924
32.141775 42.634975
32.295191 42.974695
32.449640 43.345088
32.670452 43.624155
32.913245 43.903451
33.178092 44.152314
33.376771 44.461847
33.531280 44.801714
33.796067 45.050491
34.038927 45.297610
34.460771 45.393018
34.926353 45.519238
35.371622 45.552168
35.881841 45.554928
36.347899 45.588038
36.814973 45.653294
37.213490 45.747082
37.569008 45.903422
37.879147 46.089962
38.143798 46.339025
38.386180 46.618412
38.606709 46.897791
38.760711 47.268224
38.958953 47.577926
39.223503 47.827034
39.465966 48.076020
39.776028 48.262651
39.974800 48.472395
>
39.974800 48.472395
40.041454 48.542351
40.283950 48.789590
40.548401 49.038752
40.746505 49.348509
40.966762 49.627968
41.164527 49.998732
41.317302 50.338778
41.471058 50.711053
41.623801 51.050995
41.732177 51.453544
41.840427 51.886537
41.904726 52.317585
41.945630 52.782372
41.898819 53.244822
41.741645 53.613467
41.605451 53.951694
41.759104 54.323868
42.068725 54.510719
42.310912 54.759703
42.330014 55.192134
42.128416 55.467268
41.926550 55.774516
41.769422 56.144828
41.810400 56.607840
42.030170 56.917780
42.339661 57.104645
42.648925 57.323633
42.735267 57.724284
42.799434 58.157012
42.796012 58.682519
42.792799 59.175918
42.811337 59.699902
>
-39.932104 55.502671
-39.975867 55.516492
-40.352565 55.703560
-40.683853 55.920922
-40.881819 56.230799
-41.012491 56.572371
-41.077176 56.942310
-41.162411 57.344599
-41.294445 57.654077
-41.379667 58.054703
-41.444306 58.426313
-41.598063 58.766378
-41.728736 59.106301
-41.792146 59.478019
-41.946055 59.787540
>
11.823482 27.784495
12.030036 27.939183
12.296314 28.187088
12.608000 28.372542
12.830036 28.711929
12.962621 29.144469
13.006933 29.607389
12.938939 29.976878
12.916105 30.378564
12.848062 30.780161
12.825177 31.212399
12.869623 31.644880
12.912721 32.107688
13.112596 32.477706
13.356629 32.756163
13.668069 32.941558
13.979556 33.096526
14.312985 33.251557
14.646479 33.406493
14.957779 33.624167
15.245896 33.809695
15.513102 34.056068
15.601410 34.458009
15.688504 34.860060
15.910237 35.169112
16.133075 35.508727
16.354764 35.817795
16.531100 36.189527
16.686442 36.620428
16.662199 37.022212
16.661107 37.454496
16.705181 37.917447
16.747967 38.380285
16.592013 38.688414
16.412854 38.996600
16.145881 39.273911
15.833772 39.520684
15.499747 39.735201
15.187758 39.949786
14.875785 40.166052
14.608924 40.443427
14.296917 40.658054
14.028900 40.935560
13.784100 41.182574
13.517375 41.397222
13.316504 41.705448
13.137580 42.013614
12.936687 42.352293
12.802867 42.692776
12.669143 43.031484
12.646451 43.431623
12.622420 43.863868
12.710770 44.265776
12.932323 44.574733
13.199094 44.822795
13.331265 45.285906
13.197487 45.624604
12.996820 45.902290
12.928928 46.303897
12.973122 46.766830
13.238685 47.013224
13.460121 47.322201
13.681536 47.631185
13.814815 48.094310
13.503192 48.310644
13.058901 48.433515
12.569460 48.554551
12.125146 48.708037
11.680908 48.831001
11.258539 48.984473
10.881560 49.014392
10.481498 48.983190
10.170728 48.797941
9.993172 48.428146
9.949980 47.965234
9.527865 47.932390
9.173034 47.809786
8.995398 47.438353
8.952129 46.975448
8.907574 46.512542
8.797231 46.019106
8.374986 45.986337
7.930708 46.048447
7.464481 46.078455
6.998226 46.138937
6.532009 46.170677
6.086511 46.200803
5.665516 46.200427
5.198111 46.230594
4.821070 46.169202
4.487972 46.045201
4.220863 45.767051
4.044171 45.397420
3.777000 45.149729
3.354674 45.118948
2.932410 45.118747
2.466140 45.149108
2.043799 45.148964
1.621544 45.118293
1.288333 44.994454
0.955113 44.840190
0.643880 44.655281
0.310628 44.501050
-0.044559 44.377277
-0.377839 44.253523
-0.689141 44.038236
-1.022371 43.914513
-1.355699 43.760367
-1.711037 43.636684
-2.000400 43.451895
-2.355698 43.297806
-2.689076 43.174168
-3.067581 43.081120
-3.490055 43.081331
-3.956439 43.112036
-4.422797 43.175104
-4.912328 43.266997
-5.245700 43.112936
-5.512111 42.867401
-5.690709 42.496257
-5.935159 42.157396
-6.157758 41.849076
-6.491231 41.695189
-6.957667 41.756659
-7.402164 41.819804
-7.847701 41.944085
-8.157622 42.159772
-8.535902 42.345122
-8.912959 42.532047
-9.357255 42.686981
-9.824840 42.718103
-10.202224 42.656016
-10.580862 42.565067
-10.958263 42.502912
-11.336920 42.412007
-11.736342 42.350046
-12.136686 42.443984
-12.447644 42.659876
-12.647340 42.968781
-12.779744 43.309781
-12.912139 43.649117
-13.000537 44.018810
-13.132902 44.359818
-13.265257 44.699162
-13.532093 44.945570
-13.842820 45.193637
-14.286807 45.318351
-14.709138 45.319281
-15.153315 45.350840
-15.575716 45.321273
-15.996767 45.322283
-16.375417 45.230000
-16.797673 45.231063
-17.220090 45.201602
-17.642428 45.202719
-18.152337 45.297430
-18.574154 45.452814
-18.840761 45.699438
-19.106056 45.978176
-19.349344 46.226420
-19.548608 46.535536
-19.815130 46.783866
-20.080264 47.060978
-20.323556 47.309258
-20.589921 47.588173
-20.789102 47.866774
-21.032239 48.145522
-21.297366 48.392243
-21.740976 48.548013
-22.074476 48.394803
-22.452925 48.335088
-22.853400 48.243141
-23.251948 48.337862
-23.562264 48.554281
-23.872553 48.772380
-24.137517 49.049657
-24.403877 49.267621
-24.580634 49.607362
-24.845643 49.855893
-25.044458 50.165177
-25.243335 50.474467
-25.440914 50.783759
-25.707041 51.032330
-25.949859 51.309595
-26.281835 51.527895
-26.659147 51.714288
-26.791788 51.775822
-27.191218 51.901229
-27.345049 52.149404
-27.587750 52.428396
-28.030990 52.554039
-28.409184 52.492888
-28.764747 52.309669
-29.009565 52.093760
-29.277699 51.849188
-29.633184 51.696458
-30.032713 51.789819
-30.275454 52.038468
-30.474169 52.317366
-30.672503 52.657374
-30.871182 52.936394
-31.135595 53.215621
-31.445421 53.432413
-31.888669 53.527763
-32.331684 53.684248
-32.707273 53.901424
-33.084180 54.089741
-33.393901 54.306625
-33.725568 54.523636
-34.035239 54.742217
-34.366862 54.959261
-34.676330 55.208426
-35.052080 55.364630
-35.428845 55.551527
-35.894022 55.616712
-36.315790 55.586808
-36.692761 55.527905
-37.071038 55.436810
-37.426339 55.315053
-37.716622 55.070838
-38.071778 54.979668
-38.448898 54.890312
-38.892319 54.923473
-39.223583 55.172870
-39.533052 55.390044
-39.932104 55.502671
>
2.593154 4.290642
2.481337 4.566891
2.303134 4.844786
2.145839 5.216011
1.966452 5.524466
1.766248 5.802479
1.564847 6.110939
1.430883 6.449970
1.295807 6.789003
1.161951 7.127929
1.072263 7.529744
1.005925 7.868795
0.870814 8.239944
0.714890 8.578988
0.647373 8.918043
0.513591 9.289311
0.379826 9.628253
0.290221 9.997862
0.156481 10.369137
0.022675 10.708087
-0.112243 11.047150
-0.200595 11.418433
-0.335486 11.757501
-0.401711 12.096568
-0.535451 12.467747
-0.558648 12.867804
-0.624844 13.269642
-0.580677 13.732462
-0.535311 14.195171
-0.401557 14.627434
-0.178390 14.935937
0.088870 15.214008
0.379495 15.398770
0.646716 15.646312
0.959316 15.861654
1.294008 15.985472
1.584477 16.200838
1.897011 16.448331
2.164213 16.695935
2.476726 16.880908
2.767118 17.096216
3.079594 17.282884
3.414175 17.405143
3.726601 17.622282
3.904138 17.991890
4.037445 18.424245
4.082456 18.887099
4.126336 19.349953
4.327010 19.721253
4.505661 20.090990
4.638886 20.523358
4.682716 20.986217
4.727665 21.448965
4.838808 21.942426
4.994023 22.405258
5.216676 22.714057
5.439307 23.024418
5.685246 23.270482
6.041436 23.425001
6.419767 23.488127
6.799345 23.580051
7.177660 23.643109
7.557139 23.735076
7.891309 23.859229
8.157907 24.107077
8.358486 24.322633
8.626212 24.600942
8.848701 24.909753
9.025675 25.279612
9.225973 25.651175
9.515804 25.836341
9.782215 26.114695
10.094150 26.300031
10.338460 26.578374
10.606139 26.826323
10.917937 27.011586
11.184322 27.290109
11.428605 27.536275
11.740343 27.723354
11.823482 27.784495
>
-8.749851 -2.278103
-8.794961 -1.969535
-8.860807 -1.567620
-8.995520 -1.228378
-9.151163 -0.889217
-9.150608 -0.487389
-9.038272 -0.148483
-8.814204 0.159724
-8.544777 0.437330
-8.276538 0.684508
-8.030466 0.930057
-7.806444 1.270516
-7.537060 1.515945
-7.268982 1.763164
-7.022953 2.040969
-6.753630 2.286430
-6.440156 2.503085
-6.060510 2.563829
-5.679874 2.378631
-5.434365 2.131018
-5.300745 1.791849
-5.167112 1.452684
-4.965803 1.144020
-4.808764 0.835396
>
